ID,TARGET
2,0.051790056437111646
5,0.07062971243279263
6,0.0030457008170823928
7,0.011733317596468383
9,0.0032065240814523784
11,0.23559051630636257
12,0.027383511961095074
15,0.1709636814022466
16,0.03106594375121523
17,0.019431461890779055
19,0.017542391367959983
21,0.0035815474363650045
22,0.015208833925419989
24,0.008866846615183503
27,0.007174040902286687
28,0.021805427780617587
30,0.1329400270024781
33,0.003952513687552056
35,0.010494675894581673
37,0.021026698044108352
38,0.015236031123325533
40,0.20062707413546713
41,0.023571497703747037
44,0.005565494125151207
46,0.07018140152016117
47,0.007495032247820122
48,0.004148593578045672
50,0.006035695436847435
52,0.20150506411755756
53,0.008574283376876865
55,0.02458766555947604
57,0.0030596993194929416
58,0.00895360497774912
59,0.011525674489669756
62,0.022920683125243375
63,0.009870028810382764
64,0.01869396781089994
65,0.008526520648125395
67,0.015066157035954743
69,0.05859768702315074
70,0.0038569687598900334
71,0.01928694958934296
72,0.003871241243277097
73,0.0029527412154846263
76,0.004004284419318058
78,0.004817509996910191
79,0.030844769267494934
81,0.0031462000168743583
85,0.010584191955172503
86,0.004354343292061111
89,0.046207023796910274
94,0.09686655544226774
96,0.0037470258398835726
97,0.01582400503439488
98,0.003363852724245405
99,0.01915314042331963
100,0.2284778332397013
103,0.09064529696508732
104,0.012837674033625093
108,0.008619146385618181
110,0.0039002885620165214
112,0.022644481424979906
114,0.018049871634373157
116,0.017326965924427423
117,0.006464432054853219
119,0.005531211773166073
120,0.00393928815251024
121,0.00289489464746328
123,0.017475948607539017
124,0.03440082691924453
126,0.002997812011002716
128,0.008500066292259882
129,0.09197096782046368
133,0.0393906331397532
138,0.018351626263225725
147,0.030248774463101508
149,0.011159146532780257
158,0.003946603855213502
160,0.006763841417410922
164,0.033650291755726175
167,0.07129192372874218
168,0.011997871976362812
174,0.007504447704842265
181,0.023524788622105657
185,0.035097088481459024
187,0.004242897108589528
189,0.010972807281010005
190,0.060191549886800644
194,0.006134504845605714
197,0.011279090129184162
198,0.02067004936393222
201,0.05553290157663016
205,0.007018411645494113
208,0.12438590867939547
211,0.010341421808266327
216,0.027085989846308084
219,0.07632346603649245
223,0.004310237926906516
224,0.10397261397593086
226,0.014133835517023706
229,0.007795540008728159
230,0.022323674777607674
237,0.019249072700369005
238,0.03204529609344612
240,0.1002711418581602
243,0.0033809398486545194
245,0.13145013086183344
246,0.2236659512819741
247,0.004097780319022941
248,0.006284501921887634
249,0.003981765098455909
250,0.2769679078621157
251,0.0029379976356419145
255,0.10445248888811198
256,0.01961571338289917
257,0.0822642022647347
260,0.18373190085102825
261,0.0037899611307362423
263,0.19975548871404478
264,0.1771974842253553
267,0.007032825798349851
268,0.013928769210346099
272,0.004706590046433452
274,0.005627225513890702
275,0.004495863471704972
277,0.27767254979793166
278,0.28659222629135417
280,0.004987304626519562
281,0.01716974958684559
282,0.0912144506800707
283,0.010202288206392997
284,0.06797372853472443
286,0.020698875448977954
290,0.017159661689042555
291,0.029898738730725155
293,0.03714626264792481
295,0.08467207856292834
297,0.00295126353841824
298,0.08071038780946944
300,0.0033428959211225196
304,0.0036958308169907843
305,0.003502903717935721
308,0.003589182452714372
309,0.00629315400401941
310,0.003789957057490856
312,0.029359682291665936
313,0.1290615351888885
315,0.006587744125261482
317,0.022616732825092075
318,0.029710414206417773
321,0.006929302041901645
323,0.07735214868602293
325,0.008491197212165192
326,0.011877855587057479
327,0.021834626787718105
328,0.04298269861434768
329,0.01789305710091637
330,0.0037934175532479846
331,0.008866913538346408
334,0.04973663293326101
335,0.0063511134305083445
336,0.06692153599962575
337,0.004226076194123696
338,0.023802525579277447
339,0.014395244144529381
341,0.3202191836578328
343,0.005896547313453972
346,0.003250700157738714
348,0.0039494769414162
350,0.22335560574836072
351,0.002995100693884021
352,0.026092726083828087
357,0.057512618467660793
358,0.009013984678262536
360,0.00381758180126648
361,0.010248448948409905
364,0.014911934086882432
365,0.03318579860630709
366,0.013598626403587643
367,0.005285070710191104
368,0.004058329277588757
370,0.003955849423154395
372,0.0033135677114925436
376,0.0028629923617447556
377,0.004482522628642446
379,0.009336776626390628
380,0.009894733256947794
381,0.09369594141620165
385,0.009977224016096756
386,0.03691856155721155
389,0.05605708437005805
391,0.06448242356925277
392,0.004261019395807191
393,0.009638599822303119
395,0.015891370023512624
396,0.007426701466766825
397,0.0028845420176141197
398,0.022170267565141608
399,0.050628467023234765
400,0.00542151765975721
401,0.0071285712480984266
403,0.006149784194038304
405,0.0271334658776488
406,0.020736962207284677
409,0.008478395897919423
411,0.015815365622470004
413,0.003869111279086593
418,0.0038530047939691757
419,0.006281541544488172
422,0.026092726083828087
424,0.2566715763288999
425,0.025978551886879465
427,0.0037470258398835726
430,0.002930788587829547
431,0.014656143740004384
434,0.010353201472004777
435,0.027765469363880475
437,0.07926490294585044
438,0.003032811664658934
439,0.11468042205237076
442,0.009987281911105634
446,0.013825616634805834
450,0.04313755842634723
451,0.011025956682293952
452,0.006565147201268559
454,0.002926088515256564
455,0.003573738845233383
463,0.017678195830736525
464,0.009031022910360925
465,0.004451650659791597
467,0.16558120673698778
468,0.03845016349673824
470,0.010832896308370395
472,0.17404129148314262
473,0.015431327475178044
475,0.0039828823386217635
476,0.004008926998452415
479,0.015457456960820718
481,0.003217143611819435
483,0.03588921333828612
484,0.005525795628554121
486,0.03998659411669023
487,0.0034408490788643046
491,0.020595981202098948
494,0.007844669647058088
495,0.003295786756230945
497,0.019152294292021126
498,0.005198654679731596
499,0.010083213882043751
503,0.02945008129639896
504,0.017984707567320273
505,0.006993858976246894
506,0.005455390205355111
507,0.014988043821950356
508,0.09415188722964096
509,0.034176237702213626
510,0.004750482870046771
511,0.007426457392981928
512,0.025539886291769807
516,0.0033396515350346745
518,0.040691493578095574
519,0.005972369022848689
520,0.005580203157965815
521,0.0038968364475254645
522,0.0036360743212484233
524,0.09885085653521161
525,0.004936571101135368
526,0.003481048470330128
528,0.015330176056467856
529,0.020215337679644604
531,0.09044284043453313
532,0.22707108240105944
534,0.13298880739283517
536,0.047844775277489655
539,0.08831536681256177
540,0.010646340745576799
541,0.0036834672920633515
542,0.09662401113251982
545,0.008137466483347096
546,0.004076446199601898
552,0.012461809201392983
556,0.0029318072845219453
557,0.0036653084197817904
559,0.01025319157157671
562,0.01593346990105339
563,0.008364861505626525
565,0.04188235767033568
569,0.003073462878635172
570,0.09166718166604794
574,0.026138716203430026
575,0.009386218215347084
585,0.007311350257240331
589,0.006404517251214232
590,0.00832466671330778
592,0.00822058786394127
593,0.025307280584958562
594,0.00824647269634269
595,0.006714620899783851
597,0.0035432612542936164
601,0.0034487165107651057
603,0.012243228215350978
604,0.0028682087130432444
605,0.028867374818776725
607,0.0042982971795056885
608,0.015064906885530464
610,0.023545890997207466
612,0.03335338888004615
613,0.06599684633611001
615,0.00374350182482329
616,0.2620011347853071
617,0.030555169975610523
619,0.008319380106161687
620,0.12918800043076473
621,0.004593766002546817
624,0.025434632381045978
625,0.005790629617921773
628,0.004222582896419564
629,0.1663177556563831
630,0.038674289402946455
632,0.011067914909498319
634,0.0029721653367335934
637,0.019107467249504535
638,0.026563048226683036
642,0.014905860322935147
643,0.005060676158218922
644,0.07899633341916489
646,0.002902081211610408
655,0.00556175227562284
660,0.016076671066129377
664,0.01792661927129704
665,0.0749490114963889
666,0.003743927040021248
670,0.09963317372964176
671,0.25151888022894686
672,0.006653790279493794
675,0.00368926075423403
676,0.05522045910773166
677,0.03283276260236386
678,0.004673222441660486
680,0.0044016550736000765
683,0.15370906250762648
684,0.0145613762401624
685,0.042103692996648394
691,0.04503683136811465
693,0.0029067489229154682
696,0.0028699955363968937
698,0.004340323976737675
699,0.015738752387564905
700,0.018021613394339185
703,0.0048876138282236085
704,0.0293780157219017
705,0.004703457290638229
707,0.18732675538090163
709,0.09321787664386393
711,0.23428467135596875
713,0.011838542792759166
716,0.0034518396711492945
719,0.004230512161521425
721,0.00733176701957285
722,0.004971895613955819
723,0.013660862577066888
724,0.003320494965844634
727,0.003074705807568955
728,0.01228869725033426
729,0.003699944523253511
733,0.011119442356404422
736,0.005449199277308621
739,0.03639578017018252
742,0.23537444938412305
743,0.014929158719173231
744,0.00426971106190253
745,0.23442429731819192
747,0.004786641854484291
749,0.024287390540157452
750,0.023956478926380555
751,0.031177149529249402
752,0.0037204648586463464
755,0.003948037841957744
756,0.00292610419112519
762,0.02086697088552733
763,0.05159301466974587
764,0.018129021906639446
765,0.013600168062933616
766,0.005450478169824822
769,0.021882812524136215
770,0.1831217222357706
773,0.005356514985072896
774,0.046529418922683884
776,0.00927674720992207
777,0.011646964994013367
778,0.0046085167956685155
779,0.010592399702490148
780,0.0035002932754292886
781,0.02400564819862173
786,0.04658517468152974
788,0.004254501977992256
794,0.03127342388242072
796,0.1953712236117709
801,0.12283786490445378
802,0.016962556943531684
803,0.004901230498254494
804,0.0037506686992059713
805,0.004114423886440708
809,0.02653336888199444
810,0.08688488913589155
817,0.013318719990873083
819,0.016481901566461024
821,0.0075773649846611795
824,0.19336735451145362
825,0.005641811801639733
826,0.16196191854556144
830,0.005711255179301519
831,0.016652084627632558
832,0.0067116178172487995
833,0.006929170438639577
837,0.021568745636218852
839,0.002882791504374029
840,0.003116379595089369
841,0.04165225340948432
842,0.0038498234477464784
843,0.003789887229142448
844,0.07519134655600535
845,0.013855706780027323
848,0.025310399115011636
853,0.01790103422897228
854,0.0028362244499766003
855,0.003959444175355161
856,0.011434905540882617
861,0.004712167069050839
865,0.030248643848332396
866,0.0029122976245282805
867,0.005521734484173028
870,0.0035399635353683474
871,0.05829087138919127
872,0.01051363898973057
873,0.014110575777156714
874,0.05541375237508796
875,0.004052120989474047
876,0.005139219381424848
879,0.01545844972390892
880,0.0043813432230215025
883,0.0170630309044981
884,0.004455908818440484
886,0.015341030809626737
890,0.00420584351017544
892,0.029330088019957096
893,0.05579062093441013
894,0.035144933616096
895,0.03415419320338681
896,0.02651103702121999
897,0.00409190930165956
899,0.20332618277977657
900,0.004552781340223981
901,0.004499203972528484
902,0.22251804057006483
905,0.007642105288780355
912,0.07716318290308262
914,0.22428821957701175
915,0.06792641588446797
917,0.062002001339007774
918,0.004160372571382955
919,0.007003591271154096
921,0.0033377946148269314
922,0.013777962956921538
923,0.0038313338529474728
926,0.0030230916465218685
929,0.004547846130176922
930,0.007096993090533278
931,0.06373050952929575
937,0.004045659042274112
938,0.01411555475792018
939,0.021205581219934353
941,0.03883654389883276
946,0.0050008036968873515
947,0.009030233266073964
950,0.0034740866353715717
951,0.0037062612027320184
952,0.01101095917855833
953,0.017070423894125768
954,0.002834590872377334
955,0.006691984026680966
956,0.21918124520522245
957,0.045994985973237146
960,0.03732345337273456
963,0.2782986954987299
966,0.012449739668571836
969,0.022170915885103813
971,0.007702622762066008
972,0.004075749994189045
975,0.011739422190392725
980,0.0143132500102478
982,0.10409435863293112
983,0.003510053656869512
985,0.12717865458933064
987,0.0065899466694724915
988,0.004312927274605098
991,0.010815918172598887
992,0.002952750732321549
995,0.15272627370767683
996,0.004050035077002796
998,0.0035849455574218894
1001,0.20173573177436388
1002,0.006095366801234382
1004,0.011439683504173343
1005,0.05293361235858792
1010,0.003458221860540369
1011,0.002892932857086313
1012,0.003699509545915054
1013,0.026568175726729447
1014,0.013652340454086882
1015,0.057735954193273854
1016,0.008916195457461125
1022,0.0029664983333301514
1023,0.04244366310039452
1024,0.003920341608420549
1025,0.013633763478544511
1026,0.1501460754207852
1028,0.00472822604519696
1029,0.006334878538048578
1032,0.0868849900302951
1034,0.03092076097703184
1036,0.013290993353379844
1037,0.002961488829206937
1039,0.11757366870172033
1042,0.009877321537444214
1045,0.03346238284001567
1046,0.025921503209256975
1050,0.009198086281074366
1052,0.013530710324243722
1055,0.01190653911102763
1057,0.005116736931862967
1058,0.0033452609214145355
1060,0.003529225932820094
1062,0.006618842283985418
1063,0.03120812998469166
1064,0.05279569325514709
1065,0.01692508282385219
1066,0.003670298056013214
1067,0.19061251252841174
1068,0.0181306265653545
1070,0.0967480459791538
1072,0.016219051783705238
1077,0.22667978410448644
1078,0.008796508084325843
1079,0.0036717204802155456
1081,0.038644844547481357
1082,0.18584543378414686
1093,0.008386504401583894
1094,0.03471769507191822
1102,0.02213324000817488
1103,0.09879675542502211
1106,0.003889857454814358
1107,0.239548948104331
1112,0.04462539845262925
1113,0.003453834448617326
1114,0.01731683808490844
1116,0.003943924872222648
1118,0.014913878539454
1120,0.023545637482309766
1121,0.029688650816007765
1128,0.010215408865325884
1130,0.06109525378709905
1132,0.006932244084481607
1135,0.010212305124167032
1138,0.058514843420611654
1139,0.0037926238599400412
1141,0.013827747997385897
1143,0.15361532425805302
1146,0.15071121532360235
1148,0.026092726083828087
1149,0.01739706238358057
1151,0.0066326699667720495
1152,0.03459537651067348
1153,0.0071818733393694874
1155,0.025370228784439376
1157,0.003322355372357759
1160,0.013622028229960033
1161,0.004015588047123525
1162,0.02111559426647893
1164,0.07575732065315209
1168,0.010752801850256446
1169,0.004235004494896997
1174,0.17989073777496115
1176,0.003089268190476166
1177,0.23061144435651415
1178,0.012281825287570708
1180,0.006424417228204077
1181,0.04267626728653702
1182,0.029341395416503244
1185,0.007648935185162424
1190,0.005398418383039494
1194,0.004261389858634693
1196,0.031334195202837915
1199,0.011710822746202556
1200,0.014378627138666996
1201,0.005813047444543667
1202,0.046951235098017685
1206,0.28070565870025105
1207,0.01489802585787574
1208,0.0028975504704077623
1212,0.03531843737598953
1216,0.00302146979272033
1219,0.008933975058137554
1221,0.010520794055956306
1222,0.0038550403470936014
1225,0.01409436545442259
1227,0.009860806616680005
1230,0.017737639314182718
1231,0.014653257208763709
1232,0.009382549633111737
1233,0.0031618835984537044
1234,0.06270410002882736
1235,0.006385033432404479
1236,0.11689137920221379
1237,0.004151475798206538
1238,0.04798012414057878
1239,0.01391816136730965
1240,0.04582472078739294
1241,0.006020713977885312
1244,0.04256647593427265
1245,0.02873075821917517
1247,0.009871360098512472
1250,0.007964256012505432
1251,0.003463095381523621
1257,0.006422546005536379
1259,0.0035143937492378543
1266,0.09461780277949264
1267,0.22675591471110562
1268,0.003989074490606199
1270,0.29907342279639243
1272,0.008612879390749067
1273,0.12272164586855215
1276,0.0493194929751685
1278,0.0028857694113205968
1279,0.04419290180190315
1283,0.013589728625872207
1284,0.015658246997657606
1286,0.0047016223818175384
1289,0.023805865073006346
1290,0.003038601467864717
1292,0.005098226005846978
1293,0.03361300526588065
1294,0.19487902827141498
1296,0.07455577024698408
1298,0.007243665679876718
1299,0.10687943642307984
1301,0.004057160592368879
1304,0.02959624582269882
1306,0.00845124662578882
1308,0.0851456767666882
1310,0.021977186967012858
1311,0.0039584763722373415
1312,0.06129576867761571
1315,0.00397215189538238
1318,0.07426533846780016
1319,0.0036947722578467286
1320,0.0036078234863514322
1323,0.006048810044855609
1324,0.009520486453188893
1325,0.03057167687518356
1326,0.005265542395006025
1329,0.21272363951654094
1331,0.11271219403738796
1332,0.007120861615846385
1335,0.0033676448886866385
1336,0.18864181662239965
1338,0.03574658371279868
1340,0.09767242678157081
1342,0.003718131271011349
1345,0.00744688647382816
1347,0.0037222999313159754
1349,0.01565797369002126
1350,0.02176271286791477
1351,0.0036692045179062384
1354,0.0035193338934106206
1355,0.00679447237802947
1356,0.010290986588900805
1359,0.039650131875542824
1361,0.25982424545669597
1362,0.19146741403105247
1363,0.16847910556883094
1365,0.0061039938034343835
1366,0.024953766315779124
1367,0.02984308900921514
1368,0.003593218382434298
1369,0.00347416749001604
1370,0.017791469522959548
1371,0.02698020324418617
1372,0.137588675862323
1374,0.011700607842434135
1375,0.0989189177908716
1376,0.041527518863221494
1379,0.0036529752250709815
1380,0.010519179321674526
1383,0.026092726083828087
1387,0.07288360554655053
1388,0.10081984749147492
1389,0.004087837327042621
1390,0.042822980541184566
1394,0.028365729865492195
1396,0.18529565585470378
1397,0.010978119480531396
1399,0.013081324131323624
1400,0.021713805670852085
1402,0.1433562144472101
1403,0.03539043225582306
1404,0.0824148488768467
1405,0.03346918796862112
1407,0.011468605110910402
1409,0.00719143089893214
1413,0.0030665674945160315
1415,0.03941782272490763
1416,0.020738694208909225
1418,0.0036440706054067045
1422,0.0031834624465461258
1423,0.0029613495952572296
1425,0.00344369542814732
1428,0.015349263481153516
1429,0.008386995815219563
1430,0.026092726083828087
1431,0.08015544411221119
1432,0.004259008009506031
1434,0.003091544494473852
1435,0.003596847860416455
1436,0.26524425335479734
1438,0.0033626189532218187
1443,0.08783226320112915
1445,0.043821426707425976
1446,0.0963036258738215
1453,0.008110712957359758
1456,0.0061932667003250196
1458,0.014668020299470536
1459,0.0031910508617740054
1460,0.019232027181612796
1461,0.18848093550790687
1462,0.18945197567733882
1463,0.015740599096350862
1466,0.13104108048374935
1467,0.01139529514090538
1469,0.07689043955395154
1470,0.003068714391349566
1471,0.17501803186207118
1473,0.009640681621010097
1476,0.012492343930048997
1477,0.020432108639960127
1481,0.026092726083828087
1482,0.03839027037311998
1485,0.09933855511397628
1486,0.21207213234507533
1490,0.03068663482029696
1491,0.17654240295774687
1493,0.0040776755657698695
1494,0.09579512762562412
1500,0.00759932686293497
1504,0.01821005241243578
1506,0.0062194270680106635
1509,0.0047672802695763895
1512,0.021922316690684975
1514,0.013622195837593176
1518,0.010456358880265634
1520,0.0037243824751544345
1522,0.07361894577118522
1525,0.17740646584433298
1526,0.06302408140929083
1529,0.19404307983814803
1530,0.051543991683233883
1532,0.004165013550027456
1533,0.01744840895261594
1537,0.02954224074099722
1542,0.02512759602989839
1544,0.03492402266073886
1545,0.22779309717972152
1546,0.16847910556883094
1549,0.13424355669340476
1551,0.003549755464803531
1552,0.0035521649123979233
1555,0.018266698026421287
1556,0.0037510009802336633
1558,0.2016972441558971
1560,0.0055385326244254025
1561,0.04128229452742711
1562,0.005386204685372961
1563,0.00300870388226081
1566,0.0034209252677470433
1568,0.015496988170257438
1570,0.005227350666750129
1575,0.1133501163874599
1577,0.01403144984100939
1579,0.0037474811301737784
1581,0.00964190605565549
1582,0.08367090973796844
1585,0.06086935416310127
1586,0.003709061772964339
1587,0.004468738326644218
1593,0.02933024969057682
1597,0.07210826693186498
1599,0.01043585002527246
1608,0.004322155431463633
1609,0.026092726083828087
1612,0.04199774379607015
1615,0.003580784432897683
1616,0.013249497907473727
1618,0.03173521837138744
1619,0.003946385989845869
1624,0.00803503869877555
1625,0.07914153186421012
1627,0.009459919672335263
1628,0.2312925285779054
1635,0.0038223957917913314
1636,0.06858730971572345
1637,0.013031578252383933
1640,0.012838524204199172
1642,0.00464477404998739
1645,0.030248917974374755
1647,0.00732395133959399
1648,0.1971837586030676
1650,0.003962114151333751
1651,0.0665214248714407
1653,0.006971247181732357
1654,0.003417608556330446
1655,0.014783784371427485
1656,0.024628387452670507
1657,0.09938818648161316
1659,0.130695108229583
1661,0.1778777052702476
1662,0.021804972079053846
1663,0.11073955707957753
1664,0.04238354833878488
1671,0.015420500075546828
1673,0.026092726083828087
1674,0.005926077938422307
1678,0.0051897086091724
1680,0.030448221999669237
1682,0.026125440653370892
1687,0.003167757649950061
1689,0.004273559381815868
1690,0.012546491915939794
1691,0.01491665000043914
1692,0.025325616910175878
1696,0.007408448066505164
1701,0.06517794622049623
1702,0.026233011627590525
1705,0.009008313235038121
1707,0.033129329465772024
1711,0.016485322616867065
1714,0.061359089905293485
1715,0.15588801668391603
1716,0.045473784506856865
1717,0.005345111671191579
1719,0.004246783500513594
1723,0.004105265300966359
1725,0.0033893918975132775
1726,0.24721174161625803
1728,0.0029949554471353093
1730,0.003816579203497772
1731,0.0037679155683746023
1736,0.005493897494074006
1742,0.24669110855270185
1745,0.09463566831378918
1747,0.18355103363305245
1749,0.01635387249152726
1750,0.07927428314966051
1751,0.003261142106284413
1752,0.025829542259971992
1753,0.16055376426307086
1754,0.013318124056534302
1758,0.18117941545071292
1759,0.016218964746918783
1760,0.003638380823505958
1761,0.011430325027202091
1763,0.03677413259818029
1765,0.0973096808991742
1767,0.061547367348790856
1768,0.0040773936824344955
1769,0.005774005106361153
1774,0.026533601069818967
1775,0.06939055426334739
1776,0.0029451737353550704
1777,0.01483353381394149
1779,0.03360674589801531
1780,0.0033844126170934127
1783,0.00571148625136905
1784,0.0042873038413270845
1785,0.004115584877545735
1789,0.014127407792996897
1790,0.07079465988557102
1792,0.006120501960888685
1793,0.05798997129852681
1795,0.008316064675105539
1796,0.006658657542946202
1798,0.039668375856991275
1802,0.009585457056364417
1803,0.050250091062072524
1805,0.004207378151879647
1806,0.043673352887373305
1809,0.0076500821734592165
1810,0.00299792020656104
1812,0.016439801221437043
1813,0.05888992476409262
1814,0.08976477725173375
1815,0.01685781948572264
1817,0.017659613045197142
1818,0.04027518789999898
1819,0.019252625288630577
1820,0.017843566267179457
1821,0.21895388741878483
1823,0.0633680161281112
1826,0.011130003890241129
1827,0.02096893460197864
1829,0.2041995775135643
1831,0.0037129301905786663
1833,0.048358993371703754
1834,0.0051446190233541906
1837,0.030540054926418186
1838,0.0034318595951132276
1839,0.003606816150134834
1840,0.01227879983461411
1841,0.013707106353663342
1842,0.019445793894295123
1844,0.04105828381994633
1845,0.007029579196366123
1846,0.0029283569220559125
1847,0.003475404986860069
1850,0.003589567269591994
1851,0.028093941708182624
1852,0.0029574809627212805
1860,0.054366549665402296
1862,0.052082904172378576
1864,0.15652990544860126
1865,0.00886087433972472
1866,0.024069986987658717
1867,0.04292397564394813
1870,0.02017533573769565
1871,0.025659999581339406
1872,0.006242348673704777
1873,0.00383403980842034
1874,0.13792389928292162
1876,0.05082461573120458
1878,0.034932733155580625
1879,0.17121391333456498
1884,0.01733942112024799
1885,0.00406327909436299
1888,0.01998490907018022
1893,0.006851841565569992
1897,0.04392683949027595
1901,0.01026072941423093
1902,0.007247490561849859
1903,0.003955777587110728
1905,0.04856742150465129
1907,0.0049027583432372105
1908,0.2343349608527908
1919,0.13347680277475787
1921,0.18475206777307288
1926,0.006451447609734349
1928,0.008778178495480184
1930,0.16558120673698778
1933,0.01748862411338897
1934,0.008119771792255443
1935,0.0672650864471266
1939,0.20969923547118416
1940,0.015233171840963606
1942,0.004543442202740703
1943,0.004853536150080206
1945,0.00955840411760226
1946,0.03749600069219291
1948,0.03342397397826736
1949,0.011155252762819486
1952,0.022775736122763044
1953,0.025845443648717485
1955,0.0117450177773474
1959,0.03555232593428119
1963,0.006451709025738168
1965,0.005177934785707718
1967,0.011744753686423942
1968,0.017508690877352198
1969,0.004048178673303582
1970,0.06977092976604936
1973,0.00879234707949363
1977,0.29295861229217884
1978,0.005608428355630518
1979,0.0033480318346992663
1988,0.035178841786948724
1991,0.022467862342814726
1994,0.0029840616901873653
1996,0.004988852229590737
1997,0.00487698054877743
1998,0.0054924615741284094
2000,0.1250764481548429
2002,0.004696326100048068
2004,0.034517121833654414
2007,0.04332613789039113
2008,0.008336477714536723
2010,0.005695819304912128
2011,0.03706521656874333
2012,0.06463573192149498
2015,0.008903886735347154
2018,0.003078542644048123
2019,0.00403960331652937
2023,0.03028194968047701
2024,0.07519287387950685
2026,0.005716886504172462
2028,0.005932075017128865
2029,0.008796508084325843
2031,0.010591483140828065
2033,0.027440915084402644
2034,0.06662062024449317
2037,0.16303642347106792
2038,0.011744301285783536
2039,0.009236264959680844
2040,0.0038713266564681754
2042,0.006433386169158738
2045,0.017241149545563824
2048,0.019650193323467704
2049,0.023444092651327682
2050,0.01810261522895589
2057,0.032342036574191095
2061,0.01638877594793122
2063,0.06296948453734524
2067,0.009051680789586312
2069,0.02288209198377893
2070,0.015223326704376325
2072,0.25529148719216155
2073,0.08149983571094355
2075,0.006864518358400693
2076,0.09739295142779918
2081,0.016280467004246294
2082,0.09601921497109331
2084,0.09789737751726842
2085,0.09981604266659538
2086,0.03459537651067348
2088,0.020407738108793986
2092,0.09550818931638647
2093,0.0095823647888039
2094,0.0035751684885093086
2096,0.11993094325613558
2102,0.019271147199697233
2103,0.122663374633594
2104,0.053769897960499774
2108,0.12969175495228685
2109,0.02071397964666283
2111,0.03491568095192757
2113,0.015238055555828649
2116,0.0487626082051121
2117,0.029428347020048203
2118,0.014381941700561826
2119,0.010871912908419247
2120,0.0037285737951674074
2121,0.013063727481116111
2124,0.06640195878415828
2125,0.026945804452519175
2126,0.0046529909993017265
2127,0.22549325128928122
2131,0.0028593690020070894
2133,0.04714897856371816
2134,0.03887284374061958
2136,0.008667914383973766
2137,0.08836035354134814
2139,0.03798059562373335
2144,0.0029596502297433284
2145,0.018346830977165766
2146,0.08341118606903437
2149,0.0237434179312938
2150,0.0038347299101600778
2151,0.026617291360041487
2152,0.014307009561016255
2153,0.003721923439697761
2157,0.06731561403347489
2158,0.012867105462343596
2159,0.004547089237815193
2161,0.0036971145709996907
2163,0.006448498063371858
2166,0.023671591129417698
2169,0.009799179176879887
2171,0.09160058261477703
2177,0.01097826606521009
2179,0.08446883502263525
2182,0.003001454401584455
2184,0.15900706400700126
2185,0.036168862902175566
2186,0.004174463026462463
2187,0.004540228140053282
2188,0.020502283636712085
2189,0.0043079649505429925
2190,0.17337092655283082
2194,0.0038357783074317916
2195,0.00830021718792571
2196,0.017478766717040604
2198,0.11243524469478372
2199,0.018970112387487987
2200,0.003799737947535273
2201,0.005527936072467233
2203,0.08565743301942876
2208,0.00975424033675329
2209,0.012989397718401616
2210,0.009681205881353532
2211,0.003980961741034395
2213,0.008467804954837153
2214,0.0050415238239451925
2215,0.1899097546449046
2216,0.0038431759226631203
2218,0.0044081811931891415
2222,0.02731860191708434
2224,0.003167882861268298
2229,0.0037299121867205754
2230,0.005090393740697644
2234,0.055972235563688626
2235,0.015134229651375036
2237,0.01007918967418208
2239,0.0038328842459035097
2241,0.0050851538092601374
2242,0.004226698633156528
2243,0.004889616575202763
2244,0.0035230564170542385
2245,0.002982289297154371
2248,0.06725405356669972
2251,0.005939129063963088
2253,0.16805007374471848
2254,0.0036109109019201256
2257,0.003485535826833709
2261,0.0788662643449594
2262,0.011747645368996688
2266,0.005219383226503424
2269,0.0040029592655865
2275,0.006570755585742158
2278,0.00808431809821265
2279,0.0048824709665322924
2283,0.007876160930593354
2284,0.05309417407511249
2285,0.003463311278792462
2286,0.003038620844878325
2287,0.09964400120683226
2289,0.12920919679471718
2290,0.11016482244738666
2291,0.03459537651067348
2293,0.014393165997880833
2300,0.03818616457221618
2301,0.003632764706665897
2302,0.05714230373217644
2303,0.017090885201575257
2304,0.00319668583338795
2305,0.054729817127361795
2306,0.034491017954813595
2307,0.04199774379607015
2308,0.13212917080453088
2311,0.03469264992496483
2313,0.04296032189079121
2315,0.0029673160123349822
2316,0.02339082135751685
2318,0.1862787397472192
2322,0.004923206466877161
2323,0.0077760426274148834
2325,0.03261907041845207
2327,0.015575930204721231
2328,0.07914162416315483
2329,0.09360617394001992
2330,0.014122447373483046
2332,0.00384822150570284
2333,0.0050589566864481204
2334,0.04188643003898262
2337,0.01626990759730035
2338,0.07560888825691034
2341,0.11315019255525853
2344,0.05279569325514709
2345,0.005425313893527654
2347,0.004598176270840403
2348,0.02219914745426139
2349,0.0037101593616502525
2350,0.0041174286470556055
2351,0.024564673870086758
2358,0.03354058262509554
2359,0.07390613561456587
2361,0.017373765108715952
2363,0.01170579263916718
2364,0.0072972458453423455
2366,0.08305553958523858
2369,0.004273202270964281
2370,0.20755922847167865
2373,0.0412970711830684
2375,0.010034243527966528
2377,0.040803491826475656
2384,0.07575732065315209
2385,0.010194566083512662
2386,0.05584158809300683
2387,0.0028953315279765897
2388,0.03747821701084458
2392,0.01044194671657793
2393,0.02977329445807321
2394,0.026092726083828087
2395,0.019229348818934587
2396,0.019048964815010776
2397,0.02558477617819831
2400,0.026092726083828087
2401,0.010034832586927282
2403,0.033186420629344945
2407,0.10254638183564199
2408,0.043043122401818304
2410,0.007607390849907285
2414,0.13738387489040815
2416,0.2367204895052589
2421,0.003840793091105578
2422,0.05279569325514709
2423,0.060511985228354666
2425,0.03013406851262921
2430,0.010841235241136999
2433,0.006143589819842581
2434,0.02108218831196217
2437,0.022791437428247414
2438,0.006823943187532985
2439,0.057895095452420366
2440,0.09660835013639708
2442,0.01423584519235496
2444,0.010377561698417458
2449,0.009010226277353095
2456,0.013251190594019056
2458,0.035751251820317985
2462,0.010095218770473313
2463,0.006483889669938145
2464,0.0037868643269812685
2465,0.0064235513548283624
2466,0.004573095528739488
2470,0.11694500389422013
2476,0.008783970053916521
2478,0.030811713818246995
2482,0.20452474774789822
2483,0.008764970175309306
2484,0.14353161668560488
2487,0.0028721867414599864
2488,0.026389178867095176
2493,0.0058754667575917335
2494,0.0038208531918020247
2495,0.03532613947531074
2499,0.013830126155979885
2501,0.25267957931118107
2503,0.020230813796598815
2504,0.00634393764248937
2507,0.011736546970333
2509,0.014284564797766582
2511,0.034724525078751546
2512,0.071731502851516
2515,0.006344277082807805
2516,0.009894099880887415
2517,0.008700110775328425
2521,0.22767453231992715
2525,0.002943765301199902
2527,0.09818799731685575
2528,0.00594236522145826
2529,0.007311348760292996
2530,0.005855929131754623
2531,0.15052495766775031
2533,0.003942298117415426
2537,0.016737427113710325
2538,0.018163188030087
2539,0.020806933663695737
2541,0.006692451043960805
2542,0.12920919679471718
2543,0.003216882500553093
2544,0.0029694444905440445
2545,0.0055567160869658405
2546,0.003066427630829485
2548,0.034972617334266105
2549,0.003855648461018333
2555,0.0035988252039435833
2556,0.006784251493056218
2558,0.06510623663551
2561,0.19372499402786758
2563,0.16938632707311183
2566,0.005578873624031351
2567,0.06887104741590039
2572,0.0031615281964910034
2573,0.010317630487063086
2574,0.015442041475815958
2578,0.005303479832316791
2580,0.02079561842073654
2581,0.004572243838279311
2582,0.0037215504398666636
2586,0.05198481808670964
2588,0.003780847742479971
2589,0.05714880451540967
2591,0.009394168836133173
2594,0.04248699685451753
2595,0.011051586034331661
2596,0.08134623847526828
2597,0.003814830311471315
2599,0.008659843846471428
2600,0.015233281153087839
2601,0.02874489570258209
2611,0.004644160672065211
2613,0.010512708339813876
2614,0.0037922702445240468
2615,0.02067392645893351
2616,0.25538593383201114
2617,0.03963136383542954
2618,0.0043596903426789515
2619,0.024750912731430926
2626,0.005053409544095546
2630,0.19912762156502492
2632,0.004508387885484601
2636,0.010152074821259906
2639,0.029266529734867455
2642,0.0029233747374414545
2644,0.20812867485334682
2647,0.014394199460580502
2648,0.23603386758885975
2649,0.2512287657184516
2651,0.015445106995843833
2652,0.08863924271305577
2656,0.22242567550801243
2658,0.12683067365328696
2664,0.004039951712994326
2667,0.20210147309138765
2669,0.042565729303294844
2670,0.003923272329236848
2671,0.19346660588794137
2672,0.2182579114507627
2673,0.0034611490890368345
2678,0.010933120935635181
2679,0.012606243896652337
2682,0.003315572666430823
2684,0.005246970066385746
2685,0.03059384446905035
2687,0.0043917964300817375
2689,0.0037522380717768095
2700,0.00586116134983831
2701,0.011524388245666844
2702,0.023393188755489968
2704,0.047023419903535944
2707,0.00595383086976387
2710,0.012364347913746082
2713,0.03459537651067348
2715,0.051902924936593584
2716,0.07413941268778428
2724,0.004826736639480974
2726,0.06968478740199816
2727,0.009054462887509947
2728,0.004734475675282518
2730,0.003835970054994709
2731,0.06827239592094177
2733,0.03601673305066203
2736,0.010596809925095596
2737,0.008554702297913603
2739,0.04311575742936215
2740,0.0038469570855954732
2741,0.012887183989641695
2745,0.040075636759460756
2747,0.23470758727753618
2749,0.024773263245269184
2751,0.0029411576007085053
2752,0.025338830614497522
2759,0.17679240210471273
2760,0.0032323096923728627
2764,0.0033954854147095655
2766,0.019636141115599796
2769,0.030772987331504756
2772,0.06966648780227468
2773,0.0038539956526076747
2774,0.00721393391921124
2776,0.0037692396899240937
2779,0.009876223508439842
2782,0.17411349284448996
2783,0.006913019011351502
2788,0.004032832558343822
2789,0.008209970779729717
2791,0.013825470601261184
2793,0.02519753159102332
2794,0.0037317515349086076
2796,0.01191582140953349
2801,0.009723459883048067
2803,0.033234433510879756
2804,0.002966740571528793
2805,0.01295223046269554
2806,0.2847980106266393
2808,0.02887865117686561
2809,0.030034707865377448
2812,0.007071116698510808
2814,0.09305028767112651
2815,0.011123305949944037
2816,0.06385536218853556
2817,0.20449109895124584
2819,0.019930242052315316
2821,0.161109960512466
2822,0.014240916890447847
2825,0.012864716420171327
2827,0.0036534268148904264
2829,0.016421211018058487
2830,0.0052901977452936046
2831,0.0038119818779822523
2833,0.0037654419679211903
2838,0.019063933988531144
2839,0.03439210718365249
2843,0.003204210174562569
2845,0.012268091640481095
2849,0.013943488026881027
2850,0.004998187284840683
2852,0.012056194710474803
2859,0.006382176085382018
2861,0.003309406973251427
2862,0.02425590741376725
2863,0.011905024678980181
2865,0.008217379518615084
2866,0.1812348765849339
2867,0.059544401080923855
2869,0.0228711067734738
2871,0.003995015793388045
2872,0.013014982530405858
2873,0.2080605848374574
2874,0.004633019106640263
2876,0.020779436499838697
2877,0.00430583965288395
2880,0.08069405836251528
2881,0.006835980823766167
2882,0.0342557294379033
2885,0.0059907760387496855
2886,0.013607672775296094
2888,0.003947936478341041
2889,0.020015088506230617
2891,0.033379568135089244
2892,0.005612453549957235
2893,0.2017997968587227
2897,0.06222701521294735
2898,0.015868450408196566
2899,0.008780041327118755
2901,0.01524241366275374
2903,0.09930644680850172
2904,0.003842913306276171
2905,0.011253911086530927
2906,0.05639186645478704
2908,0.015530068809063314
2910,0.10331868537758733
2913,0.003034153201556198
2914,0.0036618216815507906
2915,0.003578406298523285
2917,0.0062935636943304545
2918,0.029436703574731413
2919,0.20165370969842414
2920,0.032779162439313024
2921,0.01049614604193389
2922,0.08956105140469137
2925,0.03690061509850664
2926,0.009504084996606122
2927,0.019783170933266345
2928,0.047459928005533586
2929,0.0033810519286227568
2930,0.00579547884883493
2936,0.002912873688751895
2944,0.003946385989845869
2949,0.005870848750643505
2950,0.0071011643876540565
2951,0.007902375852083744
2952,0.004835028940362221
2955,0.024027120671297385
2957,0.0080185808912233
2959,0.004928785565592428
2960,0.01749365524002087
2961,0.005947843329976403
2963,0.020072871629882468
2966,0.00396935794920714
2967,0.030401907834290875
2968,0.01004849267413613
2969,0.010601651976484423
2970,0.013652193955044686
2972,0.07490662279284295
2973,0.012707059825945697
2974,0.0029825561787307636
2975,0.23911676513551194
2976,0.006870990585693029
2980,0.0027852688240224033
2983,0.04199774379607015
2984,0.14404552094342876
2986,0.0038525415334253257
2988,0.011707510830934938
2989,0.03461982282708918
2990,0.0036092126335551524
2991,0.02406250984738204
2994,0.009005286381321934
2995,0.03240503625417586
2997,0.0170760701588246
3000,0.01893177116022846
3001,0.012035072820563686
3002,0.0039316224102405204
3003,0.04175728144528714
3005,0.0030397326303824076
3007,0.00292972522029586
3008,0.028372817262042688
3009,0.030531387814073677
3011,0.00984742845897507
3012,0.10711272362359989
3015,0.014134443638183567
3017,0.00594303256878842
3019,0.07931656576034585
3022,0.0318268948875162
3025,0.016753882136355248
3027,0.021932858293647994
3028,0.0034028966673599046
3030,0.008700846222502851
3031,0.0029162396145072495
3033,0.01050561194133123
3035,0.035196527975135186
3036,0.03715171254077333
3037,0.0036552458690595046
3039,0.003658850153929782
3041,0.10431300115116722
3046,0.00631247215998551
3047,0.004505763818908179
3048,0.003413518865873699
3050,0.06158352139867865
3051,0.0029173123765606577
3053,0.003484861557947159
3055,0.0830754379753159
3056,0.012878363682011073
3058,0.0126891422862993
3060,0.1649022757241785
3062,0.04926234059428202
3063,0.08458418307984418
3064,0.10372658208145062
3065,0.24079096262329722
3067,0.04993038888050254
3069,0.035596370473497944
3070,0.07859923264431863
3072,0.20565590596888006
3073,0.0077796120938618115
3074,0.003946385989845869
3079,0.03168229485145352
3080,0.12493074596823721
3083,0.031244035014156415
3084,0.00971516045131654
3089,0.009394536320122328
3093,0.0030872269505606747
3094,0.10456115117928193
3096,0.07497891238557447
3098,0.006531258214983089
3100,0.004616622962595473
3101,0.03982833817403193
3102,0.008390475926366278
3104,0.04144449743315157
3105,0.01342448566578598
3106,0.026092726083828087
3109,0.0042414488229905655
3110,0.005759293427165951
3111,0.005110444048902996
3113,0.10679810716759579
3115,0.07207470981301062
3116,0.009893908445519184
3120,0.020301492723432433
3122,0.0051640869425857525
3124,0.026092726083828087
3128,0.0054337727189244685
3129,0.010266736701565903
3130,0.03510269514012519
3132,0.01764788242347702
3133,0.004500139322692387
3135,0.01789397343999811
3138,0.006966362152133224
3139,0.024143998800508704
3140,0.18246797209984622
3143,0.005399538704710098
3146,0.1999220098047495
3148,0.18529204690040904
3149,0.08836048929043083
3150,0.040784711001723095
3152,0.09225917324614562
3153,0.07833490294397508
3154,0.06003608308342818
3155,0.01055363979961765
3159,0.021001035000031195
3162,0.003425340063952861
3163,0.28861704521777193
3164,0.00330204175047067
3166,0.02303106810614275
3167,0.0227940245028198
3168,0.0037412899270019484
3171,0.00979960067447919
3172,0.0699144638975735
3173,0.008718060906385662
3177,0.18318716935534382
3181,0.017285235386812807
3183,0.17544973250991883
3185,0.026763342784264975
3186,0.004113874435603202
3190,0.034249441809667616
3192,0.0043609443830165745
3193,0.05491935370581787
3194,0.011283349700907244
3195,0.008892923650968491
3197,0.0034111172993525687
3200,0.042122111146599396
3201,0.08515849501750913
3206,0.12381898269192432
3207,0.009263539451210848
3208,0.032935425216938485
3210,0.17785346971570068
3211,0.006242206690551889
3214,0.006277908671190982
3216,0.0034550900220042024
3217,0.009163422088482675
3218,0.04663492017426926
3219,0.0091678232565888
3223,0.007697274992821026
3224,0.007257264827927784
3227,0.12839220209494925
3229,0.004064496779682091
3230,0.003565881424821327
3231,0.023200377728411433
3232,0.005927709879250531
3234,0.21150591440211033
3241,0.004636088637526229
3242,0.0055353436164277394
3244,0.08632433938433323
3246,0.07122766024362384
3248,0.004700910477372069
3249,0.005876905221891099
3250,0.0042982971795056885
3252,0.005504542201245403
3253,0.00373923595940234
3254,0.003844458914988127
3255,0.004312180296373947
3257,0.06690089057980811
3260,0.02314163857233298
3264,0.25611113518675355
3266,0.0047182999987399575
3267,0.04805892091767204
3268,0.03627684255421117
3270,0.0029322228095225444
3271,0.01902959401149282
3274,0.02524928069159006
3275,0.003890920876812358
3276,0.017478267381283125
3278,0.05989511050203017
3282,0.003707219632237739
3284,0.01865939524444996
3287,0.004430279217587489
3288,0.025504519435355744
3289,0.03188300838979091
3291,0.1978210158196279
3292,0.032397283150823804
3293,0.00624544036275622
3294,0.0035202761231824154
3296,0.008331148296609489
3298,0.003511371211669594
3302,0.005601655080536382
3303,0.04835160561153279
3304,0.061092137414341906
3306,0.01184678419464649
3307,0.18699004524296456
3309,0.026092726083828087
3310,0.264952838955804
3311,0.006923733443728109
3312,0.014455779489785719
3315,0.0034497942544088676
3316,0.09082448922368073
3320,0.1548126576939165
3322,0.05885842919421679
3324,0.007377367597265881
3325,0.020641464501864458
3326,0.004775835615543936
3329,0.0535417991056154
3331,0.009121263184009186
3332,0.025626541482270445
3334,0.00394999014846461
3336,0.00423469739632305
3337,0.015619038871608861
3339,0.1670088699962863
3340,0.08640974865068343
3341,0.029686872998362892
3345,0.011489126220147241
3348,0.010371047963664202
3350,0.34579706434716256
3352,0.2232884319956192
3354,0.03380014614989266
3355,0.004980605255566448
3356,0.010527357612970845
3357,0.0034295399714819774
3360,0.004586138400541228
3361,0.0032020884526507715
3362,0.003165053309603281
3363,0.018628119873233862
3364,0.10329819861809084
3365,0.04090575426981492
3366,0.002959064185588293
3367,0.005092396425790445
3372,0.020127481313612687
3374,0.05000415370662382
3375,0.010102265679930174
3376,0.03184710685342785
3377,0.040856171948470715
3378,0.0037930494607352817
3380,0.09288058847478874
3381,0.04655978011670801
3382,0.10738919054254771
3385,0.012521780165613875
3386,0.006981935476682675
3389,0.025040978936628492
3390,0.00741011202181017
3391,0.19104039607243872
3393,0.003810056190694712
3394,0.0067926952460209775
3401,0.07603598673569856
3403,0.00397320822697658
3404,0.06304296370773155
3406,0.005329431880253227
3407,0.07866506366759707
3410,0.002905977754737716
3411,0.04518236131040882
3414,0.002964521184350878
3416,0.006647202454025651
3418,0.0036293604769999308
3419,0.004078096968131701
3421,0.17824337217489758
3422,0.0220362877767544
3423,0.004288907540039386
3424,0.10810869569532988
3426,0.17653375813177052
3427,0.04600056396227992
3429,0.04086343596918031
3431,0.003147242739110128
3433,0.008576930241121057
3435,0.0031792384858155775
3436,0.014131819436533185
3437,0.21155864278727488
3438,0.008917964337246538
3442,0.23484122014960165
3444,0.08441330235474899
3447,0.03423752465652963
3450,0.005636813112713345
3451,0.007501918761051225
3454,0.003737090108953368
3455,0.004388898851280653
3456,0.0034614485862520315
3459,0.003906313426723897
3460,0.02065490749361781
3461,0.008168308360230908
3463,0.012732013458106371
3465,0.011890341416225922
3468,0.00544111398630025
3469,0.03405815072995192
3470,0.006055354440673602
3472,0.08829252042748179
3473,0.012575450940026952
3475,0.00420584351017544
3476,0.010683047015511442
3478,0.003553961877765465
3479,0.08878284872270659
3481,0.2869883703583775
3483,0.07468004368721401
3484,0.0035482887199931984
3485,0.04112980673337353
3488,0.012157783870688901
3489,0.024891444369297813
3490,0.0032158970220348493
3494,0.0040678011516178305
3498,0.024775996748145162
3501,0.15241761018104183
3503,0.011138239929904745
3506,0.006321393123970073
3507,0.015390843271107506
3509,0.2343631489951041
3510,0.01681835561052707
3511,0.07930459771317887
3512,0.11106234726659739
3514,0.0032141336939343177
3517,0.03914309345285043
3519,0.006376915988818531
3521,0.005272592632087249
3522,0.026196975749030193
3524,0.032170295375340274
3526,0.03607136625416557
3527,0.00766027638389229
3529,0.00496548326497157
3534,0.008760616675087061
3536,0.003107947770860252
3539,0.03154537787102035
3540,0.011263214549343432
3541,0.00916498254390747
3542,0.015681452749137362
3543,0.08570235467859591
3544,0.17478151906380807
3545,0.08014909829142304
3547,0.01622618224503189
3548,0.07667077431054646
3549,0.2695732071250554
3553,0.0035680845129978612
3555,0.0035440949860806393
3556,0.1768153837144911
3557,0.0034140913177443675
3558,0.00527372165822271
3564,0.0036916628484769324
3565,0.0038114443093190484
3566,0.08380609471003864
3568,0.03142329778621994
3569,0.02572345429994013
3571,0.0042813903352278025
3574,0.01674847453329086
3576,0.0030333563087825157
3579,0.0802400581554075
3582,0.024082055428183348
3583,0.20033640660769877
3585,0.01413654862192596
3586,0.0033643671839824413
3588,0.00293758203949864
3589,0.00796591782778331
3590,0.06840025514864896
3591,0.1031302643455341
3593,0.005851665704490966
3594,0.01183916266913394
3596,0.04038948689157075
3597,0.00921801482035464
3598,0.0035429974827751614
3600,0.044146544433700585
3601,0.0071612064713663165
3602,0.06358303579807453
3603,0.008877952086321556
3606,0.09216474722873091
3610,0.004740999070487577
3611,0.017571911411762894
3612,0.17340602759089255
3614,0.003476873815082397
3617,0.003451674348283137
3618,0.015289628588534738
3619,0.07889931900213933
3621,0.06830308540604735
3622,0.021107783827118854
3624,0.003922436510778265
3627,0.004129946958332386
3628,0.003936961175558582
3634,0.0991269038714588
3637,0.022358031203015567
3638,0.01408074205163162
3643,0.2198083678636452
3644,0.011723884815907318
3646,0.22365876468383733
3648,0.010007258533808851
3651,0.011499563472211134
3652,0.05580451720883179
3654,0.005646593496192607
3656,0.00754703259977639
3658,0.18943369199556637
3659,0.026092726083828087
3661,0.024906713379063933
3663,0.003331676773545835
3664,0.030187695817682214
3665,0.003822833818105049
3668,0.005324748936247395
3669,0.11126809894459196
3670,0.004538484632093963
3671,0.06053181811119077
3673,0.0035208347738576824
3674,0.0029361452461896787
3676,0.034464743391910996
3678,0.03527621481845071
3679,0.007604683633898196
3683,0.0034594878840115318
3684,0.03957355880201938
3685,0.019795939753972164
3687,0.01422373980706599
3693,0.11058459600576444
3696,0.040122130641688555
3698,0.057914468159587965
3700,0.004259406449093772
3702,0.0037115745318176277
3706,0.01917951445718646
3707,0.010007796451261777
3716,0.006689167667578311
3720,0.006987048169662881
3721,0.01808450895260636
3723,0.017676319287846482
3725,0.03347361279164403
3726,0.05510249658320009
3734,0.0033018184301029443
3735,0.03548904900997325
3736,0.005515931316487688
3737,0.010224660178107903
3739,0.002984810528118024
3740,0.02167267086930701
3743,0.11991860843042443
3746,0.07722286461546193
3749,0.01355695172448798
3754,0.009540208008574877
3756,0.003792943647879591
3757,0.14765211228615416
3759,0.01163286899187373
3762,0.1290464250973446
3763,0.011065669849181864
3766,0.004062107987868479
3769,0.08942794876367831
3770,0.03166419731406757
3776,0.008832226250804962
3777,0.010219484124927514
3778,0.003761842738481455
3781,0.004459466287790904
3783,0.02529839079015544
3787,0.025671086591459884
3788,0.2493482610642934
3791,0.014234170427377226
3792,0.002902015774928136
3793,0.012878963120220133
3794,0.013017345808029294
3795,0.24240881862791835
3797,0.049398413417732275
3800,0.0780632229360454
3802,0.043219509964757104
3804,0.026092726083828087
3805,0.0060428446420594155
3807,0.06159804573474159
3809,0.01640771912354217
3811,0.005216877445871444
3815,0.11567653356825343
3816,0.09629596854084235
3819,0.17162686632087318
3821,0.004519539391943033
3822,0.1926418160541009
3823,0.007403996217707803
3824,0.04174284216309757
3825,0.011273646222428388
3827,0.011865709364009352
3829,0.028630226457051797
3830,0.1693296979497138
3831,0.003287740092133561
3833,0.016378075628628697
3838,0.05997543685059527
3842,0.16473617766696752
3844,0.03458198544835038
3845,0.003718131271011349
3848,0.01505804353656118
3849,0.003078184804048477
3851,0.013465488717980511
3855,0.04705813115811748
3856,0.013229215076588205
3858,0.5009191680585007
3859,0.035044083108671416
3862,0.004197094536749772
3865,0.09780654672725965
3866,0.03405243904392046
3869,0.005227576149921601
3873,0.06484727469223237
3876,0.20605432047981256
3877,0.05156487275785006
3878,0.02436655914651351
3883,0.007607978095404248
3886,0.04199774379607015
3887,0.00391541490709501
3890,0.014132924121010835
3894,0.0036923820399612896
3898,0.0046396016372313
3899,0.013777287167104918
3901,0.016061237990767627
3902,0.027665340664454266
3903,0.03173680539884568
3904,0.007999680381403885
3909,0.004354343292061111
3911,0.00888974359393673
3914,0.04984236749153206
3916,0.061889209601521396
3917,0.004187566698664401
3918,0.009874934598225594
3919,0.003717457591763521
3921,0.02895589490590368
3922,0.003918460306348836
3926,0.07281210915528666
3928,0.007659459181897899
3929,0.004176313433464812
3932,0.18381175183427062
3933,0.007363855769490575
3936,0.04456521767017012
3938,0.03813380645054449
3940,0.012574959061782813
3942,0.0111555353697775
3944,0.004725326185419866
3946,0.013747745008159935
3948,0.006648710191327634
3949,0.02613833136246723
3951,0.007166045885741316
3953,0.0029784781073936453
3954,0.03204529609344612
3955,0.004990913863143104
3959,0.0628766542395655
3960,0.024935743919571377
3963,0.02240833650181743
3964,0.008786549094025027
3965,0.018830603002347564
3967,0.008089006836571187
3968,0.02761079453304406
3969,0.0320330030594004
3974,0.02004172067932219
3975,0.017490763444101522
3980,0.00802085365187607
3981,0.004833808934678228
3984,0.005504161112193353
3986,0.005368175551961028
3989,0.008545499079538157
3991,0.03383016895109296
3992,0.009108145338722385
3993,0.029743313272069166
3994,0.022819663908074623
3996,0.027040836293674535
3997,0.07344139784939387
4001,0.2567921515120112
4002,0.2099160645538155
4003,0.01086019875485868
4005,0.01543544189827136
4009,0.005187763980127878
4011,0.12346672445547166
4014,0.013831559414523733
4016,0.017551263300703886
4018,0.0033682627324146423
4021,0.005877268785414506
4022,0.019967187186124537
4024,0.0036922224162671945
4025,0.03046208317205192
4027,0.23789136584639003
4031,0.006072326769157438
4032,0.008031456988128535
4033,0.009928925331360907
4034,0.17185829008550507
4035,0.03311397909881524
4036,0.049744243049673294
4037,0.026456756249634478
4040,0.005867855359832354
4041,0.17757245491449358
4042,0.010922777454663085
4044,0.03744025315764122
4046,0.003922201933023101
4047,0.0034972506725382607
4048,0.003503081411463347
4049,0.10322949758801252
4050,0.01590259475604613
4052,0.0037263857450825356
4055,0.016958283043068914
4058,0.12612425326670207
4060,0.004101194697469289
4061,0.03252200626890039
4063,0.032393533404207336
4068,0.003178912376509346
4071,0.003350809136182181
4073,0.06382728520582588
4075,0.07802055645638278
4076,0.04568817918117667
4079,0.0035466870203213546
4083,0.06062516948116623
4086,0.046787264525523224
4087,0.007310447624535912
4089,0.003798216717660977
4092,0.08099325430023697
4093,0.0073939250476611216
4096,0.012487376353231048
4098,0.007806498653360177
4100,0.0037038648637755965
4102,0.08910183925722329
4106,0.0637661620182374
4108,0.010964569722859743
4110,0.008492461705126905
4111,0.15234453977699336
4112,0.00432915103602381
4113,0.019187763914902917
4114,0.020645704334340483
4116,0.003112802014955728
4119,0.14110318150933643
4121,0.0038385553507624304
4123,0.0036959492837767374
4124,0.01097854357292729
4126,0.009287589120725514
4128,0.015427281933652615
4133,0.045786565875735055
4135,0.007318658629686481
4136,0.033860681962770096
4138,0.003580651467270747
4141,0.003626323984855895
4144,0.007430892831224868
4148,0.022628936967071932
4152,0.010384068418152818
4153,0.030552264685784654
4154,0.039284023287592715
4157,0.003617382684498727
4158,0.00902005982310052
4159,0.004734857880896552
4161,0.03163564685521616
4162,0.005267913035369784
4164,0.00990267491220822
4165,0.3041682379367114
4166,0.05279569325514709
4167,0.017155615669772414
4170,0.007530834610504706
4171,0.043047964903016246
4172,0.22761844903914474
4173,0.003921206818776187
4174,0.0034658067790546507
4175,0.004003708788280179
4176,0.025287855578323703
4177,0.09806517445346993
4178,0.0051921119942953745
4179,0.011832159285922513
4181,0.010400060177896561
4184,0.1260104905912488
4185,0.06342833324108016
4188,0.035312684600682646
4189,0.08995469744301492
4190,0.004201915736942829
4191,0.009879076024588615
4192,0.03595056308013731
4193,0.0042982971795056885
4194,0.007666097233633092
4195,0.00987640207855948
4196,0.04573263266961936
4199,0.011587918131010308
4200,0.014116392980118577
4202,0.004669719701623853
4204,0.006693265507565341
4206,0.012296362170344872
4207,0.06657311123686609
4211,0.033413841992398864
4212,0.006791381537730013
4213,0.006622922516116559
4214,0.0453648614117969
4215,0.17533465056353995
4216,0.012692167555053653
4217,0.026667426662366992
4220,0.0030420561711018263
4221,0.0039814521710458605
4223,0.003846875409178708
4228,0.026707938175217744
4231,0.04803053854599911
4233,0.04573242351076241
4234,0.026092726083828087
4235,0.03459537651067348
4236,0.0064867888499411
4240,0.0038916251791610667
4241,0.04574080918463688
4247,0.014209397882181368
4248,0.010599586907989378
4249,0.006751898921775358
4252,0.004089167255626898
4255,0.0045220910580573235
4256,0.19282392062654855
4258,0.005009468993403244
4260,0.09533512385535992
4261,0.18502476229909878
4265,0.027459957575636223
4268,0.03073917456393383
4269,0.0031194215262830443
4270,0.00703401063325722
4273,0.03667307804811639
4274,0.09933908042175567
4276,0.003460194028272872
4277,0.002896931778717092
4278,0.055046915528328653
4280,0.003698698019622627
4281,0.031088358393010777
4286,0.0378493374197673
4289,0.18391402016223604
4290,0.007148331568257839
4291,0.002896642773098981
4293,0.02315257827060103
4300,0.010761196427218664
4302,0.011617324500217982
4303,0.20077727938049195
4304,0.033049096562316076
4306,0.011918079540804911
4308,0.017210907902029803
4314,0.17680680890987802
4316,0.003254342299935411
4320,0.00555755819306853
4321,0.015209347713818934
4323,0.0053659002408583106
4324,0.014484493258927833
4326,0.011881222045122269
4327,0.009632348774293264
4329,0.01004986468539403
4330,0.04186304902711576
4331,0.006844646003546537
4333,0.003684716497177604
4334,0.005107164321273314
4335,0.2100861884466557
4336,0.007618346292376122
4337,0.006199177519074141
4339,0.013104720443595667
4340,0.03312332019408678
4341,0.03180267723060338
4348,0.0037154956088775023
4350,0.30050873256886473
4351,0.010290654038740436
4353,0.022082633621390863
4354,0.003290376885211065
4355,0.0028756963317260616
4356,0.004129595669803976
4358,0.004318716416927471
4359,0.07585783458609272
4361,0.01437788502923738
4362,0.00339745986582991
4363,0.047398777145220915
4364,0.13941387988103068
4366,0.09908344062986205
4369,0.007104182511103328
4370,0.016200386795230524
4372,0.0028691646445528447
4373,0.004385089530687969
4374,0.016993797952865125
4375,0.014784319227181304
4376,0.0038396841667375043
4379,0.23769248984802954
4380,0.007135298647444204
4382,0.1894232930402353
4383,0.0342935827834893
4385,0.004321765457981436
4386,0.03132390487868542
4388,0.00500543142561271
4389,0.008230000947588295
4391,0.004174135509639556
4393,0.20161441999256643
4396,0.009008739353324541
4400,0.028513557055927816
4401,0.005855374507234483
4402,0.00381203043283183
4407,0.0030588266491806903
4409,0.06804366367603962
4414,0.0566678187799369
4416,0.08928332939630086
4417,0.006042633615891588
4418,0.008780062424120482
4420,0.003225683382744571
4421,0.006755529031645709
4422,0.0212780532723645
4423,0.0831643631255912
4426,0.017922625963106332
4427,0.022641489287835916
4429,0.01413429635842791
4430,0.005158908667885824
4431,0.006987776060852858
4432,0.06406155066979644
4434,0.003502460392217011
4436,0.04618961639382619
4437,0.17533465056353995
4440,0.006179648984676875
4442,0.012618727351975324
4443,0.2217789173160715
4444,0.061704519035441226
4445,0.0072937556341147024
4446,0.046082607617099904
4449,0.00423390995368247
4453,0.004500378416388564
4454,0.0028956913494389905
4458,0.023553233818563616
4459,0.06137134418571963
4460,0.03554920031288365
4466,0.13944952022860663
4470,0.006218638270665919
4472,0.13339805093575888
4473,0.0782230790084534
4477,0.007257452710321716
4478,0.0035571887236778253
4480,0.01201215661614656
4481,0.005793266866321385
4482,0.06443501573312764
4483,0.00549711104400959
4484,0.00971418231252249
4486,0.008343100864471747
4489,0.023914429819071582
4490,0.007942584754946495
4492,0.22650528511715198
4494,0.05565936795218447
4495,0.07080295116771076
4496,0.0191354418528587
4498,0.0357974420310066
4501,0.026092726083828087
4502,0.004035258549085635
4503,0.0034332835869851828
4504,0.0035322747642388837
4506,0.004700053568241582
4507,0.006580387692577155
4508,0.19318492279494445
4510,0.019173878013769387
4514,0.00290660859497394
4515,0.009895921886709255
4516,0.003112296993055821
4517,0.03540305283976733
4522,0.027328556691696565
4528,0.0036621128782976147
4529,0.18817133416466889
4531,0.027910428891533293
4535,0.0036089072130940313
4541,0.008659865365291702
4542,0.005815943082264502
4543,0.029815733307686724
4544,0.005765577174932706
4546,0.0034784687274667663
4549,0.0039483961320671635
4550,0.06663131627285003
4553,0.008781871101592753
4556,0.002882837803009075
4559,0.006470388883198578
4561,0.024103140455485894
4562,0.0029481239036809816
4565,0.005227962057785976
4566,0.01186589382224068
4567,0.002849009202075747
4568,0.010186665137205021
4570,0.17230417589010805
4571,0.01035177937914658
4572,0.0794097391966154
4573,0.09831327850514063
4576,0.10760635978865125
4577,0.00445228130357366
4582,0.004839764170553072
4584,0.015654566267000805
4585,0.009178554854853721
4587,0.005659350133087644
4588,0.009725016242002666
4590,0.01647381984947087
4592,0.022556265277274338
4593,0.02320745612019843
4596,0.03184077054169757
4597,0.003953151004150809
4598,0.30385168699962645
4599,0.01008319006988834
4600,0.006018494900121694
4601,0.0038435790075492145
4602,0.0028886096301509933
4603,0.01851995356253451
4604,0.2702977035554508
4605,0.011415340501966536
4610,0.22429679654343548
4616,0.055741597558127944
4617,0.004160581814158985
4621,0.004127708811009613
4625,0.00600968428664103
4626,0.015309687120830522
4627,0.0036637457133259894
4634,0.03408830237999665
4636,0.08473211873533593
4638,0.024124132361430618
4640,0.00462008335433996
4642,0.00453995086676496
4643,0.008621926177257789
4650,0.0037649594556204667
4651,0.0706132277119455
4652,0.08849395663689351
4655,0.05406994045250269
4657,0.003608714683740747
4661,0.00373034402811425
4662,0.04686234588548914
4666,0.003525411977597651
4669,0.025000439419273605
4670,0.06676882093488959
4671,0.005342880160329532
4674,0.01909560417316222
4676,0.008752273891838306
4678,0.02126123271081643
4679,0.0208392713795427
4682,0.0035130841286383444
4685,0.004399312717450999
4686,0.009189778163976065
4689,0.00537549676138016
4690,0.005934216731984955
4691,0.0033181530135512824
4693,0.003941761141517424
4694,0.07746636900572677
4698,0.011981133706010508
4699,0.08597376659110614
4702,0.1455212202620482
4704,0.0034751484519728124
4705,0.04367488303796315
4706,0.05820906716285903
4712,0.05373142902190102
4713,0.03404297310399198
4714,0.027745027160733838
4715,0.012305075134226115
4716,0.018419773010526812
4717,0.07575732065315209
4719,0.03814950529428406
4720,0.026092726083828087
4721,0.14737006258632512
4722,0.08501632140667682
4725,0.015719406591097825
4726,0.051596879031874765
4727,0.02954231582389602
4729,0.014394462602858695
4730,0.003253254526085301
4732,0.22819442703591872
4735,0.015334014651081689
4737,0.008661386088498124
4738,0.011857683121577239
4740,0.00607457487155294
4741,0.03436195955230632
4742,0.01582126632064873
4746,0.005281886589874841
4751,0.0037185082314651896
4753,0.0039908682864989295
4755,0.006559324650602386
4756,0.031146077351863134
4760,0.008392801303540864
4761,0.007719788195222781
4763,0.003981076971919129
4764,0.029334905652700093
4768,0.09540486535381894
4773,0.01334476633259785
4778,0.007339004735083662
4782,0.0041170699870837334
4783,0.010744002515498952
4784,0.015692627830063314
4788,0.008910234516962483
4791,0.009652481744242975
4792,0.04176081844393728
4793,0.032949991921119436
4794,0.003443531891553071
4797,0.04934523482316468
4798,0.0071046319615130585
4799,0.0044193605013782234
4800,0.029470105720287625
4802,0.003352313108257136
4803,0.006769228926886724
4807,0.017952957757485944
4808,0.0500503430989451
4809,0.17861537022799343
4812,0.015600768587595753
4813,0.004217033485071106
4815,0.12859508283856363
4822,0.0034572385258484946
4826,0.03109328726362354
4827,0.016232623851369293
4828,0.0035268356106750113
4829,0.004863763292330787
4833,0.003187668402171966
4834,0.004817866948788726
4835,0.01748431988501273
4836,0.0033395804290418715
4837,0.04087645405122833
4845,0.21476121158634037
4846,0.005567865925067346
4847,0.012024828958880147
4848,0.037590494661049995
4851,0.021076095140525664
4852,0.03957167935514402
4853,0.004813020460506791
4854,0.021134159950967367
4856,0.0029492608705165265
4857,0.005988867119864172
4858,0.0038654574527172514
4859,0.016872982595687053
4861,0.007031639769485239
4866,0.07417894950033235
4867,0.004062175066006459
4868,0.074530541580059
4869,0.006775962522411353
4870,0.1693162254018952
4872,0.038800100889930085
4873,0.007893755013785718
4875,0.0065280065644217405
4878,0.005662601165166632
4880,0.006461827636202834
4881,0.1585937668163934
4886,0.1505272702825818
4887,0.005032527202824143
4888,0.08120171538695072
4889,0.0028884679712135055
4891,0.014841739838426554
4896,0.004032832558343822
4898,0.03439021449445883
4899,0.015317996532146775
4900,0.0844132980891499
4902,0.047474679800571844
4903,0.00434695013769844
4904,0.006930689802973383
4908,0.050966144498865475
4909,0.05752036261377053
4910,0.01890728436543676
4911,0.1774383556978683
4914,0.03404674125128668
4915,0.00409666662325613
4919,0.0028888890649122435
4922,0.013311350920782634
4927,0.006520571787447705
4932,0.007228109260800072
4934,0.07709310075110337
4936,0.008254931184320136
4937,0.005099701236488914
4938,0.0059677921687857375
4941,0.10115676268207834
4942,0.04819331071006921
4945,0.008770193081542524
4946,0.03472361231480288
4949,0.02916657563082154
4951,0.10006732468900034
4953,0.02944252354626716
4956,0.00916937526439364
4958,0.00592084466134786
4959,0.010453801073867702
4961,0.15652990544860126
4964,0.03622780441549313
4965,0.0323204041711387
4967,0.019639280809615706
4968,0.0035814497742835314
4973,0.007630040189521308
4976,0.003600722568022154
4979,0.0042515778147501244
4980,0.12883247299673667
4981,0.0037753848857292947
4983,0.0131605511423986
4984,0.003952012335698898
4985,0.006215883176298467
4986,0.008914156766847457
4988,0.03561885632778253
4989,0.19351175280217572
4990,0.005172014817997584
4992,0.012117470516707838
4993,0.02503899638789276
4996,0.017198323649380533
4997,0.006929815536100646
5001,0.013449439690920433
5002,0.02929113029277085
5005,0.04299100051879237
5006,0.0045688136939786165
5007,0.06919419873028496
5009,0.01608884194224234
5011,0.009445378478467874
5020,0.006983218561094269
5021,0.0037344695510207423
5023,0.1990956067115618
5024,0.07337561668207558
5028,0.07644968674389663
5031,0.01810230035684511
5033,0.013249411258937815
5034,0.004144473291134546
5035,0.034116726778675964
5036,0.013861836361764713
5037,0.010942739455723868
5039,0.12095031736785465
5042,0.07524662776273926
5044,0.004618415438107071
5045,0.0033176366777129675
5049,0.0038156836159468645
5050,0.006182626394572073
5051,0.026092726083828087
5053,0.052033926093454544
5054,0.009041092302235532
5055,0.00439389872550546
5056,0.010543436420900377
5059,0.005353268283556649
5060,0.0032937388147843507
5061,0.029694004215628008
5063,0.04321871362931747
5065,0.0034734809380055852
5069,0.003962450418509665
5071,0.04062794120608239
5073,0.07021961318542076
5074,0.1337426761444605
5080,0.0034594944049086192
5081,0.0029904324074508434
5082,0.061622862521259265
5084,0.21155977201541856
5085,0.03684353803292745
5090,0.05254939361345226
5091,0.010183641059429155
5092,0.004566959804427429
5096,0.07569320510530136
5099,0.0208800617835735
5102,0.03459537651067348
5103,0.0029085187708874955
5104,0.004136571214314983
5105,0.017495593393415134
5106,0.07429721534979825
5108,0.017856150276178817
5112,0.04385826014581793
5116,0.1736539078095911
5119,0.02368148447347913
5120,0.010543910051441733
5125,0.006616224742501469
5128,0.202504772384875
5132,0.0035303263084374664
5134,0.04645444067928275
5135,0.21316289155545004
5137,0.0028834770397726823
5138,0.039349315438828414
5139,0.005909376888943235
5142,0.05021697742166293
5144,0.006467107893150627
5145,0.07475522273025682
5146,0.016611148753586363
5147,0.21926958962377338
5148,0.006162391234386258
5149,0.008362778890783427
5150,0.009044377804412765
5151,0.007969289553467221
5152,0.009005854552012731
5156,0.008140446416600717
5159,0.0040391851941368
5161,0.0028770126761436298
5162,0.02801557803956346
5165,0.0029826928442350667
5170,0.04569542151075641
5172,0.011775229973683876
5173,0.05647990157520928
5174,0.03134268600461819
5175,0.005229318123958679
5177,0.006960547967680819
5178,0.00878302226741949
5184,0.24489828470712988
5185,0.00861435909057828
5188,0.039398819784235824
5189,0.003882461463113672
5191,0.040334475465819364
5192,0.022927407367841594
5194,0.02326940386612626
5195,0.016914539822885797
5198,0.030125955944053283
5199,0.08321235114277038
5200,0.008682189929975452
5201,0.02858929518445733
5205,0.05995294702162189
5206,0.0034113880048777957
5208,0.18334232629699493
5212,0.008336910086426848
5213,0.1880632029149054
5214,0.00789837641820608
5217,0.0053312738617948665
5219,0.10725955260073528
5222,0.008761792491303795
5225,0.007893613326241635
5226,0.007491827529723604
5227,0.020671311615673895
5230,0.0038556605247607144
5231,0.0094507047839218
5232,0.0029435128424253033
5235,0.0679712566678283
5236,0.010715487586340564
5237,0.04568156687795953
5238,0.033936896884209845
5245,0.00741890917277772
5246,0.003578761451868138
5248,0.020155597384434384
5250,0.031179123720803163
5252,0.046418741638104805
5253,0.2745713557771203
5254,0.16343603578362773
5257,0.004220572674344104
5261,0.012601079673902924
5267,0.005861339804133247
5269,0.006414185247840445
5272,0.0801803167695087
5273,0.005670432057551099
5275,0.006527396218901824
5278,0.03142985516823556
5279,0.014992547102130677
5280,0.003508922839267032
5281,0.0052093834783470275
5283,0.16793715238695023
5286,0.0036293604769999308
5287,0.00405512488421423
5291,0.016815220195627072
5292,0.03581355220583948
5294,0.024551991487925865
5300,0.22022579844668363
5303,0.04557602611962579
5304,0.04929073514704282
5306,0.02981374657974026
5307,0.018852159954257833
5310,0.009364900998356119
5311,0.00852022034288873
5313,0.047014340436464054
5315,0.012952292269778579
5317,0.011411765077558322
5319,0.004208746852134894
5321,0.010213862669604588
5329,0.19686680071885393
5331,0.033471245572982894
5332,0.0036347858959118505
5335,0.037135936512949615
5336,0.009380852107083774
5337,0.01514812240697119
5340,0.006157884757587683
5341,0.010245239473148595
5343,0.010246755372521104
5344,0.016596672040731956
5345,0.01932587354831055
5349,0.030412783629860697
5350,0.03260985212436164
5352,0.009225624703549542
5353,0.20346188160207027
5354,0.00331695759630964
5356,0.013088142857726139
5357,0.007027261554020755
5358,0.07647116514489903
5359,0.028020061138141494
5363,0.014119754793311873
5366,0.06881274025283693
5367,0.0065166571680919565
5373,0.007616956351386059
5374,0.004995574076519418
5377,0.0040688441096073105
5378,0.13938375285298749
5379,0.05461692817752206
5381,0.016621860213813226
5386,0.06334799477298847
5389,0.0039157000332588725
5395,0.0037446464967034686
5397,0.005857628644964388
5398,0.010250895485477762
5402,0.010250024964239197
5404,0.03612892008101784
5409,0.003286766520369937
5410,0.01663051775967307
5411,0.0029707997838852823
5412,0.0036582158248053514
5414,0.0030035225071389417
5419,0.06580762901617991
5424,0.004163027172684717
5429,0.004008927005548857
5430,0.02534292352081582
5431,0.01398639821894464
5432,0.003623068829710545
5436,0.029207974264045398
5438,0.05192280649421875
5443,0.033716747369521544
5444,0.01798595952903766
5445,0.0029117270428705264
5446,0.017190834618668802
5447,0.011376444611103481
5448,0.003346540101200803
5449,0.003294323679863013
5454,0.0034546592115253737
5457,0.010554529542323575
5459,0.003944960657028156
5461,0.010289612937775493
5462,0.010988603159108736
5465,0.016489817035751544
5470,0.004140614789212986
5471,0.009580611484204452
5472,0.004553348538412454
5474,0.04569434939041793
5478,0.0037634506372965283
5479,0.004867505639382114
5480,0.019934830860298784
5482,0.003300192357567946
5485,0.23559701022167182
5487,0.013007738900173064
5488,0.0028692475680830343
5492,0.008781892180636503
5494,0.009396180092045712
5496,0.004886686935623078
5497,0.006892007262723767
5499,0.05062839583347051
5501,0.009698758690921704
5503,0.014656608726587155
5504,0.04799224981445629
5505,0.013757212482964359
5507,0.06031810675130263
5508,0.07002254657226373
5509,0.018325462978861385
5510,0.05978304752192618
5511,0.039917895165823405
5513,0.027440242015421175
5514,0.07706962642510601
5515,0.002995857895351113
5517,0.006512200725922985
5520,0.002992812652510259
5524,0.0038801625504100083
5526,0.0033846756947756456
5527,0.029329444394733218
5532,0.005555898049692738
5534,0.006682639330849289
5535,0.014786312794802683
5537,0.008004916237125669
5538,0.05630758067696705
5540,0.0029706761622976994
5541,0.006747127814510325
5543,0.00925078461493195
5544,0.003689772732919668
5547,0.016027946591557526
5548,0.0146721464390383
5550,0.03533644078394204
5553,0.0038185420544734894
5554,0.05436400843527977
5557,0.005852315561237595
5558,0.007050335440789414
5559,0.17533465056353995
5560,0.008262599589296468
5564,0.004078130157891577
5566,0.22573235799575683
5567,0.01871439735406328
5568,0.006728009027320979
5569,0.004760097744574372
5574,0.052075855910282104
5575,0.05706664261012414
5577,0.017500605538359623
5578,0.027618914227583086
5581,0.034635516593137725
5583,0.026092726083828087
5585,0.022324372972314814
5586,0.005568298504363006
5587,0.01695747311668771
5588,0.03402852240261957
5590,0.017143999488420172
5592,0.012562803142707928
5593,0.007362353740895143
5598,0.0033944146962993104
5599,0.003972166213491357
5602,0.00621663508723013
5603,0.004571259420066545
5604,0.003723002141766694
5605,0.09848622077801567
5606,0.0635504415518344
5607,0.007720261616404509
5610,0.06927123589703285
5611,0.06281449757280859
5613,0.00603785190494148
5614,0.002927529648620549
5616,0.009289416246679085
5617,0.003221553909571313
5618,0.023719273916724064
5619,0.07257062469579463
5620,0.002967690783252942
5622,0.08554926983213004
5623,0.09822273594331057
5624,0.19671328155140747
5626,0.042554896311244275
5627,0.026092726083828087
5629,0.0045701406644317235
5630,0.035152356490289804
5633,0.04034522411240472
5634,0.10399512082095444
5635,0.0030650288674007008
5637,0.04048060925532941
5640,0.009112522921289331
5642,0.01370056066348243
5644,0.031238229129498068
5646,0.026451879278780635
5647,0.007284762482126922
5653,0.044239644186185076
5654,0.004656972944708821
5656,0.027313897938130285
5660,0.004035258549085635
5661,0.027561180602166554
5662,0.005284279865077994
5663,0.0075242070957100725
5664,0.0035534347404786366
5667,0.03591147087980597
5668,0.15929941098847866
5671,0.037315590215858736
5673,0.005733204329333194
5674,0.03708606580028386
5676,0.00437600757740534
5677,0.0039632238662111845
5679,0.004456700510696852
5680,0.012003629722615306
5681,0.01174491236812344
5682,0.0036232894299310773
5684,0.003413881448479297
5686,0.0044503669700344285
5688,0.27396375838947346
5690,0.2283132395442376
5691,0.011747446855532069
5692,0.013354529619151683
5696,0.012287370471587195
5699,0.02246701638887226
5700,0.0034993695026071256
5702,0.005099189806966006
5707,0.02599153625825261
5709,0.18869965650383577
5710,0.01344013693808177
5711,0.01159593206316512
5712,0.027551337994650694
5714,0.005186477293351933
5715,0.03024011586115726
5717,0.03625741649474863
5722,0.005786670123254506
5725,0.004637005711078615
5726,0.003918755465475738
5727,0.0222086876060673
5732,0.020845888903501086
5734,0.030599490469115923
5737,0.0034947512630785515
5738,0.0416394302981042
5740,0.1747551708043421
5741,0.04855993639400621
5747,0.004331943853585497
5750,0.010529811871319607
5754,0.010508817959373888
5755,0.014663381441248395
5756,0.031229682827047644
5757,0.00888399985124474
5758,0.20584806051528584
5759,0.0034793053188271195
5760,0.004010570980016041
5761,0.0036961199593751022
5763,0.012395146774872278
5764,0.008198256370712736
5765,0.06048780443854863
5767,0.009509475840599777
5768,0.0037310488041724893
5769,0.010442053179674117
5770,0.2860809990651733
5782,0.016966252567512052
5784,0.20219086833201716
5785,0.011702462591252544
5787,0.010321706592652932
5790,0.0035878294458047567
5791,0.024696989204143968
5792,0.00579451530080019
5793,0.08265763764674845
5797,0.013830325983898762
5798,0.006870256269376306
5802,0.05081153408634799
5803,0.021568384089632263
5804,0.012055512238647337
5805,0.004153997485757965
5806,0.00828162511964615
5807,0.005354751342891231
5810,0.016019872566515648
5812,0.010691110110514868
5815,0.013432006641319707
5816,0.12833037940685793
5817,0.03300652111238389
5818,0.16169537924684552
5819,0.008366794498440529
5820,0.01660721825621755
5825,0.006517938643084984
5827,0.062923983019909
5828,0.008340542851268316
5829,0.01689866088894966
5832,0.003027605954661991
5834,0.1993051796689863
5836,0.008173126725459735
5837,0.0073172916391099525
5839,0.004566455185991775
5841,0.12494792955036607
5847,0.2235426943169595
5849,0.17264783334488115
5851,0.003359417323161659
5852,0.009507901330377265
5853,0.027091864743983212
5855,0.0033168632721205234
5857,0.019753076016593676
5859,0.0034989759475721636
5862,0.03207990235398761
5863,0.004646740840457385
5867,0.0674584164714109
5869,0.003702814595999202
5870,0.003279738814085153
5871,0.0037521378285483376
5872,0.0054789673731681435
5873,0.003462076596808002
5874,0.005540853088708901
5876,0.03459537651067348
5879,0.006933514310349605
5881,0.02773391805071117
5882,0.17841741770252056
5883,0.007360772288553291
5888,0.008717083360185313
5889,0.011992884270126283
5890,0.007540914067264588
5892,0.2355786360888075
5896,0.030163286720247328
5898,0.007890706455791268
5902,0.0413320377068639
5903,0.010423684036314086
5904,0.0038550403470936014
5905,0.002934939916715117
5906,0.012319609321039492
5907,0.008913938055068692
5908,0.008306400172968171
5913,0.021351715774031103
5915,0.03125025876742191
5916,0.003321438760507962
5917,0.01170417153567861
5921,0.12116439274027523
5923,0.011384859952815643
5925,0.002885002368573573
5928,0.050542300261847375
5930,0.0036635955712419756
5931,0.07575732065315209
5932,0.03459537651067348
5934,0.010246428733484065
5936,0.003861698811680164
5937,0.21391917517310693
5939,0.2531386101083887
5941,0.16536173088603015
5942,0.010858344931165097
5943,0.0031535209658254326
5945,0.005143489613832657
5946,0.0044753230589070075
5947,0.01918405079449097
5948,0.062086142950845115
5949,0.08838175241925236
5950,0.0684442322289776
5953,0.009691366774822496
5955,0.006497044849932163
5956,0.004219491093674758
5959,0.013309019176082407
5960,0.12108993371643
5962,0.011440668704026985
5964,0.030390074778119846
5965,0.0035414987875537866
5966,0.010155901352502649
5967,0.007512343046494564
5968,0.18699004524296456
5969,0.0141241379126675
5970,0.008553252904351053
5973,0.004315620238826442
5975,0.004503831955013515
5977,0.30845070095652566
5980,0.009371354696665652
5981,0.022927407367841594
5982,0.017294361762123768
5983,0.3491125683112656
5984,0.11205034372327231
5985,0.011728208219500375
5986,0.08499704927756882
5992,0.03724673245068445
5993,0.008808823925959355
5994,0.009903019831622464
5995,0.007384976119116154
5997,0.01309029336570923
5998,0.021467786845735713
6000,0.011362941659516125
6002,0.0040862724847630936
6004,0.006699623540240515
6007,0.010524543796216076
6009,0.0038667271169241842
6010,0.014689870992776036
6014,0.08509552273731356
6015,0.033860832358525966
6016,0.08083093014880519
6017,0.008784931338462738
6021,0.011896693883393662
6022,0.003745630757104925
6023,0.07866309693105743
6024,0.0029709281555610374
6028,0.00555755819306853
6029,0.08161962207667957
6030,0.006174284459845986
6031,0.00574456513106451
6034,0.0820841600741923
6035,0.035180694973471933
6039,0.024326966262574832
6040,0.009873991449456226
6042,0.0732325010470096
6043,0.004189837684241724
6044,0.003995015793388045
6045,0.018186480426182504
6047,0.003426255645468255
6048,0.003586495408810479
6051,0.03867364301246839
6052,0.09278680426604817
6054,0.003467794635788948
6055,0.0872003758017795
6057,0.021848315518292916
6058,0.034619076375221776
6059,0.0073929946252290065
6062,0.04893310749167497
6064,0.004094806431386596
6065,0.0215369531800534
6067,0.00654420043387371
6068,0.002938770902023072
6069,0.003931525565686941
6070,0.06094527885662766
6074,0.033942975184846125
6075,0.00675414470529392
6076,0.004167542384841708
6077,0.09261512359495522
6078,0.009095956772820756
6079,0.0038249436737392765
6081,0.003831949136426761
6082,0.004247602701403245
6085,0.002871804299702963
6086,0.03761172398216406
6088,0.031227492352975953
6090,0.07266323660696365
6091,0.025823527519750797
6092,0.05255934507105964
6094,0.043073996708644285
6101,0.003951711084737037
6102,0.008854831055158387
6104,0.004964607178808754
6106,0.003688106599220801
6112,0.03521172824682297
6117,0.026092726083828087
6118,0.030829153481126133
6119,0.002854491919434298
6126,0.011839223703241464
6127,0.013065614672647287
6129,0.013112115871513204
6131,0.032079287716677916
6132,0.10240199332555223
6133,0.004885469270194238
6134,0.09261912554793489
6135,0.013099383382204035
6136,0.01879259203818731
6139,0.003985046883232811
6140,0.005311359535976238
6142,0.011527880282413038
6144,0.004370007489924508
6145,0.0049241620215085165
6148,0.038166033901287304
6150,0.2752363495227435
6152,0.014821535377794856
6153,0.003349861049805901
6154,0.06296941508481466
6155,0.034679633825217944
6157,0.008023399434294379
6158,0.22196415588753804
6161,0.062286257646884315
6162,0.015788966557208392
6163,0.09165316125644943
6165,0.08570054413932889
6167,0.0028106097232293297
6168,0.003763292017362077
6172,0.016070877224846538
6173,0.00870120206704105
6175,0.03493853909862122
6176,0.02556797235534158
6178,0.05832166795718485
6179,0.00317471396007482
6183,0.007595051269212565
6184,0.0031476373995034837
6189,0.02299529565739777
6192,0.020249478480584403
6194,0.028289374999287322
6196,0.004055403534670008
6197,0.007784654475251118
6198,0.0443357715418928
6199,0.005315196104511599
6200,0.03123058339387228
6201,0.0062143042316667165
6202,0.003522644202388034
6203,0.16285751773810808
6205,0.004872668439946605
6206,0.0560772461740168
6208,0.0071402076924859835
6212,0.003974499750168198
6215,0.003953086377145149
6217,0.06772431573807952
6218,0.12058678944477692
6221,0.0033833265426478627
6222,0.003538710068671748
6224,0.27274689297050736
6225,0.026092726083828087
6227,0.19202668539632065
6230,0.021543363038724003
6232,0.023796025837781808
6233,0.04822560322602394
6234,0.02845620923997933
6237,0.015887654338520216
6238,0.012426181515699469
6240,0.00520665973701175
6243,0.05123162627344842
6245,0.04464091896791882
6247,0.006495915210455259
6248,0.0043363317732222914
6250,0.028202431604655066
6252,0.0061495395565066505
6255,0.10540265068113815
6257,0.011855696861927468
6258,0.010354468143442288
6260,0.034889414228265386
6264,0.0030551843077839006
6265,0.07139149448512712
6266,0.0057660243815376155
6268,0.22174509143424512
6269,0.11511673681707107
6270,0.007690281647566145
6271,0.08380978821856838
6276,0.03669208796354355
6279,0.3183300112418161
6280,0.006339339436216454
6283,0.013592147082358473
6284,0.005454838616567459
6287,0.003768941833587719
6288,0.01465831208801467
6289,0.005650408946031404
6291,0.14709427353793603
6292,0.015764126388517312
6293,0.11094591223725572
6295,0.0035717304546784207
6296,0.01929253140591684
6297,0.003946385989845869
6298,0.015488641517211873
6301,0.003912138546211829
6302,0.0391619178771961
6303,0.007016882715996
6304,0.08204224640397521
6308,0.029427015016633667
6312,0.006499317543557775
6313,0.004503212312600106
6314,0.10194202001278377
6315,0.07295082356740586
6316,0.1511857159685677
6324,0.04700204322565291
6327,0.003299338060088065
6329,0.026092726083828087
6332,0.0036884961665013035
6334,0.00673943845414576
6336,0.07672262819859367
6337,0.035324941666740765
6338,0.010213922508903553
6341,0.11636498172014689
6342,0.005398480359005079
6343,0.0069418342786374924
6346,0.004936088856368331
6348,0.0464619126245534
6349,0.006553604627601405
6351,0.011693044094009645
6356,0.005559258348804233
6361,0.018296037969207098
6363,0.0028917356098139093
6364,0.005407164888024441
6367,0.0034553064990546145
6368,0.0687275600011841
6370,0.1920795882142341
6372,0.027659128398605695
6378,0.003577470015771681
6379,0.007399778756123296
6380,0.002892535014305467
6381,0.1464307177991555
6388,0.006279877095009706
6391,0.023366186561332342
6393,0.227498641524292
6395,0.0320534051758475
6396,0.00453357105665507
6397,0.00673996942709009
6398,0.0346820662575249
6399,0.003613782584595004
6400,0.10218458112043387
6401,0.011043446047090308
6403,0.018200394344303164
6406,0.05184741575128163
6407,0.002858618861196999
6409,0.07995754235066242
6410,0.004050846400994157
6411,0.00364928362367909
6413,0.029712536199826313
6416,0.21215111492068825
6417,0.1870104958907594
6419,0.00323599419813615
6422,0.022678947815418547
6424,0.005135025957813751
6426,0.00409666662325613
6429,0.003339553542645621
6432,0.004288907540039386
6435,0.06907861938880118
6437,0.003814253515946095
6439,0.01358026220125125
6440,0.009977595090974354
6441,0.018349326487389597
6445,0.01068408024508532
6446,0.0076305411203405615
6447,0.0516193123597585
6448,0.004614948477874403
6450,0.016893106529769168
6452,0.03933644815921812
6453,0.08529464025554435
6454,0.004726243512621387
6455,0.009874602987296753
6456,0.003575983249201227
6459,0.01185530719943184
6462,0.014825566841066997
6466,0.09843376517153238
6467,0.009492017489012222
6473,0.042465706919799125
6474,0.14343646520152395
6476,0.004008970531727335
6479,0.009004833943470944
6485,0.00806105878134058
6486,0.005222270474594708
6487,0.0036311402033221323
6490,0.06654242289256126
6493,0.0044334728973245445
6496,0.00495261665689703
6497,0.004115177159744881
6498,0.003852490198233016
6499,0.014716005747025666
6500,0.01508955419402575
6502,0.012555998298625873
6503,0.04907089673661408
6505,0.005673264560360266
6506,0.005496430353408223
6513,0.010097517208265926
6514,0.0067403290451615045
6516,0.006170832976099356
6518,0.0032916858666407955
6519,0.05740326110320739
6522,0.022293826422025178
6527,0.008933975058137554
6529,0.05570817545329936
6530,0.20857410469173607
6535,0.007180315726874008
6538,0.003273096373315704
6541,0.018015548593913838
6542,0.009427683610278806
6547,0.0036147398711158046
6549,0.004976870496759153
6550,0.003662323584955562
6551,0.010861273161237138
6552,0.1380024511768914
6553,0.00306556107431422
6554,0.038649736786122296
6555,0.08971822489025653
6559,0.07560577788130322
6561,0.07864990083961333
6562,0.09972867256808939
6564,0.03247482004605077
6566,0.028852358593594585
6567,0.02345047244697274
6569,0.004847002892505468
6570,0.018154269057731997
6573,0.1727560287942314
6574,0.003507281534765624
6575,0.03632873594660491
6577,0.026092726083828087
6578,0.016259459484960728
6585,0.018013017532411524
6586,0.0526999058006971
6587,0.03433740106702274
6588,0.03112358403289663
6591,0.04035289385932773
6594,0.006316637130680594
6597,0.09160597229975097
6600,0.0029070797752034565
6603,0.1891410918861016
6605,0.005518677088025844
6612,0.0029264703316638236
6613,0.004422912643182273
6614,0.0031894876821498383
6615,0.0036689804324223536
6616,0.004159098691324492
6624,0.006012046454385441
6626,0.05805753180237614
6630,0.00409666662325613
6632,0.052174877861091
6633,0.014554284062235906
6637,0.0028638596017712186
6640,0.03024184547706917
6641,0.0418397871650311
6643,0.12319040922224321
6644,0.08406259499213245
6648,0.15532310550773784
6651,0.011846133781566478
6652,0.007636517174122045
6654,0.009988673105494767
6655,0.025040978936628492
6657,0.005311407902438688
6660,0.02122870258732184
6664,0.04262138601085128
6667,0.005585137421503058
6668,0.2214518138309523
6669,0.2707857275063727
6672,0.02484456254808877
6675,0.008729527610830144
6677,0.002836027355824587
6679,0.018259901502509408
6682,0.041761717822631494
6683,0.010392465092797407
6684,0.0035643584935614587
6685,0.0070913513344823004
6690,0.014376132995391762
6693,0.007084222808203977
6694,0.0035739788440321725
6696,0.021733702447744634
6702,0.008750519721211193
6703,0.17301276896581788
6704,0.023770042358964946
6706,0.04369012020035842
6708,0.003762432352163761
6709,0.04321996155201571
6710,0.1546078750159317
6711,0.009037910429557624
6712,0.01226567078173883
6713,0.09120636942788904
6714,0.003828585820340825
6715,0.08550221373244452
6716,0.003905884714277847
6718,0.023052204378093504
6719,0.003065861284580925
6722,0.0032040977032621884
6724,0.036240784580878205
6726,0.0037361621507377763
6727,0.0093880282544117
6728,0.07575732065315209
6730,0.011146321538328013
6732,0.04976250308312192
6737,0.003750029969991625
6741,0.044896046373173015
6743,0.005262335618858638
6745,0.015431164715070332
6746,0.05700773822321678
6750,0.003985697941673004
6751,0.019359821539004222
6752,0.0822877938615424
6753,0.07162086572826584
6758,0.052002249985175636
6759,0.0039028872459147433
6762,0.05307878563108129
6763,0.05834770051009605
6764,0.2170551161612636
6769,0.03380382646349047
6771,0.005026847015106337
6772,0.06423791080569466
6775,0.0029600267201964235
6776,0.01602676766923454
6777,0.0037041636981983146
6779,0.003013805428997414
6784,0.03256418618213109
6785,0.041171427305338376
6788,0.006477061500572246
6789,0.025472279933883006
6795,0.03532348981865332
6796,0.006485720983516928
6797,0.022844718749845894
6799,0.003961019538455691
6801,0.14737006258632512
6803,0.09455863063513487
6806,0.005340804574990864
6807,0.006048488991386486
6809,0.014865504556282577
6810,0.07208113070643506
6812,0.13481366042124085
6813,0.0866690668767294
6814,0.26195123976061047
6816,0.026092726083828087
6818,0.0038060445505639345
6819,0.03196567423908771
6822,0.2028323718877003
6823,0.0029550950555416963
6824,0.004800946545766093
6826,0.0041566091845561945
6827,0.21769781957242443
6828,0.0034748771762074153
6830,0.0077896027742902834
6832,0.003975954670154346
6834,0.030839915177117573
6836,0.007855364845502366
6837,0.003908499012136243
6838,0.02737273660461462
6840,0.008446495573538415
6843,0.005447361189044009
6844,0.21799633509177027
6845,0.053739461559171545
6848,0.2016972441558971
6850,0.021557516715584604
6853,0.0039339179008953526
6854,0.015409167493282493
6856,0.0095801082766657
6857,0.010272394635498323
6862,0.0076162747623062035
6863,0.12244107994772
6864,0.004535924735491773
6865,0.04665610060287346
6866,0.010203673878729294
6868,0.01709399225264866
6874,0.016149868424039475
6875,0.006103478432409413
6877,0.00308247997457138
6878,0.01491021708296721
6881,0.005916986073853226
6885,0.04854732683373498
6886,0.10568204952239911
6888,0.011139318373989173
6889,0.5951827196258835
6893,0.04886224893628645
6896,0.003024454843037068
6897,0.08573061793645706
6899,0.024594032776977675
6901,0.06490718774403717
6902,0.04262075860814504
6904,0.003801322768195094
6905,0.08781216520477236
6906,0.00400209768460556
6908,0.09108001423827727
6909,0.04331643089946769
6910,0.24472640435208845
6911,0.009782449800408799
6913,0.004400591298555825
6914,0.0034582323318682563
6915,0.003819809602967511
6916,0.07314566715471132
6918,0.003422782222945081
6920,0.003502921831168537
6924,0.02165145367410869
6925,0.016004550766283723
6930,0.05749482135047982
6931,0.07446751535419703
6935,0.005121068470808261
6937,0.08555994273030688
6939,0.004575737739908719
6941,0.0038553244754460933
6943,0.03947157272642134
6944,0.002967258594731203
6945,0.0036681741269544306
6953,0.0036610044825908985
6954,0.05646774895978449
6955,0.004955451722497856
6958,0.008019058321066481
6959,0.03563289649218957
6961,0.005241916846605168
6964,0.004132607748376189
6968,0.003536885585098792
6969,0.05158584695992662
6970,0.04212899846592583
6973,0.15492917995292055
6974,0.012604517798115342
6979,0.0067620594651898215
6981,0.009871812428598883
6991,0.0051899654138069335
6992,0.07623166513324532
6995,0.009854108596443303
6997,0.017381247203202697
6999,0.0067161376405353536
7000,0.003156652258657935
7001,0.020640562413389966
7002,0.03558464153274821
7007,0.010740603244935889
7010,0.2224173593942406
7012,0.021570491362072012
7015,0.12439958490081285
7016,0.04867274281815732
7017,0.003926303946109472
7018,0.03471960966216185
7023,0.004317303546437408
7024,0.007920656538128495
7025,0.00999607596556668
7027,0.012000787791144886
7029,0.004943239335835029
7033,0.00373219663904512
7034,0.0037233816212549472
7035,0.005172337889530042
7036,0.003955665819646852
7040,0.004108772628408154
7041,0.24312655834458327
7042,0.0102141311043939
7044,0.00739626840951815
7046,0.15428901765984743
7050,0.004911307813267184
7052,0.0034954205254799126
7054,0.0068932435922473955
7055,0.02035256981037578
7059,0.012523458384304983
7063,0.12707261543218756
7072,0.029972826044829717
7073,0.06619412216029616
7074,0.006670308807365451
7077,0.05765197245763906
7078,0.016302211489438532
7081,0.0036995113314337927
7084,0.008239408626771074
7086,0.031335939084712605
7087,0.004099243392268433
7090,0.003656236853390164
7091,0.013420490414619398
7092,0.0035312407665722884
7093,0.0034247170454701718
7095,0.003236260830202558
7097,0.035179875075140754
7098,0.00701739932902856
7099,0.11448033167636819
7103,0.003329859293506696
7105,0.004018763217588678
7107,0.010532617214377673
7109,0.05555814410010418
7110,0.08797417291808436
7113,0.03856970605130669
7114,0.02982177670039339
7115,0.006664700410879056
7116,0.03383930854473555
7118,0.02005443680409761
7121,0.002843312934678537
7122,0.019296629624011633
7125,0.010912386281974875
7127,0.02155757766332776
7129,0.23241465318889215
7132,0.0029586107742950642
7133,0.0033702680251762917
7135,0.023046621695502516
7136,0.015002394873782705
7137,0.23239862760696714
7138,0.01806172761717404
7140,0.010529494738408597
7141,0.004224126620903968
7144,0.007090432681358218
7145,0.06551975047428281
7147,0.19273325336767747
7148,0.28295656948995146
7149,0.16343603578362773
7153,0.17355820534931996
7154,0.0037749630092129456
7155,0.014130963822193834
7159,0.014989177790644296
7164,0.011229857858744467
7167,0.004110612768624512
7168,0.01426921044649832
7171,0.004048273800311709
7172,0.005794618387780399
7173,0.038051895100835974
7175,0.026092726083828087
7179,0.16228728290179226
7180,0.1465358905775416
7181,0.0037906069669759405
7184,0.010228170586743935
7186,0.0036252935194569084
7187,0.1771974842253553
7188,0.0037561378075971086
7189,0.009226042151174821
7191,0.03121073304907423
7192,0.003056054999200915
7193,0.007485608200677526
7194,0.02064015979935336
7196,0.0032541865307535458
7200,0.04643438068608616
7202,0.009903019831622464
7204,0.024885460293482993
7205,0.004306882782278399
7207,0.13859885166491295
7213,0.01170132414189934
7214,0.18165673731809362
7217,0.008464708389447734
7220,0.025270941090578175
7221,0.009871273192043381
7222,0.003498866675775729
7223,0.017558796864325987
7224,0.10049448905471496
7225,0.003274196165975325
7227,0.007614235855098433
7231,0.10921395599553677
7233,0.003607155813133529
7235,0.004670988644394646
7236,0.004396024662237441
7238,0.020048636628048514
7239,0.0028700374041997403
7240,0.033321098412560826
7241,0.04773892962494239
7242,0.19686680071885393
7245,0.20173832989489696
7246,0.07688462222628577
7247,0.009843475047077839
7249,0.0038063629978272516
7253,0.08590504258652687
7254,0.006806680180570486
7255,0.004307006253543759
7256,0.09793889412707327
7257,0.004053557391291709
7259,0.02435257205997599
7260,0.009110431982764578
7261,0.010145962741612018
7262,0.003765304609992103
7264,0.003925312802390686
7266,0.0035466672632435137
7267,0.003940606717655382
7272,0.0056075112500315405
7274,0.288747899569756
7275,0.02002305869374012
7276,0.1736493097781073
7278,0.010756529349960605
7280,0.0032127462702771256
7281,0.003697062089806835
7282,0.03695832596868201
7283,0.004862236932086674
7284,0.036539034723590005
7285,0.21658292783901034
7288,0.020694759243631587
7289,0.013691712361725042
7290,0.0036417774995454533
7293,0.1714638424186032
7296,0.0029653229393265933
7297,0.029089273495516193
7299,0.005172765723174664
7300,0.0035953086535290093
7302,0.003226479074770071
7303,0.00847528460907254
7310,0.00356472218874482
7312,0.026754001001167826
7314,0.03423592267131872
7315,0.014668539761867634
7318,0.14815556009707098
7319,0.021924228773037895
7320,0.003447380514170315
7321,0.00871001896146429
7325,0.0038711594662935124
7330,0.10505371095148495
7331,0.19547059145404358
7332,0.03329554648456302
7334,0.006914631975579129
7335,0.026092726083828087
7336,0.005704813164664822
7337,0.07961687821501001
7341,0.09957436566855411
7345,0.005172461096819445
7347,0.005107439340309273
7350,0.021164164448397194
7351,0.00891414919975076
7352,0.007762256567231915
7354,0.0044933696889092045
7355,0.0031280651906052674
7359,0.009494756289389481
7361,0.16088880349542942
7362,0.006145878396632898
7365,0.008543364759537105
7366,0.012638619177867239
7367,0.026393189728342738
7368,0.026243272117370587
7369,0.0067302699215542475
7370,0.0145613762401624
7372,0.010291071360459623
7373,0.07759590186561727
7375,0.004855383582636062
7376,0.0035501319701892724
7377,0.10147327779628286
7378,0.0032495647989886295
7379,0.007178837122720305
7380,0.038392612351875036
7381,0.03867341438212223
7382,0.004417542295990977
7383,0.002882591912113542
7386,0.1889272991051977
7389,0.10622835410304154
7390,0.02604387887409454
7391,0.03714163082492643
7392,0.0033849159596283512
7394,0.005054774316206793
7395,0.004000698482445546
7397,0.29767423660426245
7399,0.004003519773266887
7400,0.03133782821905614
7402,0.05946978419527828
7405,0.0029339426431746877
7410,0.09875493126677051
7412,0.0037219200221371516
7414,0.04153140974051158
7419,0.00346253248012967
7420,0.013967700749654437
7421,0.0036308235001643084
7422,0.0052411709576806265
7423,0.004167081193636301
7426,0.0036032940717519693
7427,0.00893635258522289
7429,0.003981765098455909
7430,0.11827523624677541
7431,0.04363792959776474
7432,0.06997884125048523
7433,0.06270940798604799
7436,0.0035177649808119504
7438,0.06714044901583215
7439,0.10443770815421594
7440,0.015311736889322252
7441,0.012277776434534381
7442,0.00721675967190578
7443,0.018828754375092415
7451,0.007614254122059747
7452,0.0038322689716036194
7456,0.0217008316143219
7458,0.03850983998212775
7459,0.17906066152892294
7460,0.003930820360105805
7461,0.0038328925444558576
7463,0.024782354631611225
7464,0.0074039602155653115
7465,0.004432455144792112
7466,0.020664641979281518
7467,0.019125274059598945
7472,0.0039906899222085426
7474,0.006061582669641233
7477,0.07029712411398115
7481,0.01162729365203685
7483,0.004278891117901209
7484,0.07824566104361773
7487,0.004509919371327136
7488,0.006652412579658372
7489,0.015949353430468965
7495,0.026092726083828087
7496,0.0035367065052609717
7498,0.005144387032397471
7499,0.0029441248251973425
7500,0.003929888109888099
7502,0.01557769569668639
7504,0.0035414528997933805
7506,0.02084335661678828
7508,0.195149716678598
7510,0.003981581845085868
7512,0.005686044229898547
7513,0.05580819578364767
7515,0.06669662837389494
7516,0.0038019524135837783
7517,0.11153261798306496
7518,0.035210477435434796
7521,0.0036059185260863083
7527,0.038337849785161436
7528,0.25513006664643495
7529,0.05279569325514709
7531,0.00418799317905624
7532,0.09721815499675387
7535,0.019186639754928278
7538,0.016285882048265494
7544,0.035785976382304296
7548,0.006114233752520964
7552,0.09470141652551842
7555,0.060996345011420185
7556,0.01565553534795129
7557,0.03286663511935909
7560,0.013694986902423503
7563,0.0037638056617342063
7564,0.13210323757471815
7568,0.03755258480580654
7573,0.005438989132121262
7575,0.1764828972755917
7577,0.041094894594805885
7578,0.004187971108222503
7580,0.023259045799695573
7581,0.034718752441723726
7582,0.1157867269103889
7583,0.06381996477606001
7585,0.026092726083828087
7588,0.0027864739965478506
7591,0.005554687677870834
7593,0.0034091516108946357
7595,0.03549111041936217
7596,0.004479096045464522
7599,0.2007816517160014
7600,0.04281303994326095
7601,0.003605517634933197
7602,0.003785402699346405
7604,0.054366549665402296
7605,0.010177615466960397
7606,0.0038636073171895804
7610,0.006100428160483822
7611,0.012930048823457448
7612,0.05108751331365542
7613,0.012124783578131959
7616,0.015411401108799029
7617,0.0037643008080812087
7619,0.003613706772201581
7620,0.007093461392482556
7621,0.09772517274576528
7623,0.003495759373853994
7627,0.16783192529906352
7628,0.009104196923080662
7629,0.03678889897354463
7630,0.20052124413288563
7636,0.006553470758295153
7637,0.036993289690514984
7639,0.032796748574738833
7641,0.004315528369752264
7644,0.14850864659316929
7645,0.0043694978073836694
7646,0.023094971401268923
7647,0.002983003212041456
7656,0.03808085280178943
7657,0.008689779053042178
7661,0.010909501425759483
7663,0.008478245143778831
7665,0.0182902365292347
7669,0.037457802214307334
7670,0.0365312217673243
7672,0.13660709844632693
7674,0.0036496946330287104
7676,0.009964346868375757
7678,0.004129946958332386
7680,0.032484755891053575
7681,0.007204722721739272
7684,0.02149532528022265
7685,0.039441524798547255
7686,0.006251409227050021
7688,0.061000232270477024
7690,0.0037264535556004843
7692,0.003456452858799882
7694,0.0059996212237847036
7696,0.0029687822568631294
7698,0.033236969046057115
7702,0.003791593055839769
7706,0.011731511510883343
7708,0.0038438774662473627
7710,0.034557673370962744
7712,0.03204529609344612
7714,0.003426511537129679
7715,0.01511416143827741
7718,0.013798748827606044
7719,0.04991122280904656
7720,0.024059051838208605
7725,0.004449323804572625
7726,0.006156262992232672
7727,0.0029390342658328966
7729,0.15764542555458394
7733,0.003870493991056667
7735,0.008412710262577793
7736,0.009876920335564521
7737,0.013523555465862683
7738,0.0038253313275786204
7740,0.15151521744546723
7741,0.010982443140631843
7746,0.007030503829247342
7747,0.00356164382439942
7748,0.0036400452086242934
7749,0.011469453720111563
7751,0.003759439957351966
7755,0.060670106578584536
7756,0.09790874315163549
7757,0.027917057541090928
7764,0.005332745386522816
7766,0.0037287057598320555
7770,0.0035009157431252326
7771,0.003799216238986541
7772,0.035216928609164144
7773,0.019712545874717966
7774,0.052943576876350665
7775,0.03304626286067872
7785,0.002870152475529514
7787,0.019197939180091956
7788,0.002844072258022981
7789,0.07442636522055278
7790,0.06523045386806668
7793,0.10069074021042507
7794,0.008178018025671665
7795,0.03521904811979235
7796,0.09499068687131862
7798,0.010170615026391322
7799,0.0038160330856976668
7800,0.019628716910833004
7806,0.003458214862913807
7808,0.004265888404889335
7811,0.0038700704544079663
7812,0.007854471679468015
7813,0.025397907315494874
7818,0.004329179700562425
7821,0.018900063922267264
7823,0.014125235529039517
7825,0.00486591475164144
7827,0.015476726885160424
7828,0.031042613096773235
7830,0.10375252044819021
7831,0.006751398706673412
7833,0.004973123957441017
7836,0.0044927306213818075
7838,0.007421876891237561
7840,0.011159289725475877
7842,0.005088609975638636
7844,0.00577760576772953
7845,0.01698734067325699
7848,0.010851131274650799
7849,0.15511744424671042
7850,0.06094466857828615
7851,0.0069007330061403626
7852,0.0456816192356894
7854,0.06901828989823978
7855,0.01164626361868221
7856,0.009762213839772887
7859,0.00852361766254225
7860,0.0996115385710078
7866,0.003925090469195419
7868,0.008666779645710781
7869,0.00343709553788556
7870,0.013747221400789338
7875,0.011612986785896985
7879,0.07500238904749665
7880,0.005713474477376903
7884,0.0032237354337951466
7885,0.030906616054988064
7886,0.044509427677569796
7887,0.003840788626968789
7890,0.2670036658732415
7892,0.004049319599654662
7893,0.04460259434081968
7894,0.06571571221101576
7897,0.01324972869927093
7898,0.05805457824729807
7899,0.04703601545237697
7903,0.014474140517813455
7905,0.012631444311652428
7906,0.004362769746414377
7907,0.0029828250036435873
7909,0.15444638773216862
7911,0.015643253670827778
7912,0.006734842263687246
7914,0.032698811931617076
7915,0.009815022126155577
7916,0.019357211298865248
7919,0.004152634526005124
7923,0.012519780189522324
7924,0.007138961709608087
7926,0.0070829290967055454
7931,0.025040978936628492
7932,0.018828262757896154
7933,0.05758765432102565
7934,0.04148435923908254
7935,0.0309090354849251
7936,0.011589250318563692
7937,0.0816273707084246
7938,0.01092397675021716
7940,0.03207711100141791
7942,0.0035283212762633885
7943,0.038101972943675885
7944,0.0035323335248060297
7950,0.003467662378164273
7951,0.04745906868618175
7952,0.06435911841260641
7955,0.003959443153953664
7962,0.03922212554594711
7963,0.19686680071885393
7964,0.0037924802415013853
7966,0.021995468612344908
7969,0.003922299899320195
7972,0.009394922470178906
7976,0.6169109732341439
7978,0.19686680071885393
7979,0.010280349109635456
7980,0.00933878154759284
7982,0.045726051420631346
7984,0.00426800750018178
7986,0.17742092589901387
7987,0.13861934078958912
7988,0.1928139293934039
7990,0.01624814186236322
7992,0.0035755301086783484
7993,0.2287373099406588
7996,0.004536433025823828
7997,0.01246191752215921
8000,0.009450709773537532
8001,0.1777901707581291
8002,0.0037260270346379156
8005,0.032965083699047396
8006,0.018101386597150323
8011,0.0035016329690407853
8012,0.007377011628814466
8013,0.19546589746489781
8014,0.4750120433815914
8016,0.006625004669959761
8021,0.0034530851839523723
8023,0.019394145437212598
8024,0.021870458698188665
8025,0.0324072176399826
8027,0.13708590781803867
8030,0.201850384455988
8032,0.06549145477554257
8034,0.007966433076220403
8035,0.0030516849911209373
8036,0.0033161580730755444
8037,0.3218987115706048
8044,0.05987883782027597
8046,0.34263658041453005
8049,0.04066718091507268
8052,0.07575732065315209
8053,0.009229107378635033
8054,0.06713970906389921
8055,0.22195021545352758
8056,0.003407441219811471
8061,0.04568015647937607
8065,0.02552633843061676
8068,0.010042493640398473
8069,0.0032413033307607596
8070,0.00398154091077766
8071,0.08051849466652909
8074,0.029062999138794492
8076,0.012716781614421148
8077,0.07364021937804037
8079,0.0031511556499476717
8080,0.004078045362568404
8081,0.003966622797595521
8082,0.0037403193100686233
8087,0.22532460092668785
8091,0.01456560783288963
8092,0.004954512473552255
8095,0.01575809691149155
8096,0.010535807518643383
8098,0.12564820891796674
8099,0.23221558771522255
8100,0.013916606157349362
8102,0.0033719216748522153
8104,0.011092275818249227
8105,0.044111363850744136
8106,0.0039452101784886616
8108,0.2541317534139689
8109,0.16578014420418227
8112,0.010256264759958587
8113,0.012002495808867262
8115,0.14670605187410365
8116,0.011475325738370293
8119,0.07922247341375947
8120,0.013669936131686617
8121,0.004867752673216661
8122,0.12138526369919697
8126,0.08333702596511197
8127,0.0029065635906801064
8130,0.0038321541063318526
8131,0.036921952039975205
8133,0.04931593648874368
8134,0.03726611213088464
8135,0.18900623596295849
8138,0.00280659570490023
8142,0.003666411014790115
8143,0.005649577887851891
8144,0.016298948760163492
8147,0.0034111512173946074
8150,0.03845543024209187
8152,0.003986482683725085
8153,0.010626054989174032
8155,0.004875838695226067
8158,0.01584532175498529
8160,0.003942337580086531
8162,0.0043688000906184285
8164,0.0044754341413411084
8167,0.0036092803714175693
8168,0.003595656087440792
8175,0.015656934551346167
8179,0.006144029078229129
8181,0.009121636235805586
8182,0.016859954189233972
8185,0.008787925847378688
8186,0.012011660152727302
8187,0.008703302435392921
8191,0.008698821489103361
8192,0.0063139774205312
8193,0.05927819391661263
8194,0.08117244566412325
8195,0.061677885821301834
8199,0.03226496399154755
8201,0.017946451021136216
8202,0.016075815936897952
8204,0.019502559928623805
8208,0.011772190886491547
8209,0.013127008482372488
8211,0.0041192894239664365
8212,0.0029636894981491203
8213,0.04002061291059106
8218,0.005945985514197846
8219,0.0987610718755676
8220,0.013652468322044708
8221,0.04998860766923004
8222,0.00813797592219159
8223,0.004256049759823706
8224,0.003564144539268161
8226,0.2676179646486583
8229,0.03535675731098077
8231,0.027071492053569502
8233,0.007723931015300352
8235,0.0036163147225621965
8236,0.038054062299538914
8242,0.00462368497593034
8245,0.11302020730014345
8248,0.011829160631864124
8249,0.026092726083828087
8250,0.1123916826875775
8251,0.006383967568972851
8252,0.10727188431310496
8253,0.007367985111470193
8254,0.002854956610127937
8255,0.003499259011364451
8257,0.009998525758662875
8258,0.003870154625300861
8260,0.052372087163169094
8262,0.005607988082218522
8264,0.03278109143992482
8265,0.029207421338360597
8267,0.026092726083828087
8268,0.004620572272403649
8271,0.002906323591831925
8273,0.05065240020094442
8274,0.013665998998267198
8276,0.0030704218865491052
8277,0.022678947815418547
8282,0.0029632462839605522
8283,0.0028170794972515183
8284,0.008966514653689538
8285,0.026092726083828087
8286,0.02720603798133538
8288,0.011305227451782867
8289,0.03152599229135695
8290,0.0036900882689651577
8291,0.007890621338000675
8292,0.007727383957410253
8294,0.18980694534464473
8295,0.007075845012738467
8296,0.014116235743863743
8297,0.03587550509405824
8299,0.0033483588286901686
8300,0.0033869256520751246
8302,0.022642578728958702
8303,0.01359090520999483
8304,0.0042072374053996045
8305,0.004898986100163318
8306,0.048561263907295364
8310,0.0052735571107641165
8313,0.003022255323660773
8314,0.014515208093755352
8315,0.0038373916480501768
8316,0.020594369354452358
8318,0.044921080932802324
8319,0.00709489896112758
8322,0.03603655824422706
8323,0.021602908774997896
8324,0.05610492264526993
8325,0.030365463565343743
8330,0.004391878933106448
8334,0.07212328473736691
8337,0.0030291430333858754
8340,0.008735515133433857
8341,0.003584805060679059
8343,0.0038997980728804147
8344,0.039647993641981946
8346,0.07213127270795072
8347,0.0038003997735923476
8349,0.09031337841454058
8350,0.005723257756928443
8351,0.004134541082251396
8353,0.004953280796326343
8354,0.04641004362551288
8360,0.05985785888641812
8361,0.1647735976680608
8364,0.08068115592111832
8369,0.03459537651067348
8370,0.028935773074224267
8371,0.026092726083828087
8372,0.007088907411095989
8375,0.004715690002868611
8377,0.12494855345192404
8378,0.008775445856106534
8379,0.18923182777668138
8380,0.005716886504172462
8382,0.059627523983504974
8383,0.016502780420492292
8384,0.007838931302142717
8386,0.005928723870895387
8387,0.03827525337201014
8391,0.20157865203171757
8392,0.021126264411214717
8393,0.005754695777559635
8394,0.0036036952708735385
8395,0.00682379237920295
8399,0.09865121507691785
8400,0.04448356521376306
8402,0.011177760361831065
8407,0.019882919016792445
8410,0.04460745991807001
8412,0.007741565306680334
8416,0.002888003761877942
8419,0.13133297639918215
8421,0.20331788488365243
8423,0.004301615966939197
8425,0.04297059177243903
8426,0.008434681266259394
8427,0.0036796237433089807
8429,0.019256502307859715
8431,0.003761900964210658
8435,0.24404430906531044
8437,0.10535002886953078
8440,0.003994506691843468
8442,0.003701836957715448
8445,0.04370824946936897
8453,0.021740868115963582
8455,0.020781282944983326
8456,0.005808979564427474
8457,0.011514462933773782
8458,0.15259295405940682
8459,0.0033872855689059725
8460,0.03830642955764098
8462,0.007122954326377175
8463,0.008823365076732778
8464,0.0036994942276897
8468,0.003699527439776153
8469,0.15734329168756941
8470,0.0028933658099321276
8471,0.007545076910904119
8472,0.01613010390912636
8473,0.012153846787534787
8475,0.054476873679124786
8477,0.022121235068808757
8479,0.010077526897631162
8480,0.00302391668531982
8481,0.046256338740897886
8485,0.1114165828943218
8488,0.009903019831622464
8490,0.03590371650113334
8491,0.0039674078876080566
8492,0.005724976003302815
8493,0.008541823078110015
8498,0.03544709731206388
8499,0.020360980421280768
8501,0.007098321696917319
8507,0.003092305050238724
8508,0.005841464133855069
8510,0.006173359838672477
8516,0.025256215763833217
8517,0.010007799291512251
8519,0.013916556954023109
8522,0.02668714473352228
8523,0.003251580799879001
8524,0.005377533003401274
8525,0.04762641698929097
8530,0.009130702795241565
8531,0.09648292319333114
8535,0.23871686511642246
8537,0.03461911689275944
8538,0.03219699975316248
8540,0.009497606864290688
8541,0.004238774700947239
8543,0.006269350573843848
8545,0.010456882460937518
8547,0.03171341484334308
8549,0.02511355164494597
8550,0.05288941616060097
8552,0.004150473572361059
8554,0.22867370917586144
8555,0.0036191081930238194
8560,0.011512852673320988
8561,0.05653172829986701
8562,0.004140786464302577
8563,0.17579949711382453
8564,0.002968511536307563
8565,0.010897643557098135
8567,0.0034942667926381715
8571,0.003615965293480116
8574,0.004683693155766407
8575,0.003529725807024105
8576,0.022429417123346996
8577,0.08370903964420194
8578,0.0036364333173622807
8581,0.009713713471615698
8582,0.025493096236585317
8583,0.3642471020300991
8585,0.00653554579158445
8587,0.006526976053756867
8588,0.038194127800304255
8590,0.042111966881538995
8591,0.07317683769450883
8592,0.006302290101183969
8593,0.12288846072709189
8594,0.016429760802026086
8597,0.006051426572965284
8599,0.0038734713733171375
8601,0.09754891002088091
8602,0.003952513687552056
8604,0.016829284836852716
8605,0.0029522606588777913
8606,0.00444522267198807
8609,0.18705579440103634
8610,0.010464472064212886
8611,0.0060386597482754885
8612,0.20480107038700357
8613,0.07929961440565704
8614,0.03768777784347944
8618,0.0038394949022330016
8619,0.12628190540079193
8620,0.0072363853099401635
8623,0.034619410612954045
8624,0.003365472334691218
8625,0.0036868991056558617
8627,0.029883415454181522
8629,0.023546581081267063
8630,0.23289498283228408
8632,0.01965774521394863
8636,0.029891395535949657
8638,0.17337092655283082
8639,0.008181615688517958
8640,0.015457768712234022
8645,0.02105901267818005
8648,0.14029430350231567
8654,0.01017031550033146
8655,0.06932122375103113
8656,0.012005925300910322
8658,0.15995820744279465
8659,0.02018829878952068
8660,0.011287969342069073
8663,0.026665383565664807
8665,0.03152768779171561
8666,0.00367225875228962
8670,0.0470993949495594
8671,0.003989337245763481
8672,0.0611012363685649
8673,0.02119262530755041
8675,0.011877046226440915
8677,0.07106041085456455
8680,0.005258309316976264
8681,0.45235922359345887
8687,0.022064245127084586
8690,0.005003025838232072
8692,0.0086449521654368
8696,0.08874179830220065
8700,0.003934778803595434
8701,0.0628991349073546
8702,0.004214334824970454
8705,0.03313649123997255
8706,0.022732880969193493
8709,0.0042061849793279425
8711,0.018475526981646433
8712,0.020163915199437166
8713,0.003729070350038987
8715,0.17776579653804225
8718,0.02355469997510561
8719,0.010954864541549208
8721,0.07959339775416699
8722,0.1792145163744978
8723,0.0031109767310315882
8725,0.007672712870608158
8726,0.11270367861569452
8727,0.19979788246681068
8728,0.09280744401086925
8729,0.02004199078096761
8733,0.07306223490278207
8735,0.07814815285330667
8737,0.02104383973312662
8742,0.031030635812927643
8743,0.03309105937311329
8744,0.008558332995743621
8746,0.03495357400783989
8747,0.0731226662558973
8748,0.00670756908604629
8752,0.0714275637958125
8754,0.003446132481280059
8757,0.022340487251944492
8762,0.06068794145212113
8763,0.0496384878491862
8766,0.005182327971823556
8769,0.0238053369882618
8770,0.09622327251565906
8771,0.08150419255623859
8772,0.061385174758523293
8777,0.09988242311701465
8780,0.010374960403848086
8782,0.06034672678448668
8785,0.004010180254902719
8786,0.0039022592033346078
8789,0.03515800366802004
8791,0.011744228300505288
8792,0.023203042166847144
8793,0.033716522804707695
8794,0.026092726083828087
8795,0.19962732329750038
8797,0.020528877551203254
8801,0.06910288735591963
8802,0.08894324698328178
8803,0.025397216926036106
8806,0.004585481955131566
8807,0.003021337074448547
8816,0.03772303600125997
8817,0.07122745776198361
8818,0.01610209761277168
8819,0.005247630543466901
8827,0.19221606111975928
8831,0.01502205662163457
8832,0.004658265950706647
8833,0.006463645769195782
8834,0.005558576032843519
8836,0.02051825003099003
8838,0.004559248285393818
8840,0.06778696442701498
8842,0.008698016912992598
8843,0.05102997696296961
8844,0.01449212238679285
8845,0.009939780037966642
8846,0.008864769719681653
8848,0.016994480627286222
8849,0.0035009032370914442
8850,0.0035156604547990325
8851,0.2067306506100866
8852,0.0037470258398835726
8855,0.0041894814169996806
8858,0.003376590226565809
8864,0.008237856414671956
8865,0.16220760843030202
8866,0.20802894048131537
8868,0.0035027647763044
8870,0.1603760467285185
8871,0.013611082761780196
8873,0.0030518655788440044
8875,0.028637068238831605
8878,0.10868198876416937
8880,0.03132330404790688
8881,0.017286088803957878
8882,0.004032832558343822
8883,0.02466227743819944
8885,0.018875858217828577
8886,0.008101135709034353
8888,0.00873182492080418
8890,0.003769601646919839
8891,0.0981265146175127
8893,0.0034145509506778686
8895,0.030083320782504388
8898,0.005547046807490078
8900,0.006521848357290373
8901,0.004795882165053751
8902,0.011511387728794816
8904,0.10198413418240515
8906,0.0036580625511390733
8908,0.10495295439806798
8910,0.009524822566351466
8911,0.010063401535796303
8912,0.007127469882091055
8913,0.015218759758318984
8918,0.060202826741485346
8920,0.20052124413288563
8924,0.17396745089346977
8925,0.002928346297635177
8926,0.03266715152250808
8930,0.003498317292083723
8931,0.006424482153619056
8935,0.18869754016189108
8936,0.03126778230310577
8937,0.0167305416279752
8938,0.007327582963479203
8939,0.016318051848542525
8941,0.0036205496714430767
8942,0.0030319020748088305
8947,0.018027423097409734
8948,0.0074945611056701725
8950,0.012286446572455522
8952,0.0443865860375843
8953,0.020592121084187526
8956,0.08774610526272893
8958,0.12920919679471718
8963,0.18543131431036167
8964,0.004388050336794032
8965,0.00943641488201877
8968,0.02192619773119067
8974,0.14387574129563716
8975,0.009903019831622464
8980,0.00302896733593839
8982,0.0029128424174067326
8985,0.00877761188116752
8987,0.0152333662962322
8988,0.004355863751343818
8989,0.10495289528282174
8990,0.035377866324029277
8991,0.04750260320999616
8992,0.0028717844430978107
8994,0.029897646992619875
8996,0.0276814247933881
9008,0.0037277160917020546
9009,0.022088405109831635
9011,0.0030765247774085388
9014,0.004865861009281611
9015,0.02170907949450775
9020,0.01024714525659535
9022,0.014667765221411957
9023,0.02628651621271076
9026,0.22947030151041667
9028,0.06351251939033009
9029,0.005657810869561054
9030,0.0028582174092207785
9032,0.003744759664218169
9033,0.003492119414984526
9034,0.04934523482316468
9036,0.015409771617727547
9037,0.010442623668015388
9038,0.009003948523879203
9044,0.010048564915422612
9046,0.012797935761558379
9047,0.0039459448111348805
9048,0.033799803145888534
9049,0.008092076088150562
9050,0.09505796055520702
9053,0.006054312662527375
9057,0.03811470502576981
9059,0.008404557171640906
9062,0.004986517857915558
9063,0.008776388433372268
9067,0.0029003029757577944
9068,0.20815292034676408
9069,0.0029451737353550704
9076,0.00528952969221449
9078,0.012566401656443783
9081,0.0029316614809108458
9082,0.013398643306164366
9088,0.0028461732442986065
9091,0.07182893611594074
9092,0.008699692929352819
9093,0.010329884397684869
9098,0.003968324289120586
9099,0.006752417295349077
9101,0.1712209623502572
9102,0.0033850816905266856
9104,0.1771974842253553
9105,0.20466993306509632
9107,0.15840450049312357
9109,0.025491954816452323
9110,0.026092726083828087
9112,0.008946954663035314
9115,0.06577313551884766
9122,0.10073079032831751
9123,0.002866178953137671
9125,0.017389307046853576
9127,0.0034515580002644057
9129,0.00835960277589065
9130,0.003214099782472098
9138,0.0497376850083621
9139,0.0062184235649928475
9140,0.13052997830016647
9141,0.08797182854104668
9142,0.008148543663481668
9149,0.004877411031337175
9152,0.009871244020531252
9153,0.005644274801415856
9156,0.00393478563709311
9163,0.014461697788695684
9169,0.010908689525977984
9170,0.00436196046933975
9171,0.010181536974665839
9176,0.03690117131244448
9177,0.005685525911506102
9179,0.1106571179897576
9180,0.0029244854990747825
9181,0.003959981409316579
9183,0.06794886363682782
9184,0.12426709479336062
9187,0.008961816404437703
9188,0.004622345830420684
9190,0.0034981715106718013
9191,0.022477376855620512
9193,0.19863559759024987
9195,0.005225225349935797
9197,0.002992111249554315
9199,0.003099945220375947
9200,0.03894971675450896
9201,0.007822767879759647
9204,0.1661347614530185
9205,0.003995282087382641
9207,0.07575732065315209
9208,0.007351904866383945
9210,0.03026131313906359
9211,0.0030647780964073016
9214,0.009466404138853163
9216,0.003326483718307178
9218,0.003177915867862393
9219,0.003034151438139886
9221,0.3308390275599852
9223,0.008751764680174915
9227,0.0029228130522048297
9229,0.004781755413510041
9230,0.012497948469729072
9231,0.05279569325514709
9233,0.009298948119637052
9234,0.006076401674640633
9235,0.003536855488183234
9236,0.003361717709292435
9239,0.0036101562568303857
9240,0.28957304722610716
9248,0.032327215225763366
9250,0.005657393017250267
9251,0.21184392060470808
9252,0.004129946958332386
9253,0.02164281551400227
9256,0.013105791524527323
9257,0.03585478944647947
9260,0.00311078997069289
9261,0.05690041823299616
9262,0.0037368621098207515
9265,0.01185737799964507
9266,0.0037249682159598467
9267,0.005225021088156073
9272,0.007469178233099288
9273,0.055294968578954155
9277,0.015648060414235235
9278,0.19686680071885393
9282,0.003488989446303887
9285,0.012757799874333602
9286,0.03151588989512823
9288,0.003735143232874918
9289,0.13168882206766847
9291,0.01078568089610237
9292,0.0034763474010152716
9293,0.005009968621925904
9297,0.032005868852939136
9300,0.02503956469355859
9301,0.0038383895356199397
9302,0.003858982423559513
9303,0.004354923056964722
9306,0.003543257730768445
9307,0.05215425747645739
9311,0.014435709619068348
9312,0.08004853613152087
9313,0.004453340681301998
9314,0.019324478230637678
9315,0.012951645677667043
9316,0.03703816751024653
9318,0.288064042702477
9320,0.07322921485468666
9321,0.005007622338476429
9323,0.21954749883396188
9325,0.0034227129715645264
9331,0.005191315769472373
9334,0.03681507106759235
9335,0.12376480877430437
9337,0.00378280989757355
9341,0.006439021488174173
9342,0.006136466502221641
9343,0.20199006671395928
9345,0.0028571948237012
9347,0.008315023706449666
9348,0.17501803186207118
9353,0.11515820512808725
9356,0.0041432978381570566
9363,0.010090630258061756
9364,0.03659873402421463
9369,0.20250526404740127
9370,0.0038713266564681754
9371,0.009208558272941867
9372,0.12807811879166597
9374,0.0035323572379319787
9377,0.005809699711607668
9378,0.026092726083828087
9380,0.17542747980624313
9382,0.022816549842619986
9383,0.12046270783432551
9385,0.02769601744571054
9390,0.009142362465247968
9393,0.002788485449472803
9396,0.09121677616026534
9397,0.016882312124965864
9399,0.0028086870426350897
9400,0.020618248028713277
9401,0.0030556818996512946
9404,0.00943364255567256
9405,0.00847860497103626
9408,0.01288476369749584
9410,0.042778875547263916
9411,0.0041287415311063785
9413,0.0029635396402862987
9415,0.13033031260375594
9416,0.011295818927618278
9417,0.027398625806855908
9418,0.039059253854608664
9419,0.030670467136544977
9423,0.0035687703777057852
9427,0.09632571229380976
9429,0.017183162078829434
9430,0.014897068414688927
9431,0.031231573296950782
9432,0.05046867022909619
9433,0.026092726083828087
9437,0.22533679792985067
9440,0.004106136835492861
9442,0.005418043145416066
9443,0.019952997761074332
9445,0.059644423530068706
9446,0.19143343088965628
9448,0.06127422631283579
9450,0.08712179237449953
9451,0.007185090823915498
9452,0.0701503933803227
9453,0.0036552458690595046
9455,0.10625691805463819
9456,0.00847541859370557
9459,0.11831977095434724
9461,0.0038419712371252916
9465,0.004427747710443649
9467,0.007792493193905988
9470,0.026952822928909027
9471,0.22531255624416843
9473,0.10519984961500685
9476,0.057622658211922716
9477,0.01380945321837118
9478,0.008704725297169246
9479,0.015201297847864129
9483,0.006648398489595962
9485,0.08623035805960669
9487,0.005206189065940234
9488,0.054759822924632905
9490,0.018234110304477455
9491,0.01173696443074511
9492,0.09557517426723415
9495,0.026092726083828087
9498,0.17282033083206766
9499,0.01577460339001976
9504,0.026092726083828087
9505,0.018567338415717033
9506,0.0037656506209723293
9508,0.0042061849793279425
9515,0.00295484681246663
9516,0.011855401894572308
9517,0.03681195914689308
9518,0.23103301061230608
9519,0.026092726083828087
9520,0.05067580784708456
9522,0.022678947815418547
9523,0.04087597574658885
9524,0.004032832558343822
9527,0.003287310512918475
9530,0.003584610365015901
9534,0.00609036481645186
9536,0.19884086740155874
9541,0.004135293039948888
9544,0.017325908019695104
9545,0.009909534923757525
9547,0.014876726626123757
9552,0.1990956067115618
9553,0.0033535999228374233
9555,0.006626994752446478
9556,0.023044608041927657
9560,0.020442466256168433
9563,0.005278244984149494
9567,0.11976095438294733
9568,0.006593891409809673
9570,0.00466675251497585
9572,0.02460935256818348
9573,0.005404102478957144
9574,0.03380405015995938
9576,0.05879348553535951
9579,0.21617174530213393
9585,0.037872096816100334
9588,0.002900016358717708
9589,0.010685092055500552
9590,0.013070488405641328
9593,0.0320919793993242
9595,0.013089057550589903
9596,0.008475954424464204
9597,0.0129507053510412
9599,0.05279569325514709
9600,0.007255060291858833
9601,0.0505775274790584
9602,0.005953943680071175
9603,0.0654644735144821
9604,0.007306411422912156
9605,0.004505694481416014
9608,0.07443961736379383
9611,0.025368578229602062
9612,0.008699499306353867
9614,0.0030997914579450965
9616,0.002866783854633695
9617,0.017596592324997495
9618,0.009365304006277962
9621,0.0037146956710010573
9622,0.00923886928974273
9624,0.06262188945863845
9631,0.005098486142149139
9632,0.002948366742598637
9633,0.16003533334388734
9634,0.2524789410543369
9635,0.07354352405269744
9636,0.0035331908115033965
9637,0.012480782089856314
9638,0.03613771872048056
9640,0.008228065557072995
9643,0.009763966611773197
9644,0.004708205542013075
9645,0.004273517147170685
9646,0.0029008580713350365
9647,0.030356069492118096
9648,0.004305911997483084
9649,0.008780764514638658
9652,0.01565517700089301
9654,0.004714748718473902
9657,0.05635990023166597
9658,0.05252308119412237
9659,0.14949763239903396
9660,0.02032517027642213
9662,0.010182580452229356
9663,0.026092726083828087
9667,0.03251155313526334
9668,0.014559997999847049
9670,0.006802673520259498
9671,0.02232171247818116
9673,0.020237328161806314
9674,0.003598255625961563
9676,0.002989538317483652
9680,0.018498007229497147
9682,0.002882922862529029
9685,0.04703635325295823
9690,0.009882694903211236
9691,0.00987825021699701
9693,0.0064265074485966925
9694,0.006612458864990815
9696,0.003043814343077463
9698,0.029900518006470953
9699,0.06042105109259185
9701,0.03150944457432415
9705,0.10448376581601423
9707,0.026092726083828087
9709,0.01577800270736242
9714,0.03174876789219142
9715,0.005195309318124647
9716,0.0635828137745442
9718,0.19797666802966618
9721,0.006269303825083848
9722,0.007867081648139618
9726,0.007499288495070015
9728,0.1720031799155419
9731,0.004204821049171718
9732,0.04487273444548359
9734,0.0744686974837579
9736,0.025541996694375933
9737,0.014368125740104144
9738,0.06265030433864904
9740,0.04427122554483716
9742,0.03219702266351781
9746,0.04050485606119369
9747,0.1462573486163005
9750,0.031455528544799806
9752,0.0029488141383727747
9758,0.004863853227366618
9759,0.04473396829747857
9760,0.0032694715860290082
9762,0.2213248856396628
9765,0.025387568657661057
9769,0.008643609754972722
9770,0.055435315803838474
9771,0.008971576682334738
9772,0.03463951688646476
9773,0.020177805130389786
9777,0.025474256899056236
9782,0.00340235063006368
9784,0.004353414926787823
9786,0.0078050933119029175
9788,0.041310579929115826
9789,0.009323547513483093
9790,0.007725526553907656
9791,0.0029169625592109414
9794,0.0038555586321590285
9800,0.003935856575935605
9801,0.04664932700393058
9802,0.003942203991774872
9804,0.004697845162447274
9806,0.003859002541499874
9809,0.009865658430781387
9810,0.013781802815909213
9814,0.0034689575614084193
9815,0.09335970377218294
9819,0.08231569721379273
9821,0.007197721082758789
9823,0.009956962946543847
9824,0.00533975989275584
9825,0.003145150244824639
9826,0.0034210713177745965
9827,0.0030000249683641987
9830,0.019074129464610224
9831,0.010958861166466355
9838,0.11855975293035095
9839,0.009903019831622464
9840,0.03314071525602273
9843,0.004264645640023034
9844,0.005471166308748454
9848,0.031748055641471956
9849,0.0045344823083982985
9850,0.047394324737460525
9851,0.20165370969842414
9853,0.00789098813976082
9854,0.005050582074478183
9855,0.026092726083828087
9856,0.04877192804507117
9857,0.009015820064212622
9858,0.057770579804054346
9859,0.004777755716118148
9863,0.010595915962319371
9864,0.09408458311978904
9866,0.23066551030139815
9867,0.017609478478869227
9871,0.004029391904807817
9873,0.003418314825664952
9874,0.08142022570098452
9875,0.04327313112591424
9876,0.003706079496154711
9881,0.011743115766626696
9882,0.0037470258398835726
9884,0.009165976749426251
9886,0.0236349683441892
9890,0.07784967350415849
9892,0.006117054712107263
9896,0.01451385199685472
9897,0.005366593109809083
9899,0.010838381931052734
9900,0.008007072053034943
9902,0.024758435304738233
9903,0.006710127565941551
9904,0.015621553245411483
9906,0.004191706277164066
9907,0.01330285696056225
9910,0.013896443191896861
9912,0.014043442596088992
9915,0.009700890919929778
9917,0.01051875479689911
9918,0.050553598282693304
9919,0.014341155068681607
9922,0.020603543548136535
9927,0.03500868689927031
9929,0.003707219632237739
9932,0.03601188063345676
9936,0.0073599564770756454
9939,0.13457983097399095
9941,0.040733667535337754
9943,0.012157559005315205
9947,0.1973495941119234
9949,0.033342631813030814
9954,0.05669181874778848
9955,0.006588280606217072
9957,0.0083406628317693
9959,0.008877277891244165
9961,0.060040469660153854
9965,0.005854384419900937
9967,0.0064041089268523956
9968,0.06798596294269073
9971,0.015899492628317743
9974,0.0240349376455693
9975,0.016937922889577614
9976,0.007529563212915988
9980,0.004020994033199839
9982,0.005107674078168186
9983,0.015998839091784085
9984,0.0038761635130194053
9987,0.003538722087330049
9989,0.06323367185012636
9992,0.012013764111652293
9993,0.008754816299733976
9995,0.025040978936628492
9996,0.02281845978000552
9999,0.009416962267819257
10001,0.00829463931051447
10004,0.0033363936699829766
10007,0.0048553863977266395
10010,0.009871412640877583
10014,0.08003317155309911
10018,0.030757568184568793
10019,0.25548172427217014
10020,0.01387469286033523
10022,0.03588062057893523
10025,0.02311469424345561
10026,0.0028330910559626827
10029,0.019740847835737756
10030,0.22219907809502606
10034,0.0036162778573519986
10037,0.03608620440241081
10038,0.009396006161057381
10040,0.23521232912637238
10041,0.012687128960242681
10042,0.005573848749848338
10043,0.0067699482814551955
10046,0.005515005206156818
10047,0.014987287205858941
10050,0.0037150983045066643
10053,0.007655515019001392
10056,0.005345813389727734
10057,0.009870028810382764
10058,0.003952941775743302
10059,0.010289229118092073
10061,0.011440862467184917
10064,0.1765144700938871
10068,0.010289620240860343
10072,0.007915495209798177
10073,0.004028610399231135
10074,0.013194105467322493
10075,0.06644999776810552
10076,0.00412210830253767
10078,0.09334652440119083
10080,0.007056519947108477
10081,0.0038564897214975625
10082,0.08017104555904953
10085,0.03348131735945273
10086,0.008332673845948954
10087,0.007161546651445955
10088,0.04074485155843759
10089,0.07185104646367678
10091,0.03164533172956167
10095,0.07575732065315209
10096,0.003939385403847212
10098,0.03527466919143421
10102,0.010041268967736095
10103,0.00958570264550637
10105,0.003855559073929442
10106,0.005332898604138513
10111,0.0037131716789122475
10112,0.010095482369288462
10113,0.021219154907949296
10116,0.004562689409022988
10118,0.028203749774793105
10119,0.07055651802199242
10121,0.04347618349535392
10124,0.06507257338097276
10126,0.003949622608470664
10127,0.008123674770265807
10129,0.03043473868393377
10131,0.11552602765164294
10132,0.026092726083828087
10133,0.002833818680146031
10134,0.003510155886353904
10136,0.005227491423109838
10137,0.003864423914744036
10138,0.008062962412730511
10139,0.009917965923827054
10141,0.0067505534138223855
10143,0.004123793209891945
10145,0.00391040056377898
10147,0.00306627020048789
10151,0.09794085358496785
10152,0.018209914148027
10153,0.04363229725527688
10155,0.012757836325290746
10158,0.0553720812970754
10160,0.045320581917681825
10161,0.026092726083828087
10162,0.01098912786106768
10163,0.029224213833855567
10165,0.11460838853119033
10166,0.02569941279434252
10168,0.03200104176656545
10169,0.003760468904474665
10172,0.17107598275790098
10173,0.021756931785471834
10174,0.0028510581434558983
10175,0.07904027462991574
10176,0.004430084674285272
10177,0.002939724557259782
10178,0.1007279694134997
10183,0.004313070130210783
10185,0.10628235859356193
10186,0.0029578419429766825
10187,0.0055162935087728505
10190,0.0037492135450807205
10192,0.004732885642494212
10193,0.054401769282591134
10194,0.0982225398327846
10195,0.010453437761775273
10196,0.0036975214206616414
10200,0.011846743914039701
10201,0.18874552021755786
10205,0.0033718155915208655
10206,0.004144062221041083
10209,0.021797794404427875
10210,0.25542140300128885
10214,0.00864048012293472
10216,0.031263326363900154
10217,0.003242756636043682
10218,0.18940951782721716
10220,0.008432181785021496
10221,0.004018380930911223
10222,0.02091178282644909
10225,0.021222480875335098
10227,0.20738089927921274
10229,0.01748231690643446
10234,0.021573441650156063
10235,0.004226698633156528
10236,0.007660839801831499
10237,0.018104383739030134
10239,0.008952599063970987
10240,0.011101420918361644
10243,0.02694823704217079
10245,0.037363105314201665
10247,0.1696563496367264
10248,0.011988347471549105
10249,0.004167980342260382
10250,0.07476253979525654
10253,0.003648659392338031
10256,0.0032203197167298674
10259,0.031208358407509566
10261,0.013329746347999159
10265,0.0036834672920633515
10266,0.008931998898961693
10267,0.011846160209179609
10269,0.00804609278121589
10270,0.28792932414499417
10271,0.00480892132768817
10272,0.008509510392291777
10274,0.00903243818181682
10275,0.12628190540079193
10279,0.0047285009413036245
10281,0.0186081086574593
10282,0.0028733699884279343
10283,0.18273196649217316
10284,0.03836669282081885
10289,0.17453724693213446
10295,0.009656704216955197
10297,0.04024426636331878
10301,0.0033156657502826275
10302,0.005785267904478896
10303,0.003450729213208036
10307,0.013811452719334922
10309,0.018323807310200908
10311,0.0033053969849393913
10312,0.012926345287464227
10313,0.03441042758261064
10314,0.003440428686816127
10316,0.0599617997635631
10317,0.004566270834774475
10318,0.0029299252837331003
10320,0.005702165950161489
10324,0.014081768487220234
10325,0.03879854528805236
10327,0.0191002519715922
10328,0.0049474771126612254
10330,0.09929264949461566
10333,0.061922029627786694
10338,0.0034268200160880954
10339,0.0033831926279793614
10344,0.014801134869723382
10345,0.10058873520674608
10346,0.008722812310910863
10347,0.011741964661565428
10348,0.005868503453868269
10350,0.16880221608695267
10352,0.0031623367552134764
10353,0.0036045331973906707
10354,0.016062439622936856
10355,0.003693206231408419
10356,0.010239961691350032
10357,0.01167071256687479
10358,0.029291734925857522
10359,0.00514459130807924
10362,0.01002058351400385
10364,0.003099632535285416
10365,0.0029061803801662426
10368,0.005518715207103316
10369,0.005188308686671318
10370,0.08616891912953371
10371,0.04367668090470028
10373,0.007923172189810862
10376,0.028040557994955046
10377,0.13467645663703826
10380,0.013754216729749264
10382,0.014835045419954373
10383,0.028665153097044455
10386,0.018374914069954812
10387,0.0039326906973925
10388,0.04344638228620423
10391,0.005502852264619028
10392,0.008473777734159183
10393,0.008218024594640619
10396,0.00876336809337227
10400,0.002951077915198404
10402,0.0069254208017368825
10406,0.003358255375044477
10407,0.008311360312058985
10409,0.01688331666887786
10410,0.01203185286374079
10412,0.05934168370174671
10413,0.003042350669830896
10415,0.0030710367255266688
10419,0.11705053584257075
10420,0.03463849350993995
10422,0.038636570489080375
10423,0.007975066911074037
10424,0.014802999712356107
10425,0.014131572634124314
10426,0.026092726083828087
10427,0.017811002431074037
10428,0.0028516263150161333
10429,0.00876123099074546
10431,0.010305647374681379
10432,0.010254463584595861
10435,0.06574784025681381
10436,0.02023508371714157
10441,0.022591075367921893
10446,0.004065835758028066
10447,0.19846498127578252
10448,0.003857382484083382
10449,0.0050540383989392396
10450,0.00348990975736565
10452,0.015721044298905168
10456,0.003763718290907334
10457,0.05123980400974848
10458,0.007569403467976556
10461,0.003722833838117242
10462,0.09618486785005602
10464,0.06728852652019592
10466,0.02841262400839697
10467,0.005283230110628299
10469,0.015601136207683233
10470,0.03600480520511886
10473,0.043120816630086975
10474,0.3015943774503818
10478,0.037714616013855846
10480,0.24226531152287917
10486,0.0768773225447161
10488,0.15234453977699336
10489,0.00420584351017544
10492,0.02044280530403929
10493,0.04891059586776651
10496,0.01832666840813249
10497,0.055724573960162435
10498,0.06601156651683514
10499,0.014296748292319911
10502,0.008685459628454406
10504,0.0030142873515111284
10507,0.1673587051899041
10508,0.003088998235975479
10510,0.02483552052320018
10511,0.0117163941993049
10512,0.006924726514537587
10513,0.04551205646939651
10514,0.008477690137924754
10522,0.034639200481078235
10526,0.0034675176941627484
10527,0.06357954057847849
10528,0.04646802972201271
10531,0.034845263090679354
10533,0.15852926117096366
10534,0.0038649785042671725
10537,0.005204000414262037
10538,0.01896155793310322
10539,0.014877184689689602
10540,0.1170990745317506
10542,0.02850449567748745
10545,0.03575158024277415
10548,0.025040978936628492
10549,0.002911514336220225
10550,0.0035475418072435892
10551,0.003926940356696706
10556,0.0041069727381741
10558,0.005852005074194269
10559,0.013141242382421287
10561,0.03211562445728784
10562,0.004042648040667359
10567,0.13494726050682743
10568,0.010820570030425303
10570,0.20635969185455721
10571,0.011795774158173301
10572,0.1411597355469377
10573,0.0037358166523590495
10575,0.005678035420650101
10576,0.004397686802655283
10577,0.17654240295774687
10578,0.03142834159993145
10581,0.007539713324063457
10585,0.01691161818247745
10589,0.00344210996881007
10590,0.006715299006188697
10592,0.007450471596147353
10593,0.00532671941252632
10596,0.008829742951349955
10599,0.04387862659920051
10601,0.1145817647011772
10604,0.015738489661865546
10605,0.0029626645938456166
10608,0.010247953112882912
10609,0.04553705627402909
10610,0.01736155808907953
10611,0.02447184505736582
10614,0.0036179613791789828
10615,0.004151063971799927
10617,0.03459537651067348
10618,0.003107121589925645
10619,0.0050505407466865755
10625,0.02572197504997133
10628,0.01996839198445237
10629,0.005446794155195026
10631,0.01738742215180715
10633,0.03378783536338114
10640,0.007528618573585804
10645,0.05753937291853976
10646,0.1727560287942314
10647,0.0029611589832130233
10648,0.15652990544860126
10649,0.050875914511597835
10651,0.01329514768159281
10652,0.0029267994932585108
10654,0.0036834672920633515
10655,0.007141018599442258
10656,0.022728652435882773
10657,0.03567642340594916
10658,0.11784369089222313
10659,0.01671629607322404
10661,0.0037198860469000086
10662,0.07442373391829396
10666,0.004430287275039542
10670,0.10430290444620938
10672,0.003270867107988713
10674,0.0828314772857516
10675,0.002918714461106494
10678,0.00302146979272033
10680,0.0044904000404944345
10681,0.030167441171382415
10682,0.04469775642499556
10685,0.02185213056877659
10686,0.003472381815005145
10692,0.009194723247663251
10694,0.026092726083828087
10696,0.03210408046978555
10697,0.07689245707407238
10698,0.0030345100148133266
10699,0.0037691286298181456
10700,0.04247799046375601
10702,0.009680331721126952
10705,0.0035407280310507465
10706,0.08257723916379248
10708,0.08142698248007793
10709,0.003449486610976122
10711,0.004230512161521425
10713,0.005536902522914675
10714,0.12848074004657414
10716,0.008576625686958335
10717,0.008007262301829384
10720,0.019587575028754422
10722,0.04420629103374145
10723,0.012423338589855148
10724,0.21132024425292598
10725,0.0034695690064222885
10726,0.024112832540899104
10728,0.03305681613477707
10729,0.007612007409377357
10732,0.07455535355251673
10734,0.02732145596566245
10739,0.02908790127338347
10741,0.0321683770187737
10743,0.013087292647382816
10745,0.09934101755787986
10747,0.24118325553586856
10748,0.02198719985448508
10751,0.016890750720366415
10752,0.025077045052799903
10753,0.0034409276166695027
10754,0.008494436559983255
10755,0.18596832837172708
10756,0.02668181980301081
10757,0.00955713487522682
10758,0.026092726083828087
10759,0.005636613782123907
10760,0.015808902724046524
10762,0.005226909542896037
10763,0.08752742916152735
10764,0.0034625695822240407
10766,0.02171022395331402
10767,0.17733465806464896
10769,0.030072662444668923
10771,0.010060860892845648
10774,0.013574206560877208
10775,0.013818858879122094
10777,0.09560676182522847
10779,0.038995908168139685
10782,0.004142410767360054
10785,0.004691468796487998
10786,0.006167363491278682
10787,0.029835250528740666
10788,0.003613545627697419
10789,0.009353259544004592
10790,0.004470792632997755
10791,0.007325910194229471
10792,0.0369486794764839
10793,0.003175478758698915
10794,0.004262193086425847
10795,0.033689211696177654
10797,0.027924996682905903
10798,0.043924463198586144
10802,0.00988857916217273
10805,0.034664976490837954
10807,0.03459537651067348
10808,0.017608020450774572
10809,0.0036884388116517706
10813,0.015752558687664148
10814,0.00936263571803802
10817,0.00647664862492
10818,0.006620557532041388
10823,0.009364947155475572
10825,0.007468988871347259
10826,0.06516178093685783
10828,0.0048660647309298425
10829,0.0186803276475952
10830,0.003467063411575331
10831,0.23782893285167506
10834,0.006427990554264508
10835,0.009535059748665205
10837,0.03788265456871792
10840,0.003996332739234276
10845,0.008730743420590737
10846,0.03717399979213823
10848,0.34330184586241
10849,0.008866984008915946
10851,0.044699513397369536
10854,0.0034710901904439137
10855,0.25168787490467587
10856,0.04199774379607015
10858,0.015385537985723417
10862,0.00883254364313405
10864,0.0029912306321334997
10867,0.006781212503160161
10868,0.00703631791012032
10870,0.0033318287388049393
10872,0.02414003315332478
10874,0.05024847085602782
10875,0.11108547642405939
10876,0.059532382349187014
10879,0.012313868843342807
10880,0.010518236069447977
10882,0.025854648218136732
10883,0.04198204782701858
10890,0.03534672434090869
10893,0.0036992363366813953
10894,0.005986111690013382
10895,0.0071454193525147735
10897,0.008587762861187734
10899,0.010758563776790433
10902,0.12291305193120537
10906,0.0043759795393185355
10908,0.015849970437969887
10912,0.015236567453552846
10916,0.008594138946152664
10919,0.006702259802946621
10921,0.00559702842827558
10923,0.007098237704740958
10924,0.006402345867567811
10928,0.0342284034989671
10929,0.1426912575602888
10930,0.019284048624054015
10931,0.027150002915211014
10932,0.142391178146099
10933,0.08479489126609115
10935,0.008959968027334326
10939,0.07821136389903524
10940,0.025040978936628492
10941,0.051482442174615964
10942,0.012891819164338745
10943,0.015066157035954743
10945,0.0035202985494199477
10948,0.01769307945044449
10950,0.011907880621860682
10952,0.002883172670429622
10954,0.004288526981436338
10955,0.004184898378444816
10959,0.0035260453207670898
10960,0.004544786004285911
10968,0.003856416436068156
10969,0.0105207665490531
10971,0.0037703356903225843
10972,0.057538855071497724
10973,0.04116925092891396
10974,0.03531394987676334
10979,0.1972163036696377
10985,0.003985988057609235
10986,0.0037916563401013638
10988,0.006573213695846985
10991,0.033740197042996765
10994,0.009532756282058895
10996,0.0934775924212444
10998,0.016810040485555837
11000,0.12267384565685688
11007,0.19840666706888185
11008,0.01383001484300295
11011,0.020890812206477934
11012,0.2071835362179034
11014,0.002882917537590114
11018,0.010198016227197024
11019,0.23412905585967042
11020,0.0039872283319480175
11023,0.003368070858751754
11024,0.1712209623502572
11025,0.003385620126333611
11026,0.014675426398756302
11027,0.1870032939928453
11028,0.01705383246760578
11032,0.045287294426737984
11034,0.07298023789018859
11035,0.38149971642610786
11036,0.00561713017836469
11038,0.10720264365189754
11039,0.004949164364706987
11040,0.00740118025747919
11042,0.08359036506526545
11043,0.024456108331897562
11049,0.015741231266342786
11053,0.0035001769609713544
11055,0.011470341485242062
11058,0.03525107124717227
11059,0.01359088661753444
11062,0.008986005242782497
11063,0.02919453354017156
11064,0.003006000532035088
11065,0.010664107472525112
11066,0.0033024293697296162
11069,0.01829745105943844
11071,0.007278086475006489
11074,0.04137638018250257
11078,0.01024477409548085
11085,0.006384885874013318
11086,0.013450851898676144
11088,0.003032209137879379
11090,0.016426676412868317
11094,0.03824450149490307
11095,0.011739151979790143
11097,0.03253026595406769
11099,0.07003707122441001
11107,0.15790837540041142
11109,0.016219189464981767
11110,0.12137242623500576
11111,0.04077697583018058
11112,0.03460467966777577
11113,0.007391231206566786
11115,0.16146807438026456
11119,0.011324733554859903
11121,0.1945067309000006
11125,0.006521101534530037
11126,0.0355563683790706
11130,0.00337188739919576
11131,0.003559710885853455
11132,0.003948733113489223
11133,0.02514540215665034
11135,0.015317996532146775
11137,0.021067913498075772
11140,0.00989553171895671
11141,0.012743813354020686
11142,0.00823632595524967
11143,0.017599275253892963
11144,0.04866846394062395
11145,0.006760378276914493
11148,0.003779063058958034
11149,0.010141686718606364
11151,0.0349555429702645
11152,0.0032461204878103623
11156,0.0033186198210307365
11159,0.031030750609339935
11160,0.016493428369325425
11161,0.037923675535620906
11162,0.01353677151426744
11164,0.0633226487544027
11165,0.03686628407638677
11167,0.003119814334615177
11168,0.005228733534042431
11169,0.008041565947979057
11171,0.010153170127360587
11172,0.03138154790812628
11175,0.015257624550223366
11176,0.11682363197724738
11177,0.003519141274365434
11178,0.002856766461250658
11179,0.009820868638220587
11180,0.003303059081921126
11182,0.07951645111048926
11183,0.013951037256566398
11189,0.005479801177277106
11190,0.01402770018542909
11193,0.020494363895320358
11194,0.007324630049025963
11198,0.004393781365482208
11200,0.003976455336282498
11202,0.09165760236252775
11203,0.004456956077599021
11204,0.006347035920782139
11205,0.19190615304524833
11206,0.0280466263991251
11207,0.004439631799925671
11208,0.019742784275222316
11209,0.002977867371575067
11210,0.004141495644723949
11212,0.0028863848963344763
11213,0.003319736871291938
11217,0.026092726083828087
11218,0.01595693332209219
11220,0.057951407717690535
11221,0.012285563235465626
11223,0.007206837793189916
11224,0.007221054433758766
11225,0.11149465434148206
11226,0.01178638931675068
11227,0.0033590100295830074
11228,0.12255477805625037
11229,0.049578345375624194
11230,0.12145577216415537
11232,0.003181777927720721
11235,0.010693928529158134
11238,0.007911154932189421
11239,0.017886816823866114
11240,0.010091198181649991
11241,0.0067273473581941
11245,0.003541476888115283
11247,0.04119371773122019
11248,0.009210998290487146
11251,0.004435268836770253
11252,0.0035524921634357107
11253,0.004116399973022244
11255,0.16192876140096224
11256,0.0038699204966309362
11259,0.11128357820199201
11261,0.002818931228218792
11265,0.007898013399219117
11267,0.0628745146807696
11269,0.053496830264554984
11270,0.0032993514707767005
11275,0.003082081687118721
11277,0.1123185321157443
11278,0.003516027974489521
11279,0.09186075545638442
11281,0.02165793866314585
11283,0.014020775624156571
11284,0.0360996202104628
11285,0.08120743233551236
11287,0.12768963411566442
11288,0.005687863811629479
11290,0.017627272744545747
11291,0.0031402731154898393
11292,0.021313463628900246
11294,0.007992942733473922
11296,0.13300865525403954
11300,0.011841471928048157
11301,0.01768119683866547
11302,0.00870306889074255
11304,0.01930453482092763
11307,0.01781838177481708
11308,0.05622079225650752
11311,0.007936730930147328
11312,0.09967125964797684
11313,0.12292535468657008
11314,0.013648679849979372
11315,0.0038637266262644483
11323,0.022254716065718712
11325,0.05935179863651064
11327,0.032412044188014584
11328,0.2045327437698577
11330,0.026092726083828087
11333,0.3620575572017746
11334,0.019638210313287753
11338,0.00709926323132719
11339,0.010645041717245302
11342,0.00292897586572888
11345,0.008864127544782243
11346,0.004923946795747514
11347,0.06159579020941884
11348,0.0029475510075915685
11349,0.003814084943634531
11350,0.024633862325486346
11354,0.02773934524170844
11355,0.06352787663331783
11357,0.026092726083828087
11359,0.014896491252187567
11361,0.0065276883142723705
11362,0.008611465886182779
11363,0.035231909096615346
11366,0.007648935185162424
11367,0.04556063178025329
11372,0.0042061849793279425
11373,0.03592085776798796
11374,0.01288422260975935
11377,0.01124245608795212
11380,0.0832458022673793
11381,0.019338477587257583
11382,0.0037897116171766317
11386,0.015248043795511711
11387,0.014708677692746565
11388,0.0034383702769267516
11389,0.02911948392748483
11390,0.18508315918102428
11391,0.0034868593045388496
11393,0.008286908024472617
11394,0.008545587089890656
11401,0.007497064844269064
11403,0.06844027397764331
11404,0.0660070218144011
11405,0.09108128332174621
11407,0.005283439115124424
11408,0.006240411403939206
11411,0.00878192358099997
11412,0.008577115314473052
11414,0.005111193953489145
11416,0.008649568411790345
11420,0.010773704163688457
11421,0.004998148040974558
11422,0.0030094864672101655
11423,0.007495217583688661
11425,0.004577967296928337
11429,0.04248532637700945
11431,0.02817766920029987
11432,0.0032305632751432754
11433,0.01571962002836487
11434,0.09340386229928092
11435,0.004196407357082743
11436,0.012025820505747749
11438,0.0037024529934220687
11439,0.023242130016847908
11446,0.013052243110129062
11447,0.16369597042548978
11450,0.040149204410582714
11451,0.005888244519242845
11453,0.05124057844685804
11454,0.06344529864414532
11455,0.0035297037360663675
11456,0.01053147397517309
11458,0.012555492123107194
11459,0.030154672593052986
11462,0.0035521567180806855
11464,0.003046996439119828
11468,0.01154716294105881
11469,0.009744005712767899
11471,0.17290131797952124
11475,0.00912910513549264
11477,0.025317301561373108
11480,0.058372281855494694
11481,0.019957612161512876
11483,0.033411391057536
11486,0.03247578365430126
11489,0.01345770539049876
11490,0.005705122547456106
11492,0.13729805463077147
11495,0.19736822164935972
11499,0.026092726083828087
11500,0.00987913531454982
11503,0.020016746945741095
11504,0.026092726083828087
11505,0.032480839512107104
11506,0.029531858791491318
11507,0.005143528391370304
11510,0.006444934220031825
11514,0.025040978936628492
11516,0.007279687675787569
11518,0.08333694160332429
11519,0.013865951001280614
11520,0.007080845590553391
11522,0.0029714262383716728
11523,0.006451447609734349
11526,0.0043809976247447535
11528,0.025835867360745966
11529,0.004284344839654099
11530,0.04856835159543128
11534,0.03764137562559835
11535,0.013929891311744325
11537,0.06282961806078896
11539,0.01959705056299576
11542,0.1102220609673472
11545,0.005465416988308313
11546,0.006485269960057361
11549,0.11036805246172561
11550,0.026806185003877138
11554,0.019330118844763086
11555,0.004855211560851059
11558,0.16847910556883094
11559,0.004489870771030733
11560,0.021973045431435228
11562,0.24743888598775016
11563,0.021713957192315992
11564,0.010979343955532562
11565,0.013104958586002736
11569,0.005206236741812621
11572,0.07336453653355192
11573,0.04005918833182083
11575,0.010142325518451867
11578,0.013682133566075323
11581,0.033414643525738204
11583,0.0051972104042606404
11584,0.05456721973055424
11586,0.009676723499137757
11587,0.09893575990999785
11594,0.004290382690415936
11600,0.04950234165512241
11602,0.02350615889840127
11603,0.007072532179897329
11604,0.007901164608834393
11609,0.03475155871755442
11610,0.010492159724529335
11612,0.05687842220891738
11615,0.008652438546189394
11616,0.003294391363463971
11618,0.0048973287750863894
11619,0.028338326113884663
11621,0.0031685098612407397
11622,0.004072372245212709
11626,0.015799010885721165
11627,0.019666115123284738
11629,0.029772506959495657
11631,0.007519409361677241
11632,0.055570307425631925
11633,0.06373129942113016
11637,0.004807992329778639
11639,0.0028989469592403156
11642,0.01637985833528468
11643,0.007659562703951984
11644,0.0049035908462075764
11650,0.0038582175500773727
11652,0.004031830187968447
11653,0.003712648972212199
11654,0.03221357795901104
11655,0.01281193480062661
11656,0.004640587017964961
11657,0.010165089711245376
11658,0.013565082737539026
11661,0.0038218616019792782
11664,0.006723285907234619
11665,0.5004878625992338
11667,0.17023555114019295
11669,0.004221791105237884
11674,0.06854259516785018
11675,0.1457558069796517
11678,0.004076305055447131
11680,0.006390354922819952
11684,0.003143805747899702
11685,0.010882140963599688
11686,0.010948510685190514
11687,0.0030244484759849853
11688,0.027808950802678395
11695,0.23916075344492088
11696,0.0036293604769999308
11699,0.015136859377138585
11700,0.0034944538237555254
11701,0.012674205900893902
11703,0.05121534186667591
11704,0.014193759053409463
11707,0.015861736698487245
11710,0.005990144121651374
11711,0.026574485503697527
11712,0.006093089131802177
11713,0.028083419851579316
11714,0.013054657395517895
11715,0.0053524139134206745
11717,0.003078422052411073
11718,0.07575732065315209
11719,0.023475409118533533
11720,0.003129336242447929
11721,0.007070133577202792
11726,0.00393779815758429
11727,0.005458739682722813
11728,0.0031313841995474186
11729,0.007153250225470413
11730,0.004325546406241326
11732,0.012637399145183695
11735,0.0393365568921487
11736,0.00530945742443266
11737,0.0032450216900560195
11738,0.005364515534753875
11739,0.002983549139458495
11741,0.04851566415445077
11742,0.21955568865400568
11749,0.005259582849469161
11750,0.04481202660941898
11752,0.004053901985330952
11753,0.004015963021867461
11754,0.12536893174866412
11756,0.004123793209891945
11757,0.006954804510779637
11758,0.002910249420902993
11759,0.14737006258632512
11761,0.08389384814000662
11763,0.026092726083828087
11764,0.13367333677809154
11765,0.19846498127578252
11766,0.04285718975019809
11767,0.0156935690669741
11769,0.17764543814335526
11770,0.01834320865520485
11771,0.013776087523973888
11772,0.003296617361015405
11774,0.02407485588131564
11777,0.0030776714148500555
11781,0.0077209802100942386
11784,0.008935192840651458
11785,0.04784696297415721
11786,0.0037730208183968253
11789,0.004566489288634035
11790,0.0036977618418553857
11791,0.014448715518442559
11792,0.06180432813679067
11793,0.00909039551285365
11794,0.19582038282035194
11795,0.004837540701863256
11798,0.046535452782946886
11800,0.003784902361276205
11805,0.04556152186664964
11812,0.012752583558317144
11813,0.021557294754002598
11816,0.004772421264046253
11818,0.004423012474857191
11820,0.011637885936194787
11821,0.005545605113003954
11822,0.0047754735508430115
11828,0.003145284731867444
11830,0.003985697941673004
11831,0.026451160625472984
11832,0.04583601422144475
11838,0.00555755819306853
11839,0.00789011235005418
11841,0.00411812699515582
11843,0.010140935552420119
11844,0.023972406928126324
11846,0.012883324441443033
11847,0.008130435554067202
11848,0.0058967637636927325
11852,0.004305300348049033
11853,0.0037216426758352986
11860,0.007022864783333322
11863,0.03180353317234078
11866,0.008654322618386424
11867,0.017005412429249883
11868,0.002884158869825211
11869,0.133639783980753
11870,0.00290723647569531
11871,0.011566098118610563
11873,0.03039783085335642
11875,0.022169019349307456
11880,0.20267132832583343
11882,0.003870012652869342
11884,0.015146747496326376
11889,0.027727760541479386
11890,0.20547655229189454
11891,0.06696217745364796
11898,0.01678723785628927
11899,0.002998426248450988
11900,0.009323547513483093
11903,0.0436579673693996
11907,0.003957759532904414
11910,0.008702555425508551
11913,0.01563867741958391
11915,0.0357062551157225
11917,0.0038678111975705824
11920,0.04637333813046894
11922,0.015757653635289044
11923,0.005517162790902664
11925,0.014381478715739256
11926,0.004911113961922324
11927,0.10624629452338609
11929,0.0037975722625242653
11930,0.011741449726348517
11931,0.00624292547796863
11933,0.18548564168867268
11934,0.04264405262885015
11937,0.019819555799644076
11938,0.20528829410686542
11940,0.0028829367001194633
11942,0.005258258129857076
11943,0.0029820858377798084
11945,0.026092726083828087
11946,0.011825199060418474
11947,0.003563860538309233
11950,0.003585427235691959
11952,0.24608996296614
11953,0.1260534890254919
11955,0.06761633271158139
11956,0.01565479068275358
11958,0.055555782274580516
11960,0.0037442832456963007
11961,0.055325576160635596
11962,0.03511972396009002
11964,0.013815312608205843
11965,0.006246197017936404
11968,0.010453978431779662
11970,0.011605047032568195
11971,0.2207849086659284
11972,0.012783041297260241
11974,0.03982888184660809
11977,0.03875682872570109
11980,0.026092726083828087
11981,0.047662213884014724
11983,0.0029901172950550863
11984,0.002877450848188955
11987,0.002885774260556532
11988,0.029421479461106487
11989,0.0036711676724303327
11994,0.0039799791197396425
11995,0.11063186392370339
11998,0.04310618840920679
12001,0.015134962653883668
12002,0.015147635046754947
12003,0.04952247278207367
12005,0.1553233024880294
12006,0.015926220017652985
12007,0.022597273090411703
12008,0.013538107583632419
12009,0.009252978280342659
12012,0.006360916269582108
12016,0.044533061878895684
12018,0.0066757317223957655
12019,0.12747230178458363
12021,0.004867157348725277
12022,0.035030839631045425
12023,0.0031367681483565816
12026,0.006718020115782961
12027,0.008174262729440138
12028,0.03711659618627466
12029,0.17852924272697987
12031,0.0036324095971583983
12033,0.08647615686163965
12034,0.09146436117659706
12035,0.18428683013866626
12037,0.03874323787773171
12038,0.020563812213648603
12039,0.06821719662031321
12042,0.04131293295114489
12043,0.022656717129125366
12045,0.006574607838072903
12046,0.009210614445694787
12048,0.014327614781262217
12049,0.003874157251310785
12051,0.014133064052008296
12052,0.003343434149180337
12053,0.004821724836124302
12054,0.2045679171947471
12058,0.01831523097366194
12060,0.0031917141712096155
12062,0.02719682290934427
12063,0.017501721873789032
12064,0.050684086670664326
12066,0.0288918535267277
12069,0.017493156382603927
12070,0.1636539970307328
12072,0.003973850001333864
12076,0.0030817987237601154
12077,0.02649476313836136
12078,0.004123604809618633
12079,0.09872501571463424
12080,0.038690129903903275
12081,0.0037371080077870096
12083,0.01572440064806417
12088,0.12536893174866412
12089,0.07115152513976539
12090,0.19527076637220991
12092,0.003718131271011349
12093,0.2982039654062984
12095,0.058869175866862314
12097,0.00975851169297544
12100,0.0028323778061768103
12101,0.015385174292972129
12104,0.0038000817665311453
12105,0.0032253575622225176
12109,0.006750890332819318
12110,0.009468085344772585
12111,0.15234453977699336
12113,0.030245282907050648
12115,0.2100605445337105
12117,0.0030237248524532826
12118,0.01308422454504858
12121,0.007411588702132345
12122,0.0036621150960046253
12124,0.003959192229747293
12127,0.023208763256240925
12129,0.02472762292061958
12131,0.03924770381392616
12133,0.011352501480833346
12135,0.02560831967501663
12137,0.035932217392724335
12139,0.0038819618363767645
12140,0.09246741971635887
12142,0.07516137012360716
12143,0.014131816813486549
12145,0.008592385376829376
12148,0.04959857705044455
12151,0.02799314875911231
12156,0.18005695948627992
12157,0.026092726083828087
12158,0.00837231897036948
12159,0.01917880236581291
12160,0.0033677257770382074
12162,0.12415829426373783
12163,0.010041816745933262
12164,0.0702211409687265
12168,0.014131796115946492
12169,0.0128785204838602
12171,0.0052673414222789185
12175,0.02757895442107995
12178,0.008039256315565606
12180,0.0049112804990718165
12183,0.003846928764506413
12185,0.005201839354451881
12187,0.005277436453204895
12189,0.005383632994096487
12194,0.05270572013164157
12195,0.00694211482692219
12196,0.00796879714477349
12202,0.022090904381654373
12204,0.004007408697806758
12205,0.1708317824473088
12206,0.004953872497969596
12208,0.19334461252210774
12213,0.13277995187156233
12214,0.04213279719363199
12215,0.006720257784603575
12217,0.003848965929623083
12221,0.02756609044994526
12223,0.011027315010515742
12225,0.030385631215435655
12226,0.009564264549826852
12228,0.012453335036752026
12232,0.17438361567431376
12235,0.10514278279452426
12239,0.003126416174398983
12240,0.004192408753855243
12241,0.011378694704452784
12242,0.005609823638607523
12243,0.005534293676077433
12244,0.00876847287111881
12246,0.006090845590220241
12247,0.008770885242360138
12248,0.25951002717007005
12250,0.24144287759351474
12252,0.05279569325514709
12253,0.19611261800298144
12254,0.03062452169410253
12259,0.03843816342682288
12262,0.049761648839791624
12268,0.023593984605638614
12269,0.014092820941110806
12270,0.026224040648843643
12271,0.07720016043915193
12272,0.03950604438553316
12273,0.1771974842253553
12275,0.01890176083644956
12276,0.019886455434106852
12278,0.005793629452433616
12279,0.08127189894706562
12280,0.01720234629987646
12282,0.0067670831344680046
12288,0.03397929698590281
12292,0.031671174442327595
12294,0.2536516643965446
12297,0.003524204988899472
12298,0.21730322987741169
12299,0.015383730783564989
12300,0.017813985338418863
12302,0.0036492802070701375
12304,0.011676477880281916
12305,0.00894580118814053
12306,0.0034919956669705737
12307,0.004876280094404513
12308,0.0055539626124640595
12309,0.003339476639921111
12310,0.003923272329236848
12311,0.003822346575318464
12312,0.0912930453893831
12313,0.003718131271011349
12315,0.054472558197945185
12317,0.09790594297100846
12319,0.27344255271317325
12320,0.010453796243689167
12323,0.003694865708999636
12324,0.012581787857475539
12325,0.0434960110887052
12327,0.003247092655734696
12329,0.01016283248658545
12330,0.020671498490814108
12331,0.1920795882142341
12333,0.005818422963133733
12334,0.17714066406919696
12335,0.005571301122711703
12336,0.024139872265415283
12338,0.020202622528657163
12341,0.02313612726816
12343,0.09363805290114029
12348,0.16227357283606006
12349,0.017391267291310224
12350,0.05057231788497695
12351,0.006972784994008398
12353,0.005614148211642286
12356,0.023746569067906148
12357,0.008903281920652624
12359,0.0030425856713452958
12363,0.09348558393463671
12365,0.0029277834576866544
12368,0.0474211519046102
12371,0.003312481024046593
12372,0.25254567122061905
12373,0.004569466590268677
12374,0.022414663805035637
12375,0.017006820164412653
12376,0.062482894742821996
12377,0.0038674887650258813
12379,0.2140765371451643
12381,0.006846134300234488
12382,0.03749994603541911
12385,0.03360357505976175
12386,0.13667541736102956
12389,0.0042487584272444465
12394,0.02548518899719388
12395,0.22205187263337398
12396,0.0098467585181003
12397,0.037247918547825845
12398,0.004002487742790823
12402,0.003515226137695544
12404,0.003552836294165347
12405,0.013048711400120984
12406,0.031125252945198127
12410,0.055852024839467586
12415,0.005601416820014038
12417,0.003134199429715877
12420,0.01357597543550458
12421,0.005956061476418092
12424,0.05386159043057311
12425,0.16628118058337793
12427,0.006571893771727731
12428,0.002881710708634306
12429,0.005172074894750604
12430,0.18389810127034423
12431,0.0060685285883104595
12432,0.07321273188086803
12433,0.002928413054992816
12435,0.006067337124083364
12437,0.013304003591945264
12438,0.00474831378633237
12439,0.026092726083828087
12440,0.01686119841381145
12447,0.15652990544860126
12449,0.0036308235001643084
12450,0.007227243431168172
12452,0.0030149039359318483
12455,0.004057473814493993
12456,0.05860039169331899
12459,0.00848480112547325
12461,0.002915692538061827
12462,0.004021408717617994
12466,0.018116641960751075
12467,0.005058271330593507
12469,0.16233415353300598
12470,0.0038054361408582497
12472,0.16627939493831012
12475,0.0050568522925931916
12478,0.06392009063260591
12481,0.043281662837165835
12487,0.004254354093078854
12490,0.12919947919578764
12491,0.003784858786485301
12493,0.022393430084966755
12497,0.08546318928888451
12499,0.12270677476118276
12500,0.17739315587386978
12504,0.003178190646285197
12507,0.0033487431400545196
12508,0.046652317289066846
12510,0.019803647553851174
12511,0.03713706537795417
12512,0.007262709893729561
12514,0.004659395490412959
12515,0.04687579220673373
12516,0.018013017747003986
12518,0.053991716003031015
12520,0.048371088423933575
12522,0.00783111528651925
12524,0.0029955337917403927
12527,0.08398781933148369
12528,0.022480397741092242
12529,0.00940122515214308
12530,0.00290025216404131
12531,0.07714215009857574
12532,0.0038502731278746557
12533,0.002918632446001624
12535,0.007977458288478893
12536,0.08300559287597693
12538,0.05052118920917907
12542,0.22866070914461425
12545,0.03799040800468833
12546,0.004018376726408557
12549,0.007934996643496135
12552,0.09692541315974754
12554,0.004383808674642016
12557,0.014989233255473506
12558,0.016513056769775068
12564,0.06376639236539752
12565,0.003752089303803925
12566,0.05774923852260088
12567,0.07223437445441959
12572,0.052654101091388274
12574,0.09573146672250317
12575,0.0030087278050939113
12576,0.07497343304576677
12578,0.09157546670795687
12581,0.23340216810147885
12582,0.01099739061800756
12583,0.003126015939918647
12586,0.035151213835944495
12588,0.017658459236334273
12589,0.02504043708912267
12591,0.030187809994126683
12593,0.041769264248590454
12594,0.25799190212871637
12595,0.023992925461340242
12596,0.03568828597231307
12598,0.003459746969127401
12599,0.005234979877043731
12601,0.004161769051947831
12602,0.10554467712646982
12605,0.007261286621721695
12606,0.030569728169054275
12608,0.0178094834580115
12610,0.033703385760234815
12611,0.01152366594975088
12614,0.03709335904680558
12617,0.20283481550243623
12619,0.003962851572155072
12627,0.0038557572782257923
12629,0.040197484588565605
12630,0.12444639100815594
12638,0.003701351032986209
12640,0.01029940766373847
12641,0.004701974896627765
12642,0.013749359219516206
12644,0.021059394958846046
12645,0.01144071155255222
12647,0.0035560293213199538
12653,0.032039821847045354
12655,0.005837826835972817
12656,0.11650531432610506
12657,0.042652278432527904
12659,0.023266204989728582
12660,0.1334396151177958
12661,0.025453531692401266
12666,0.15879302110324534
12667,0.030957275577943522
12668,0.04806902778880777
12669,0.004353718966522443
12670,0.062923983019909
12671,0.012573476320188036
12673,0.007040115709740317
12674,0.007373342737979819
12678,0.4926643640757786
12679,0.01717510563683269
12680,0.012880451630607562
12684,0.005542162951153886
12686,0.0035022063636335195
12688,0.051174488791654135
12690,0.0037058797192894054
12691,0.0037884898404369847
12694,0.011878139226102818
12695,0.004309590505794737
12696,0.19846498127578252
12697,0.027495442727947357
12698,0.026579127518445534
12699,0.007130530346975503
12700,0.007604900757189223
12702,0.010247694229506343
12704,0.016179943242607717
12705,0.25556446379767445
12706,0.00705738136545005
12709,0.005023819574617079
12712,0.008515309755288804
12719,0.029374346725238254
12725,0.003660372251309241
12726,0.004123793209891945
12727,0.05711864936405575
12728,0.031587761782310306
12732,0.0138861479943201
12733,0.006728719120839507
12740,0.003609482596310186
12741,0.0033034866256585168
12743,0.162881151777957
12744,0.014013320580468525
12747,0.025040978936628492
12750,0.011733504116198742
12752,0.005638008540998546
12753,0.02838365518095636
12757,0.004837503740038756
12758,0.0663889950278832
12761,0.006011820011566565
12763,0.010131730886777037
12765,0.007132232014344708
12766,0.005288900144051645
12767,0.003927890304505662
12768,0.002887041244212555
12771,0.0052507156424789585
12772,0.011558839762928118
12778,0.0035939387605912285
12779,0.0036552458690595046
12780,0.05682320591679571
12784,0.008747019611889817
12788,0.005215543580921774
12792,0.005736238293658893
12794,0.003147883135284058
12796,0.003630630970614039
12798,0.05554056167658957
12799,0.0037215100683303175
12800,0.003103206846749786
12802,0.013892844732441935
12803,0.01054665479253073
12804,0.016241386725039296
12805,0.0039008019891826834
12806,0.006972446013857526
12807,0.014193861819097002
12808,0.006160365661459601
12809,0.17768089109305185
12810,0.007569138565567694
12812,0.05626161951569727
12814,0.005882560102260282
12815,0.0028923045670780755
12816,0.07225062527101622
12817,0.004444934639857227
12819,0.003864788650752821
12820,0.01607944763218486
12821,0.008311300703997628
12824,0.003061918117217378
12827,0.005332728592697748
12828,0.03291048569891159
12834,0.009903019831622464
12836,0.004000331518897329
12837,0.0038954452715838743
12838,0.002956003521730422
12839,0.019361749881761304
12842,0.0030900222251639834
12845,0.008541625928554996
12846,0.012134371206665585
12848,0.003160765483702181
12852,0.020701254496919164
12853,0.015722352839921128
12854,0.00352695354473637
12857,0.01152545457791713
12862,0.11065713301820447
12863,0.012355368717982498
12865,0.24106407775430916
12866,0.008826619169087889
12867,0.09184800358096952
12868,0.005116662061004659
12871,0.0714297987415485
12873,0.19347433643242395
12874,0.004946153304003703
12877,0.003447233437050944
12880,0.0035448015768629834
12881,0.020131346057142462
12882,0.015348793292206231
12883,0.0036308235001643084
12887,0.002903583188449444
12888,0.06167803505463068
12889,0.011064564799248885
12890,0.037800982844143315
12891,0.0066469090317834165
12892,0.004279099256375458
12897,0.002910843891529706
12899,0.014116214385134135
12900,0.026373843532115564
12901,0.2255981978189471
12903,0.06835801618197768
12904,0.008293060380681417
12906,0.004340733369181156
12911,0.004428998638545506
12913,0.004309671809415314
12917,0.00463428763515491
12919,0.13282983482001604
12921,0.0034892790678204715
12922,0.002982866897522175
12923,0.015309295314780261
12924,0.1799846120733739
12928,0.005054523770655929
12929,0.0036137665827532246
12930,0.006514332864008362
12932,0.08413580030590335
12935,0.003579746485473922
12938,0.014322773312067294
12940,0.039973755540121045
12943,0.011743425068099505
12944,0.0044150908738502
12946,0.11291292225707754
12948,0.21890585017824377
12951,0.21824573574582
12952,0.2242342394464884
12953,0.0036208390634054734
12955,0.032079778866850484
12956,0.01391922319362085
12959,0.005899728036783862
12960,0.06368765626422368
12961,0.0030200569990746396
12964,0.006080171217964225
12965,0.003494721457973645
12973,0.20057583354419956
12976,0.0030651876351722785
12977,0.0032373016507383336
12978,0.14021727338189993
12979,0.20219086833201716
12983,0.03971444258934862
12984,0.0031312823979904687
12985,0.007043960748764301
12986,0.021897014298171612
12987,0.007057240468279978
12988,0.006641366396268726
12990,0.025580693135442367
12991,0.021488675580124954
12997,0.014981313282016226
12998,0.12767545950076684
13000,0.007659243546370428
13001,0.05558517949565794
13002,0.030067012886642364
13003,0.005579996085153814
13004,0.1439873207428056
13005,0.0037470258398835726
13008,0.008706727423259833
13009,0.004859777825711398
13011,0.003030612758451325
13016,0.004042096646452056
13017,0.004557590533004576
13018,0.00579001412890715
13019,0.010172094715346766
13020,0.013702938223053901
13021,0.015294876088792129
13022,0.003613166242215556
13025,0.2232205673931003
13026,0.026092726083828087
13037,0.03994255013689503
13038,0.03668666470998526
13042,0.010598687979018348
13043,0.007230576384705339
13044,0.0030160339240022935
13046,0.003973702511475695
13047,0.2999388373026935
13048,0.004158486561763923
13049,0.013469898029305333
13054,0.005290447060835342
13055,0.009641313859632527
13056,0.0036849066607391773
13061,0.003224520980765609
13062,0.06324239926304914
13063,0.06704565615048552
13064,0.003305998957757449
13069,0.03710573340714516
13070,0.04937382172532306
13071,0.011303961228652064
13072,0.008861494653563355
13075,0.0216675165457183
13076,0.0040851728988407655
13077,0.0029434010727935555
13079,0.010291640037867351
13081,0.06745213407167856
13084,0.013290631741442085
13085,0.003707219632237739
13087,0.08335718461617063
13088,0.02637174703635425
13090,0.002963799106580275
13091,0.09748196827751189
13092,0.002901046649247513
13093,0.008727697014845541
13100,0.09561655629523759
13102,0.00848047308637577
13103,0.008523279976652113
13105,0.006299758975892295
13107,0.013903789907062026
13108,0.05733505113901458
13111,0.0036205496714430767
13113,0.0034329317519984056
13115,0.024127664538793153
13118,0.037125487595992775
13119,0.015028908660724065
13122,0.07429653355992134
13123,0.004131232479572031
13124,0.009004368776332318
13125,0.0659808365800017
13126,0.0035475417810744646
13132,0.011633482402820815
13133,0.07575732065315209
13135,0.02208254341182761
13138,0.02202513440464867
13140,0.021951895310680702
13144,0.2142307261955172
13148,0.013658293822959853
13149,0.010453187128948544
13150,0.009897519224053042
13151,0.010534488974287177
13152,0.002837104233458032
13156,0.13232428021745374
13159,0.024978298029652565
13160,0.07764498581673263
13161,0.005053299551734625
13162,0.02778901715707887
13163,0.016415614797159046
13167,0.0040799844770094485
13168,0.025663999106086743
13169,0.0639126822061091
13172,0.02415907506551744
13173,0.0031132475879609846
13176,0.003915181461866649
13178,0.22648128314918167
13179,0.003587044287070501
13180,0.015241367237228222
13182,0.008211840462859006
13184,0.03058527671589413
13185,0.010653328418947897
13187,0.006675137089318515
13189,0.018248679061160837
13192,0.029374334943731786
13194,0.10170016987069122
13197,0.003975034232143238
13199,0.02067581331115142
13200,0.003270520352169822
13201,0.008850105827188554
13203,0.003786756939382833
13205,0.008508389625446698
13207,0.0030806428109093945
13208,0.09298369708460034
13211,0.004654184216520142
13212,0.12420853972263271
13218,0.006827369122180461
13219,0.031230102275912375
13220,0.008439709617004574
13221,0.026092726083828087
13222,0.03125216743739654
13223,0.14699488340223418
13224,0.13897949388983327
13229,0.1903518336191148
13230,0.02040547789673851
13233,0.2534018394223201
13235,0.037869026792920715
13236,0.013859098882841064
13238,0.003528144028983899
13240,0.01175060064095701
13243,0.005307656858156033
13245,0.03470016873483436
13246,0.005563999869730939
13248,0.01761847554346538
13250,0.006958500120893325
13251,0.0073276198980097565
13252,0.007968478265480772
13254,0.008010586296892625
13258,0.0032271963425823964
13260,0.009248176738094511
13261,0.2723241765436415
13264,0.031130221557207582
13268,0.006345774239902717
13270,0.0150963219635247
13272,0.05912613958899333
13273,0.006292005194033788
13274,0.005070672733646615
13276,0.026574421117687305
13279,0.008918900740462638
13281,0.0036887284680344784
13286,0.026092726083828087
13288,0.0038636176718451695
13290,0.039307587521204675
13291,0.003157084268951785
13296,0.006345094384959676
13299,0.04124545412058777
13302,0.12318860195494456
13307,0.023783451567660874
13313,0.08189330666529918
13314,0.003624603064597416
13318,0.005553910507934929
13321,0.00749613765952924
13326,0.003988166922762502
13327,0.003469258799851288
13328,0.22607335663430858
13329,0.0052721641743041225
13330,0.05224481046067349
13331,0.06009220157720765
13334,0.1670088699962863
13338,0.01868805570824141
13339,0.0042236498201446955
13340,0.003897020897103796
13344,0.00469536759255217
13346,0.005298884800914647
13347,0.025040978936628492
13349,0.07881823318759194
13351,0.0030261864029944535
13352,0.003967105607757466
13354,0.003288650950996734
13357,0.10828798773657367
13360,0.01190598881958392
13361,0.026763342784264975
13362,0.032721525422661484
13364,0.014130634687768186
13367,0.05269760822493329
13368,0.004973012634184183
13369,0.062923983019909
13372,0.17337092655283082
13375,0.0411024735423633
13376,0.0031167035264891662
13377,0.0030348642991370623
13378,0.026092726083828087
13381,0.25472157946596125
13382,0.005141814062147016
13384,0.0029636735489072916
13386,0.0032796276563929723
13389,0.0036232067588296496
13390,0.0037439521546602118
13392,0.018253396714438805
13393,0.01302389044650723
13395,0.009055829599137918
13396,0.010844409107316955
13398,0.09710300043436867
13404,0.020715681203905288
13405,0.019292741850055972
13406,0.025667799407033613
13411,0.019342727858132746
13412,0.04582014659007223
13419,0.0146013645219483
13420,0.0042467463925274385
13423,0.0036975321573771112
13426,0.0038526760972523565
13428,0.024678779789555082
13429,0.003799681632940564
13433,0.005207603574579728
13435,0.004372276802337824
13436,0.0029109319005224993
13439,0.1275396732620811
13441,0.008350514414350897
13442,0.04785788305585189
13443,0.2901979037360212
13444,0.07485265553920581
13445,0.005872894205232688
13446,0.10798822296462868
13448,0.004119461323038185
13449,0.007073379132872442
13450,0.006015723790603364
13451,0.006671929535517512
13453,0.003431068204228329
13454,0.004184641620664457
13456,0.04746910774046253
13459,0.003004524659371086
13460,0.027659100722786264
13464,0.0033130929743365616
13466,0.003536683065671083
13467,0.003766889172047167
13469,0.021638246961597673
13470,0.22087587029553432
13472,0.002938231941149642
13473,0.003938943287571092
13475,0.0038895114181051963
13476,0.020783436785805486
13478,0.0035169259691909868
13479,0.0037716448739756954
13480,0.01961040252307201
13483,0.005263974082280766
13484,0.0049105147115583786
13485,0.03538812191907269
13486,0.003985697941673004
13487,0.003650776604223904
13492,0.23715023290948858
13493,0.014408860979380489
13494,0.004837092391101203
13496,0.003712975380795745
13498,0.0035315193215814315
13500,0.11958384951667217
13504,0.017285168925097842
13510,0.029287948019268855
13512,0.004000786189499796
13513,0.0035212425843992277
13516,0.0039303566805185125
13517,0.010399037270338253
13518,0.026092726083828087
13519,0.24241398003824033
13520,0.2741516676840843
13521,0.026092726083828087
13526,0.0050784957674238915
13527,0.01682768722077959
13528,0.003880408987927696
13529,0.050066599473480876
13530,0.007725021883348766
13534,0.021446590395767007
13535,0.005404713171764958
13538,0.013716464849580253
13540,0.006356180655801085
13542,0.01242801783291741
13544,0.02255783558315754
13546,0.008789070149540409
13547,0.0037470258398835726
13550,0.004598650211325199
13551,0.058829077202015204
13559,0.006005174053581012
13561,0.06034263415821103
13562,0.024983968711235677
13563,0.0027997160088318045
13564,0.003927400426106859
13565,0.009179752365706288
13568,0.0036440021515674564
13569,0.0036234549759018918
13570,0.008845704224811915
13571,0.0029060957960110084
13572,0.0070312129880991
13575,0.2599223165546608
13577,0.007832728310628688
13578,0.0123786157315849
13579,0.23858242289129677
13587,0.008365503636625228
13588,0.0039021286565593914
13592,0.018359593976562786
13593,0.008353769965465203
13594,0.00952180910459702
13598,0.0035581130852335285
13599,0.004792388614464923
13604,0.003961756756204232
13605,0.0961561846154409
13607,0.007177547235373524
13608,0.004670005976851099
13609,0.00876008668557605
13612,0.025084030159906623
13615,0.0037279403644744254
13617,0.0210368092403577
13619,0.003757366255068711
13620,0.005221872632984109
13625,0.0038639665082635713
13627,0.026447236443868143
13631,0.006346492471614517
13635,0.08347558213007893
13637,0.0032810184095253096
13641,0.010719036382060917
13642,0.003898435659428663
13643,0.07137819611142338
13644,0.0028197153239928963
13647,0.005620711246500485
13652,0.02233720373474679
13654,0.010250104747377415
13655,0.011328349279279696
13657,0.015887717304869004
13659,0.025717613268768043
13660,0.2479875460255227
13663,0.003939008757302362
13664,0.004152906964721834
13665,0.0036841380643969483
13666,0.00422142538264664
13667,0.007425722795826543
13669,0.011870870462900198
13671,0.02082000827141449
13673,0.004299070358086878
13675,0.038614310934838726
13676,0.002876448471040164
13677,0.005927875464163026
13682,0.02047577075060418
13685,0.0075025013335730745
13686,0.022546611708008823
13687,0.21211590733853034
13689,0.0039718953292649534
13691,0.022678292814150323
13692,0.07825362029842395
13694,0.021551203402303154
13695,0.004323886358515764
13698,0.009886532611755336
13702,0.003977221409368872
13704,0.00596091339631072
13705,0.01571517856891465
13707,0.18693545278726778
13709,0.026741857754641295
13710,0.14307079249747504
13711,0.002971401283933709
13713,0.03627978097763808
13714,0.0062399377088723
13715,0.007680844952205049
13719,0.00912630346107977
13721,0.016886738478298614
13723,0.005323996457805192
13724,0.016654963115514065
13725,0.025292980123189653
13727,0.013703343859698904
13729,0.004484448856517595
13730,0.004650072458649469
13731,0.0029774023299513276
13734,0.11604690894471163
13735,0.21968983243603785
13736,0.003939696126236079
13737,0.25817562180934484
13738,0.0042139994802641
13742,0.0028189965889412172
13744,0.003591323586987012
13748,0.006419141390447922
13749,0.009903797877256692
13750,0.00861435909057828
13755,0.0058859935733797135
13756,0.007892625416015816
13758,0.0032143863900813085
13759,0.17324219948366876
13762,0.006543033323764003
13763,0.022187599065653204
13767,0.006046386644857324
13770,0.04646441633261168
13773,0.011000019395139664
13774,0.038562494049098145
13775,0.005131653432529518
13777,0.01561545909930954
13778,0.024881648008082624
13780,0.01228443372818253
13782,0.01228703108055034
13794,0.015246928152354101
13800,0.014801492957177838
13802,0.0029666262653012558
13805,0.0069823454308825346
13813,0.010555702131918514
13814,0.005762538939888882
13815,0.013559883725381005
13817,0.03739862691287316
13822,0.011945292710498668
13823,0.0659537330499441
13824,0.013667136101110436
13825,0.0076908154255893035
13827,0.014325461384504053
13828,0.010243528736873356
13829,0.17533465056353995
13831,0.008110136375600489
13832,0.014779976924774898
13833,0.236241408616502
13834,0.0363935086476675
13838,0.004106845692438972
13845,0.01735778980591996
13847,0.1002192797348826
13848,0.025040978936628492
13850,0.016095750258765303
13852,0.04852537434148991
13853,0.17501803186207118
13854,0.002864186514118093
13859,0.04611651706864096
13860,0.006972102183456676
13861,0.042005095564813424
13862,0.008782494063260149
13863,0.006360634136297661
13864,0.06897437658222601
13865,0.006141746065251226
13867,0.2250495970028139
13871,0.021149634395551325
13873,0.034747307762893274
13878,0.02930596295918709
13879,0.0036109071411985893
13882,0.008587006469058928
13883,0.00781195950363597
13887,0.003724967424336327
13889,0.011610140508181245
13890,0.00941275474367693
13891,0.046354571525154896
13895,0.0028854150477258013
13897,0.004268545953938903
13898,0.15652990544860126
13899,0.007493292523105729
13901,0.020090471734851605
13905,0.007883859794256643
13906,0.05041681547253338
13908,0.10407553413795166
13910,0.019547394610456542
13912,0.0049122906994365405
13917,0.011712297047694718
13918,0.003801941226719384
13919,0.07892270797356235
13920,0.0390348367183435
13921,0.004344250174967896
13922,0.00477056493469159
13926,0.01423696480305249
13929,0.03918222582265867
13931,0.003161086402858689
13932,0.006366273058799855
13934,0.0067837992680719866
13935,0.03126007463595997
13936,0.022388359723148496
13941,0.022678947815418547
13944,0.12762064812383947
13947,0.008331319200698455
13948,0.03389233736763314
13952,0.2004907442844058
13954,0.008043941062358924
13959,0.027910068519760665
13962,0.006243079957200511
13965,0.025441043495484247
13966,0.007534825151012859
13967,0.0030235158262855656
13968,0.026092726083828087
13970,0.10789896451486518
13971,0.009394861853252163
13972,0.003576425286364754
13974,0.02747509890810806
13979,0.021344708807035984
13981,0.2284107786127352
13982,0.009396007057966487
13985,0.0036859902838823943
13987,0.1397051124424264
13989,0.03832665789381112
13990,0.08641712015856418
13991,0.009895784883841676
13994,0.011715981224341953
13995,0.0035230048945803527
14003,0.1491723304911034
14005,0.04378397783547255
14009,0.0028876003746676378
14010,0.1767022435138391
14012,0.041868135519726485
14014,0.17619945440130794
14015,0.003593712381501271
14021,0.01809380000884264
14023,0.00854210905151207
14025,0.002950135972289476
14026,0.10580452501528692
14027,0.082729585732101
14029,0.009768317181730433
14033,0.007447087062720082
14034,0.010253137431012119
14035,0.014802233351777185
14036,0.00402284905631959
14038,0.020892535845766346
14039,0.011705186158326705
14040,0.01846708549544316
14043,0.03668666470998526
14044,0.013172209196011534
14049,0.014705153989045703
14050,0.024755764015044954
14051,0.012385177010272154
14055,0.011121802446958918
14059,0.0679614480971131
14061,0.026092726083828087
14063,0.002965811067680339
14064,0.24081295741864617
14065,0.003805160595738473
14066,0.024309135677467515
14067,0.004181629417987117
14068,0.005827054281089682
14069,0.012382992794345724
14070,0.038960856028704534
14072,0.026092726083828087
14073,0.006117147491000157
14074,0.0074756765252377115
14077,0.07517447621779978
14078,0.080750675208101
14081,0.016941490591025794
14082,0.010829876703802052
14083,0.00813702661328795
14085,0.006157884757587683
14086,0.03837040229396266
14088,0.004270522700592213
14091,0.044369619841441874
14093,0.009903019831622464
14094,0.004394946532849108
14097,0.003770771136064057
14099,0.03014561484162273
14101,0.023215598586214456
14103,0.0190172429499087
14107,0.06339135336600628
14108,0.004887373849986979
14109,0.005228253959145337
14112,0.0029056681402822747
14113,0.09773244571539727
14114,0.03874403470859443
14115,0.07572345095395033
14116,0.02361706502621429
14117,0.17068724499847032
14119,0.007003738810108458
14121,0.02067926144202014
14122,0.008003962978789417
14123,0.010232805938675683
14125,0.04455556792496883
14127,0.17051612883392267
14129,0.044454252215845314
14130,0.010120127291132026
14132,0.01259817875577594
14134,0.07066312158487488
14137,0.004840270514707767
14138,0.014294742849829099
14139,0.0036257276205874864
14140,0.016933021700124833
14143,0.014855167281667973
14146,0.003350978701648272
14148,0.003025524806337425
14150,0.004836500324909566
14151,0.0033827292779604677
14152,0.0038752796450805104
14153,0.006270156823782042
14155,0.0343640282101756
14156,0.0312821269408035
14160,0.04384914284481838
14162,0.005218972854802305
14163,0.004094420731295252
14164,0.003848965929623083
14165,0.021225974955647924
14166,0.0030319846406436693
14172,0.006279387852352165
14173,0.007708113164716945
14174,0.018309765951196235
14175,0.025382429048304105
14176,0.05172215953488961
14178,0.009889137957653078
14183,0.03528073529255052
14186,0.08160087393382814
14188,0.009632962761421428
14189,0.005881266322219664
14190,0.003438211126669277
14192,0.07806243939107907
14193,0.004063190162672654
14194,0.011866088689867051
14195,0.004484717484791283
14198,0.004408586479315944
14200,0.03275350897445402
14201,0.04519265838293443
14203,0.003092183742451203
14208,0.11963374026874739
14210,0.0048219660427204864
14211,0.003167461346080285
14214,0.005666031901604612
14215,0.01828462107041891
14216,0.22576582219430802
14217,0.011744193495276965
14218,0.003954175663633353
14219,0.009870547197664323
14220,0.05114111944855123
14223,0.02058141397210762
14225,0.0034875340100805918
14231,0.008771021180610489
14232,0.0029879412401978478
14234,0.019490776657572623
14235,0.1107431836373756
14236,0.2001050115294066
14237,0.04114523119661787
14238,0.13266340633390214
14240,0.02660284496540812
14243,0.009841050284033252
14244,0.06574789827173597
14245,0.01749101632199966
14247,0.044881386949255676
14248,0.017898886120025256
14249,0.2184362544768585
14251,0.026540549198961434
14254,0.004851712249421307
14255,0.013792745542307307
14256,0.00921481609250158
14257,0.0030881810849408354
14259,0.004350579943804042
14260,0.23707346719110142
14262,0.07283692571832164
14263,0.003360097544863132
14264,0.005385804993594955
14265,0.030899446595977043
14267,0.01022988048298362
14269,0.10312677847956458
14270,0.01128294028467644
14271,0.009378967923740182
14274,0.013014255358527096
14275,0.0765721867105017
14276,0.30154463042764207
14278,0.0036349561943968965
14280,0.11757521867933213
14282,0.008782538654315022
14284,0.0033923517227298448
14288,0.004901100296435577
14289,0.019234716211940665
14290,0.0037249225312822594
14291,0.27292084321103366
14292,0.003792359696876488
14293,0.004408517814055196
14297,0.16146842879371642
14298,0.007998934632174255
14303,0.014424390775446551
14305,0.012309870281235416
14308,0.08578478980468866
14309,0.09084271508025552
14312,0.013877048686645868
14313,0.018468741515227188
14315,0.25391994141158386
14316,0.0030041180515504432
14319,0.009864787221238458
14321,0.003695297455905312
14322,0.004083340805943091
14323,0.004318853551759392
14324,0.025040978936628492
14327,0.02643387806266859
14332,0.021122597632778396
14334,0.007349311053929534
14337,0.0663392068056705
14339,0.02873201142996232
14340,0.058811889831284346
14341,0.0071628190249630325
14342,0.1545042717567197
14343,0.06530205953524035
14349,0.027015380405306894
14351,0.0034362913510916165
14352,0.03204529609344612
14353,0.01811340487491663
14354,0.00344928997325674
14355,0.12751777774234963
14356,0.026092726083828087
14358,0.1714638424186032
14360,0.03131644119533868
14362,0.002934908720860943
14363,0.020506679737049862
14366,0.015564106912508036
14369,0.04199774379607015
14370,0.0167337181778756
14373,0.03955988771748381
14375,0.025737574611378385
14376,0.0029516394130673297
14381,0.0031661397939734192
14383,0.003688568135441358
14384,0.0029271673365988196
14385,0.003985697941673004
14387,0.01182662678985423
14396,0.005586037542056934
14397,0.029009950064144457
14400,0.011161819691078358
14401,0.05760326875372254
14403,0.0074812464871236925
14406,0.10870614416055474
14408,0.008979969206807705
14409,0.18838245005058865
14412,0.043209482514222325
14414,0.0035548242940773695
14415,0.00857580836704134
14416,0.0030553577272930746
14418,0.02732752389719138
14419,0.013376907618425153
14420,0.011582629114537264
14422,0.028304159512792346
14424,0.020435211551544593
14430,0.036194324647848615
14434,0.02681753552479302
14436,0.005846515139044605
14438,0.022708527352252476
14439,0.009597101884673198
14440,0.006862447451785859
14441,0.003531087390146688
14443,0.02338393870788791
14445,0.01718037623795331
14446,0.02124119300901742
14448,0.008787216825248703
14452,0.008560070053168275
14453,0.012092629863462176
14455,0.018178194408367623
14459,0.003586309068314008
14462,0.028201852555994018
14464,0.008772504613511787
14466,0.03152520528755687
14472,0.0398494204102627
14474,0.019342206682028906
14476,0.003008073331534634
14477,0.019486501477825064
14479,0.012940639241611873
14482,0.0032822617504901863
14483,0.0029876929850128973
14486,0.00296255748270903
14489,0.10743074569998982
14492,0.4056763111472753
14493,0.004051233715822618
14494,0.061459263710933736
14497,0.09731779040827931
14498,0.005310706660636737
14499,0.012293720956093554
14500,0.07392448367264041
14502,0.0035435306813708695
14503,0.0030097944699391337
14504,0.23956090171834216
14506,0.018336437036258698
14508,0.00642735347530237
14510,0.026092726083828087
14511,0.1305472989510406
14516,0.0029396203992506412
14519,0.005770915294813375
14521,0.003634956385496814
14522,0.01565824408735279
14523,0.004179963828285642
14525,0.011193336720800036
14527,0.01314444351472278
14529,0.028952472769141688
14530,0.004597233595448693
14533,0.006693430090648351
14537,0.004028482226250722
14538,0.017036296070423743
14539,0.0028526664300243315
14540,0.11874561520796778
14542,0.014114380665827302
14544,0.008148209824235473
14553,0.004440120036589938
14556,0.01056677059246515
14557,0.007189713635547558
14558,0.1060632207894565
14561,0.03471899172961192
14562,0.01654330767760356
14564,0.12179034415246744
14566,0.0354251464272705
14568,0.019163152452785482
14569,0.03459537651067348
14573,0.010172814895491347
14574,0.003946385989845869
14575,0.025688422771088567
14578,0.003497914831786622
14579,0.006584789053652823
14580,0.0033455126338020956
14581,0.028959088744883097
14583,0.008959197626508344
14587,0.24288377960533997
14588,0.12475405137441062
14594,0.006412568250576618
14596,0.00970734159276051
14597,0.015096069912243371
14600,0.12447094262992953
14601,0.024071254501543186
14603,0.02056971538523508
14606,0.0458556221028591
14607,0.003369172282130726
14608,0.02189151271745991
14610,0.08497639519375615
14611,0.028719570501547897
14612,0.008710301995822725
14616,0.040950598043552555
14623,0.09816399799101913
14624,0.07158366549264211
14625,0.006587012886114559
14626,0.02525318703414431
14627,0.017971262708325178
14628,0.005341280087239309
14631,0.1663466177105729
14632,0.0658970481091356
14633,0.028458134256556918
14636,0.10381209442163973
14637,0.00854417382927773
14640,0.1532713503977107
14641,0.003956597016219568
14642,0.02311618384107072
14645,0.0037641211940972834
14647,0.009329351779363936
14648,0.10631433379367858
14650,0.029462403234561736
14651,0.0031655275491049117
14652,0.24634225258410053
14653,0.20533663505692884
14654,0.004597746119676539
14655,0.016034072858661402
14660,0.006425534320395976
14661,0.03128158065276826
14668,0.0034030830753242094
14669,0.014676096658536952
14670,0.2583992837271603
14671,0.0035246728270296283
14677,0.007298953955659353
14679,0.07267178950941172
14682,0.006146730247618458
14683,0.008923641265996872
14687,0.009922557919428896
14690,0.0034650553658920036
14693,0.029474818055150453
14694,0.030897122822852868
14696,0.07270411937633191
14697,0.004874694202328166
14699,0.0817477793577412
14700,0.0034994014685952113
14703,0.03953002763351275
14704,0.0036712554198265555
14705,0.041796655493100576
14706,0.005713840124692541
14707,0.017070776337236093
14708,0.11477702769439035
14709,0.004275972448781472
14711,0.015089893163297521
14712,0.00761368496316911
14716,0.09746797755873582
14719,0.003317500381468026
14720,0.0036035118484411036
14721,0.006629382335150869
14724,0.008502691535720601
14725,0.004491694196802827
14729,0.007265657788595606
14730,0.053956080169149906
14731,0.021946722096677793
14734,0.1421133186517867
14735,0.00807036216804384
14736,0.0039068510291882875
14737,0.009903019831622464
14738,0.009626605726356832
14739,0.07575732065315209
14740,0.012428740546675861
14743,0.02285631597131231
14744,0.08599974153360823
14745,0.0059413135360898706
14746,0.12693001511384255
14749,0.0033253358775491566
14750,0.002981139247882639
14752,0.004782061890925576
14753,0.06729555036550039
14756,0.0037111351108024813
14758,0.004425738875487132
14759,0.0078858096071147
14760,0.005003412045921735
14766,0.0068865062758707895
14768,0.003462483518911055
14775,0.07367281441872375
14777,0.029450193677279125
14779,0.005474340705816495
14781,0.005808615462612891
14783,0.009710249984926466
14784,0.0077660973356920475
14785,0.003876875713511691
14787,0.003417513625367915
14788,0.21469065514041735
14793,0.030495475040539306
14798,0.09724916469782618
14799,0.0093955635203808
14808,0.009423361847933449
14809,0.023283707736637307
14816,0.24181333860229837
14821,0.019184902070335758
14828,0.1767022435138391
14832,0.02994924787667021
14835,0.034726716399508695
14837,0.013425133687642858
14838,0.011523184011671406
14841,0.03459537651067348
14843,0.007936387886706708
14846,0.011860127814789425
14847,0.02222846848688929
14848,0.01433651423302802
14849,0.004562021296889266
14850,0.08220365296565782
14852,0.007337637131382943
14853,0.07408660230802602
14855,0.010250483893992673
14856,0.002967525691679126
14858,0.03856402234480741
14859,0.0037137347951688477
14861,0.03794959232323587
14864,0.0214724951331201
14868,0.004055860369418587
14870,0.0029481239036809816
14874,0.02458503258009869
14879,0.01959399417379931
14882,0.0038790828124604074
14883,0.012087833667559384
14884,0.009185638006475885
14887,0.17776912677381962
14888,0.005387378999643915
14889,0.024004753483207807
14891,0.04199774379607015
14894,0.11717594067848607
14896,0.03041520304747823
14897,0.09324653140048324
14899,0.0727737729763051
14901,0.003958864269363055
14903,0.0035419116795281005
14905,0.18431756280188935
14911,0.005128954539841623
14912,0.23483226278138278
14913,0.021683030514084777
14915,0.01012952912395155
14919,0.009632699309795184
14920,0.10163164119814641
14921,0.005477108219262487
14922,0.006995940579185537
14924,0.06464533907383552
14925,0.03591529829255206
14926,0.003008035294539291
14927,0.011916347561749767
14928,0.053149780259059254
14931,0.16285751773810808
14933,0.13627566787192377
14935,0.06034701611387918
14936,0.009749935197853271
14937,0.0034557984597569807
14939,0.0043813432230215025
14948,0.0029322228095225444
14949,0.012854438093392423
14950,0.021189663888651882
14953,0.14021727338189993
14954,0.004068508889163955
14957,0.003052150521832178
14958,0.037608395864969946
14959,0.035096113830843836
14960,0.03734497651172971
14961,0.20317674121528756
14962,0.015293803205333543
14964,0.03489386207808476
14965,0.0038673441120715816
14967,0.003796874352981208
14970,0.004998150372854601
14971,0.004816403783872159
14972,0.10585663053171852
14973,0.006507775194564361
14976,0.029633860732433952
14978,0.26314736872212274
14980,0.01008604949260144
14981,0.08058317469573407
14982,0.010258262083770123
14983,0.009006416393254092
14986,0.009802219372611833
14987,0.0031982613280134324
14990,0.03819341307067528
14991,0.003065338950313148
14993,0.023752524534952583
14994,0.03806488587209105
14998,0.009831868094137969
15000,0.0221456681537264
15001,0.02863144450419699
15004,0.018894058219364556
15007,0.003212126684850787
15008,0.02799372885392956
15009,0.023271994205654154
15011,0.035453561622422684
15012,0.09330477477000436
15013,0.010332713387568675
15014,0.013565447142523734
15019,0.01370304749739696
15021,0.02498795760328673
15024,0.059513907322532936
15028,0.009871330321171864
15029,0.011302387294625318
15032,0.003861167410961546
15035,0.09074550533218141
15037,0.01693828464519557
15039,0.004179182708845256
15040,0.009871577622236375
15041,0.16711359721200086
15043,0.01145299477341163
15044,0.006297187222497694
15045,0.004035258549085635
15048,0.0217041376075507
15051,0.004074396612108489
15052,0.0046468085224013935
15053,0.19033444294512422
15054,0.007872628562706995
15055,0.004753062293325923
15056,0.19527076637220991
15057,0.0045930985028309335
15058,0.006251002019913067
15065,0.006886630619490765
15068,0.0038263391494263205
15069,0.011745240183836903
15070,0.008206316975836781
15075,0.025040978936628492
15077,0.011890266389896886
15078,0.053270694876123355
15079,0.024095730682146745
15080,0.12266662213748114
15081,0.005032531161663407
15084,0.008091511365508433
15085,0.03234216741576707
15086,0.0038487638101974224
15087,0.003929139439100723
15088,0.010266596834871272
15089,0.003915920096538971
15090,0.20173573177436388
15091,0.06979318645626414
15092,0.019084040082518794
15094,0.02241413852015257
15095,0.0028444643363341932
15099,0.05519386843511385
15100,0.014364274643638823
15105,0.020334232099894746
15106,0.01648595025362872
15108,0.002874503257445096
15110,0.011367657581519345
15111,0.2407907448919473
15112,0.004265888404889335
15113,0.21606583649413108
15115,0.008674855252490484
15116,0.005851584106501707
15117,0.009370535266517493
15118,0.016489817035751544
15119,0.013928889890695172
15120,0.004179642213998842
15121,0.004226801056159881
15123,0.0027855115661707393
15126,0.037091887488545194
15128,0.01605543027112407
15132,0.006432559670746557
15133,0.018236378974093175
15134,0.026901821818784283
15137,0.006224152265910339
15138,0.007513434671638372
15139,0.07527870439765405
15140,0.030847760582754218
15141,0.014485561909426058
15144,0.0059111403357120125
15145,0.002871310894689365
15146,0.0118469504916288
15147,0.2795341366146261
15148,0.0046486932772328154
15149,0.004100641097557201
15151,0.22524476684215936
15152,0.003316811673125471
15153,0.003625668066010913
15154,0.15077349179123603
15155,0.06030462212811024
15158,0.012553624134562355
15160,0.00681751455319662
15161,0.18699004524296456
15164,0.0390950553283251
15165,0.024105627685441392
15166,0.22628130557079754
15168,0.007896394623828911
15170,0.0035401255491776906
15171,0.003707606288471862
15172,0.010553228616691678
15178,0.005980706040656387
15182,0.005853956718077885
15183,0.004346517981677568
15184,0.024092217183486826
15185,0.02632621109817698
15187,0.0036886120474032844
15189,0.004757917781609699
15190,0.006629382335150869
15192,0.0073737743945325
15193,0.0028325648348296413
15196,0.003476204790728319
15198,0.006196271058784537
15199,0.030164360786980177
15201,0.041997965244603086
15206,0.04382177778141488
15208,0.004375428610595194
15209,0.025438304780000445
15211,0.0033451218762359566
15213,0.003822487466346614
15214,0.0039823456566265
15216,0.00577709290444562
15217,0.16227300273012654
15219,0.00284605083831336
15220,0.003475364160130221
15221,0.07520273249790574
15222,0.03469296923344102
15223,0.0067890414118006205
15224,0.042886097510991567
15225,0.004164087915129278
15226,0.19293971799353482
15228,0.004220403927313556
15230,0.17171029974177057
15231,0.040953210485678695
15232,0.004220403927313556
15233,0.0037552210586534658
15234,0.010869377604841496
15236,0.008718752189336373
15237,0.16237382653861687
15238,0.015127475380942298
15239,0.00496959063204941
15241,0.011237308973576228
15247,0.047777118669295585
15248,0.0037477805167372017
15249,0.007391247677261325
15252,0.2017997968587227
15253,0.003397760204576311
15256,0.09874176626532859
15266,0.00380930300598444
15270,0.009471694648893305
15271,0.014816944491125056
15274,0.05150944200573207
15279,0.10440130134194675
15281,0.00860636816761679
15282,0.008234254919946974
15283,0.003492140811751797
15284,0.004446839242015334
15285,0.003733512159763977
15286,0.004710168358199907
15288,0.006501856056629889
15290,0.0035330147684145777
15291,0.0032388926393113176
15292,0.0048405889808683985
15294,0.0037938283467006547
15296,0.0030209762177036965
15298,0.0064983080697674925
15299,0.11770062033884081
15300,0.04784696297415721
15302,0.006842862725169149
15303,0.0030587173236226034
15305,0.00394213734242953
15306,0.01603708664507162
15307,0.17167481826340206
15308,0.22776193884403112
15312,0.0038223503150815363
15314,0.009649560919480315
15319,0.02793304224685307
15320,0.003567753090746395
15322,0.006590628525629863
15324,0.0036929831805104906
15325,0.6915398170097272
15327,0.004593547885169554
15328,0.004004108713565014
15334,0.15920365620031832
15335,0.3020498065438493
15339,0.10623954341394458
15340,0.0030448532459584096
15342,0.048167645117545885
15343,0.00395753564667053
15346,0.007423289385340677
15347,0.10451623302823566
15348,0.012775713721892531
15350,0.003974387330373472
15352,0.003396031683934381
15357,0.10308231631928667
15359,0.013247158782289176
15361,0.07686711394877561
15363,0.01337505436299866
15365,0.0036785791309290046
15368,0.0030066157608063275
15370,0.04070062538261598
15374,0.008641184462416242
15376,0.005095848746229814
15379,0.007302305290107028
15380,0.0034200582774813262
15382,0.04860736033622604
15387,0.00973999209486464
15388,0.24742972169033506
15390,0.06739633311159592
15391,0.006368827775426132
15393,0.19261860381719584
15394,0.04438730560440455
15395,0.003344150145611079
15397,0.053897891893369534
15398,0.004418634669623374
15399,0.0029434147281157956
15400,0.0042913018232973
15401,0.01334473331419813
15402,0.19917543140538602
15403,0.003431586873056809
15407,0.09458042999413104
15408,0.023169467337711303
15409,0.21942912811686963
15410,0.010171982891930267
15411,0.008783577163124246
15413,0.04246331444325802
15415,0.005016710956717614
15417,0.0029100454866270013
15418,0.0042982971795056885
15419,0.0036981993765240915
15420,0.04199774379607015
15421,0.021284310537873732
15422,0.02738031512941076
15427,0.002883548555328097
15428,0.026092726083828087
15432,0.005493582122514125
15433,0.00319949466222381
15434,0.003447012862165313
15435,0.0030189641339302253
15436,0.0029388142547576795
15440,0.03234991200994213
15444,0.15525243458526436
15448,0.17750915189135397
15450,0.19489130724540843
15452,0.0028362223165009563
15454,0.004132946272412001
15455,0.009090729464255686
15459,0.0053224959694087816
15461,0.005128437513058481
15462,0.013822487234029176
15465,0.015455292690309852
15468,0.036471212248520915
15469,0.010877591339811043
15470,0.010376622475283743
15471,0.0036120277420602044
15473,0.0029993279224299523
15475,0.014760419865010197
15476,0.04850925454228581
15478,0.0060318063351792
15479,0.003570766053878917
15481,0.005787090074315735
15483,0.022470618400171765
15484,0.026092726083828087
15486,0.0048819794762941975
15487,0.0062986219134439254
15489,0.003830797684245071
15490,0.0037470116299720734
15493,0.0062589420998106285
15494,0.003524452827276576
15495,0.05024847085602782
15497,0.093813183978285
15498,0.0029711943071507253
15500,0.005686237440810753
15501,0.0037360796794406403
15502,0.023845100138238148
15504,0.05279569325514709
15505,0.00975124800235432
15506,0.015122525407900657
15507,0.003251769297612882
15509,0.019268112324683794
15510,0.014035200967764798
15512,0.16158154020509302
15513,0.004725100509898576
15515,0.02660425709347102
15516,0.07086867778002541
15517,0.02471017124902143
15518,0.009568904468173569
15519,0.07418211134689945
15520,0.022589146143835552
15522,0.014017166594708416
15523,0.020200258233867646
15524,0.016799793476078913
15525,0.0037326307494374876
15526,0.00388031218609727
15529,0.00703942537882364
15531,0.07724043326586838
15533,0.027444719742456755
15534,0.0032082426153773554
15536,0.004749632658193448
15537,0.07154764860424613
15539,0.013807627843609258
15540,0.02355205279210311
15542,0.011797080073786556
15543,0.017901718276032038
15544,0.013637258774052639
15546,0.19977041277455904
15548,0.2534709144461133
15550,0.07575732065315209
15554,0.2702200498618803
15556,0.018414416297067776
15559,0.11176324154191414
15560,0.006981363957623234
15562,0.005483527134594185
15564,0.004859555573327442
15565,0.004276191479922042
15566,0.003975998248915188
15567,0.25397128734427615
15569,0.05565122348142882
15570,0.0042061849793279425
15575,0.15085684999581317
15576,0.013462189052279623
15577,0.03167999084966991
15578,0.03440082691924453
15579,0.01486127770772626
15580,0.056885304652549186
15581,0.005657456004369124
15584,0.05882947658174819
15585,0.007567456271205729
15587,0.03872113551881028
15589,0.014668601711796047
15598,0.10176454404909097
15599,0.036471212248520915
15600,0.0038594612356194144
15601,0.006835781850744801
15602,0.06910409591162223
15607,0.034544652388546884
15608,0.007257564521977165
15612,0.06251562160086996
15613,0.027673487429246503
15614,0.1148527206257282
15615,0.2327024452059624
15616,0.003314990341932332
15619,0.15234453977699336
15620,0.021807566696118334
15621,0.028254353240240202
15622,0.03465655102405353
15624,0.20173573177436388
15625,0.012292347690754088
15626,0.020996854633501975
15627,0.00556009510045278
15630,0.00434903270200487
15632,0.004298036320994081
15633,0.003847824459088181
15636,0.018788925660858
15637,0.014085233946930441
15638,0.005588302451584102
15639,0.003898166447395803
15641,0.05887367649010795
15642,0.1727560287942314
15643,0.004005171607077313
15644,0.025830398230618862
15649,0.0278779169121055
15651,0.0055696087985145585
15654,0.02064311278761989
15656,0.029949063696933658
15657,0.00848266527469884
15658,0.19001209771690078
15663,0.005801089461749362
15664,0.25003134042143216
15665,0.0038178358901791885
15666,0.23830862085662105
15667,0.003346573687530106
15672,0.005264138933062138
15674,0.003148060413785028
15676,0.028188398218815556
15677,0.006738603358404399
15678,0.1707802920869334
15682,0.003818217184090813
15683,0.036471212248520915
15684,0.014666658516392867
15685,0.16858538927655908
15686,0.037629699369328584
15691,0.019239833689994875
15694,0.010520570525148834
15696,0.0195659557711979
15699,0.00897738314048196
15701,0.03125135041525041
15703,0.2222523355378346
15705,0.07003325256993573
15706,0.047371842532990496
15711,0.0071161094531647295
15713,0.031696776510018995
15715,0.14708059169958362
15717,0.010999290616866778
15718,0.19290010091504237
15719,0.005073352426990179
15724,0.2251155947884314
15726,0.004152922223185975
15727,0.006031771761987854
15729,0.006910344023159905
15730,0.018326887761959582
15732,0.030109360766839174
15733,0.0037571821466603284
15734,0.0036293604769999308
15740,0.026092726083828087
15743,0.01004917956651326
15748,0.01464019451835171
15750,0.02191237909947028
15752,0.0071878301583208
15754,0.0067963331732872724
15755,0.003019535607461728
15756,0.0037392566569258313
15761,0.013002361605455804
15762,0.01051961095032115
15763,0.004387384173314712
15764,0.5419252013073018
15765,0.3730755719987523
15768,0.010093048544239475
15769,0.003519341788702734
15771,0.18699004524296456
15772,0.05746357605020758
15776,0.06280310356767467
15777,0.20039307782107338
15782,0.014941358470612343
15785,0.0038781902627777376
15786,0.026092726083828087
15787,0.007961930801394563
15788,0.02709442279518603
15790,0.005820071632974224
15792,0.14512800940819343
15794,0.012771466220847833
15795,0.014129854133162874
15796,0.02099484516347418
15797,0.00296421246996634
15800,0.1386994137303909
15803,0.013336299377218029
15805,0.0374934877694533
15806,0.004457795628586674
15807,0.034720315117520766
15808,0.004719164231725873
15809,0.01079289203424002
15812,0.010555544601005575
15814,0.017435720388639424
15815,0.016938896091588555
15818,0.013730817922444355
15819,0.03481158398633723
15821,0.009524277210810282
15822,0.005247525837700151
15825,0.020181707642600064
15828,0.09123203277737885
15829,0.16291808836959923
15831,0.04151122758477884
15832,0.003563277678417691
15833,0.012286066202407556
15834,0.00857445684443295
15835,0.2656306448721232
15836,0.00959832170801392
15837,0.005567937542667215
15838,0.004250564190907479
15839,0.021865515882541722
15841,0.02860428222391928
15845,0.014360726244032401
15848,0.02338549791420646
15851,0.03646307149417332
15854,0.01228963182215163
15857,0.00534414178858756
15858,0.020205037610093086
15859,0.050019404417686916
15860,0.010290358293830232
15861,0.03467136279271352
15862,0.0051483969180977935
15863,0.010007210392988164
15864,0.009657576560489487
15865,0.01782557569474665
15867,0.009052216826274363
15869,0.04608660783755707
15871,0.02296360491472427
15872,0.004863411383093023
15875,0.00429970043923458
15876,0.00422220115323916
15878,0.00911058507671301
15879,0.13748454248698147
15880,0.1892912394502814
15881,0.13044406271604647
15883,0.23672081940369208
15886,0.24321473148178124
15888,0.004488317701894533
15890,0.011854934853519999
15891,0.005077925389693438
15892,0.007086278525554057
15894,0.16169537924684552
15897,0.0038335273447787387
15898,0.012550609313016412
15899,0.011859486886378428
15900,0.0058511159050038
15902,0.008777908745929463
15903,0.010171883919652404
15904,0.003660581998357446
15907,0.005049228621748364
15908,0.008771576215263508
15909,0.002904408252153533
15911,0.057529794344640804
15915,0.042011861760005854
15916,0.24689257595848493
15917,0.01215955107476404
15920,0.040277771773073644
15922,0.036512831541767175
15923,0.16802080667849184
15924,0.004675450392177833
15925,0.14680242720010217
15926,0.15790078565976584
15927,0.015619613867124129
15933,0.0037785533925626873
15938,0.00562633789743007
15939,0.004181513679755947
15940,0.1361153981641135
15941,0.04137507415639228
15942,0.003854667956354173
15943,0.007618346292376122
15944,0.010590708598666324
15946,0.08945430642714548
15948,0.026092726083828087
15952,0.010253586250439891
15953,0.017953940817969517
15955,0.06262227706807542
15958,0.02103181932070234
15960,0.03202166570311287
15961,0.011918111717645171
15963,0.006503655765189135
15965,0.007654700364825488
15970,0.003222597628590344
15971,0.020170956068042208
15972,0.021586676777359468
15973,0.004209952142235457
15974,0.03785701492863765
15976,0.004084259180360109
15977,0.04022992842834011
15980,0.03724526890543634
15981,0.00505712125625342
15985,0.006199013833690057
15992,0.016318383015132148
15993,0.01023009436597647
15994,0.0065027448846353055
15995,0.015113554556781142
15997,0.005673576984433399
15999,0.0033252639902636694
16003,0.030155696269529648
16005,0.03930206731100341
16006,0.07993499319047277
16009,0.006779635695676463
16012,0.009889010958394834
16015,0.01482627509978085
16016,0.028325003632591435
16017,0.003533451377413671
16018,0.0030817193095204268
16021,0.0045509445431432104
16022,0.07450257453111543
16023,0.0343109026408021
16024,0.008816059105346767
16025,0.00669433926135997
16027,0.004748496827705067
16028,0.06094466857828615
16035,0.06825530276320306
16037,0.0032647659826537823
16038,0.04360837570730148
16040,0.024072544383479912
16041,0.026208901464040767
16042,0.005255652048291762
16046,0.006961990020885185
16047,0.04560583146341275
16049,0.004300155586916811
16053,0.014417716851559669
16054,0.10131147592022911
16055,0.05615150696149138
16056,0.011310273534057034
16057,0.0035798042516152935
16058,0.05279569325514709
16059,0.04321425495904876
16060,0.026092726083828087
16064,0.0052754538222522865
16065,0.02051456813832382
16066,0.007078456598039617
16067,0.12456453716358316
16068,0.035390092804664645
16070,0.017515123736866665
16072,0.004977133676033455
16075,0.10369599109677465
16076,0.004095382498429239
16077,0.0029984089846243124
16079,0.07994265402574537
16080,0.07343720816695477
16082,0.0030713299349354913
16085,0.19686680071885393
16086,0.009172260413788115
16088,0.007139450917674809
16091,0.013320514842684004
16092,0.035449126487273885
16095,0.02692591891513349
16100,0.006252281116916678
16101,0.003301734026069625
16102,0.00393572464476394
16105,0.003663283563368881
16106,0.01244201950279539
16108,0.00707443666114779
16109,0.04269747683136918
16110,0.004051128668713999
16111,0.009395782909535813
16113,0.02504162085199956
16114,0.0223616550415868
16116,0.008661386088498124
16117,0.00830602212533495
16124,0.011049355664996981
16125,0.0028213284780653075
16126,0.2897304961904357
16128,0.0038801607540839686
16130,0.030488770429411078
16131,0.013560327950740986
16132,0.004803575279887365
16133,0.006427292908395556
16139,0.021515643730232303
16140,0.003424578890815394
16144,0.03486320045565202
16146,0.026092726083828087
16152,0.006983306424882978
16154,0.009905522875499194
16155,0.21753066408317956
16158,0.005602971776408198
16159,0.09825167007512811
16160,0.06794449547522927
16161,0.006791809667547536
16162,0.2003396239162728
16164,0.002989236508784128
16165,0.06929902670103293
16170,0.0035520101227529115
16171,0.005197073404164069
16172,0.2898285722218969
16173,0.11564739378589711
16175,0.026092726083828087
16176,0.2140178910913764
16178,0.02740505343268901
16179,0.00961946311534544
16182,0.01880066829337998
16183,0.008507965425646158
16187,0.005250437784171836
16189,0.0030022842674671444
16190,0.008131189653504692
16194,0.004165381885389688
16196,0.02418303088819572
16200,0.03692606032535183
16203,0.013365822251934424
16204,0.01017387340508759
16205,0.030162882102435017
16206,0.055740775758376146
16207,0.004646995492387566
16211,0.0710866033794214
16213,0.0122325487233553
16214,0.04375248602585923
16215,0.009423091379129086
16218,0.004737585300233437
16222,0.003923663722281234
16224,0.09531727184438919
16227,0.016456433375311542
16228,0.002963203925645493
16229,0.02022230936775111
16230,0.02906635881257197
16231,0.032598318891360695
16232,0.006747127814510325
16233,0.027480853494424435
16234,0.028948065810957158
16236,0.009191913435032551
16239,0.16121120387006652
16242,0.0066651658707549835
16245,0.02417166574041516
16246,0.004077851474769485
16247,0.16291808836959923
16249,0.006794083598296605
16250,0.003942203991774872
16251,0.04933989060826111
16253,0.020648695451335713
16254,0.0036949962814735965
16255,0.006386613020430328
16257,0.003192320268403051
16259,0.0029150978717441905
16260,0.006650424640800012
16262,0.01413166863491109
16264,0.016468720077990055
16265,0.005749025437856617
16268,0.004424164767908702
16270,0.009202990100290541
16271,0.0067038752991445145
16273,0.03333890763514209
16275,0.1003723490131148
16279,0.006189516840398971
16280,0.014051504830072463
16282,0.014141706363866656
16284,0.034054158224361045
16285,0.0035846318948624598
16286,0.08109605402937449
16287,0.02820879876907382
16289,0.03230385670646704
16291,0.020894152668662277
16294,0.02153437604120906
16295,0.010805134382187059
16296,0.0048809594492367474
16300,0.011746562650342102
16301,0.01411717677918903
16303,0.004297856183547121
16304,0.004082452928785214
16305,0.034154629686976135
16306,0.005514735108149119
16307,0.0065116690295589
16308,0.004760789509208946
16313,0.004700642230099893
16315,0.030677747803140126
16316,0.10639796536207054
16321,0.04121846465316568
16322,0.0033600790106577544
16324,0.003923674987081902
16326,0.08594439098809407
16329,0.01324982433238077
16331,0.003666460500223583
16332,0.21528155693283438
16333,0.013118352174806119
16334,0.0034390371858143455
16335,0.010985323789777575
16336,0.17337092655283082
16337,0.0046165758532428275
16338,0.003634505881415017
16339,0.015156445368354015
16344,0.004966173908136169
16345,0.005362456111571655
16346,0.1990956067115618
16347,0.010283199256227933
16348,0.015670115621551503
16356,0.004386126130745215
16357,0.012842109033365103
16358,0.003618596459737725
16360,0.0038471172012733102
16361,0.0051529443065840555
16362,0.015656398085273488
16364,0.011355665106052102
16366,0.003001192999138526
16368,0.04619158007421425
16371,0.003650412783507278
16374,0.009349949791055995
16375,0.009903019831622464
16383,0.026454821536289978
16386,0.008769466820271106
16390,0.00306758901558718
16393,0.003588445075677803
16395,0.0028681639595736145
16396,0.19975613592266603
16398,0.01608911428803982
16400,0.00363723177798152
16403,0.0031307765476293724
16405,0.0034622436730659435
16407,0.011755566777913045
16408,0.028244067329447134
16411,0.022632847071918732
16415,0.05136082762711644
16416,0.0032923561813258417
16418,0.07270415816108985
16419,0.17340602759089255
16420,0.010803261040721095
16422,0.03493114350671604
16424,0.03955811837303666
16425,0.012294033269316345
16429,0.2955292587128748
16430,0.03342834881307676
16431,0.003503842895231953
16433,0.018865009768939
16435,0.005464842787499202
16437,0.007113379117065008
16438,0.013097328658023785
16439,0.061728662619332575
16443,0.01212214668576454
16448,0.011017745724942232
16449,0.006168351130893966
16450,0.2171256736984412
16451,0.011716115637006199
16453,0.003341636889540815
16454,0.006333077468826543
16457,0.005442271483116368
16458,0.025592542600478167
16460,0.02184341104285445
16461,0.0075542801692424725
16462,0.2055170955915905
16463,0.04079280694023045
16468,0.17363143057561214
16471,0.17533465056353995
16472,0.08839454443996901
16473,0.0035147288347719763
16475,0.0038809243947885673
16476,0.06685483899561892
16477,0.010118434604406428
16480,0.003748739303278984
16481,0.008815516072220886
16482,0.004445918511951389
16484,0.0038636073171895804
16485,0.012127152722194251
16494,0.02070356083125007
16498,0.04019051362163825
16501,0.05509943126212573
16502,0.006453593003249933
16503,0.004642989548031932
16506,0.015199734178001165
16508,0.027355585749483675
16510,0.012277694207174136
16511,0.026270203334096277
16515,0.003953034183626857
16518,0.0039010735385411302
16521,0.028422590451304512
16523,0.03659715850372016
16525,0.015264401326925296
16527,0.009650310452032894
16528,0.013387199354980762
16530,0.00640059483231825
16533,0.023948731919411017
16535,0.1848130925725184
16540,0.06388103119124659
16546,0.004208071780153536
16548,0.0038271849668695184
16550,0.03830618108467327
16552,0.012561164313188525
16553,0.04158889263751819
16555,0.004473194761821863
16556,0.04029951606157043
16557,0.006334003815026096
16558,0.005572642824888059
16559,0.003693285844839074
16560,0.006540215844016075
16561,0.03348095192653481
16564,0.0053118013397921715
16567,0.2455193186920077
16568,0.003812414132388421
16569,0.003721936244736456
16571,0.2332662825275116
16572,0.05213332141147372
16576,0.007040655499968897
16585,0.05653172829986701
16588,0.013906539344673967
16590,0.0035249347177729287
16592,0.011315240859471321
16595,0.006511868723373742
16596,0.012283153269306592
16598,0.016653011895514866
16600,0.0034817949645195145
16603,0.013454818897539533
16604,0.025616097565890443
16608,0.004312335681331448
16613,0.0036500185508184266
16615,0.06002638677255017
16616,0.08656003874308686
16617,0.2835808781805266
16619,0.002927920152959707
16621,0.010785124953585185
16623,0.041415099206113797
16624,0.09135456944063064
16628,0.003888403240745418
16630,0.0038689836519092318
16634,0.004220403927313556
16636,0.009903019831622464
16638,0.00416740477857315
16639,0.0035849360245633058
16640,0.016482504443205395
16641,0.005531194615288897
16642,0.006706436676275696
16643,0.17121391333456498
16644,0.010278596961237955
16646,0.003018280850024735
16647,0.004135726588179978
16650,0.003468063324886354
16653,0.25923025044592035
16654,0.025068357975367748
16655,0.023041519069113933
16656,0.0037088346991689435
16657,0.00569495924322547
16662,0.003560740394070826
16663,0.050924571218996226
16665,0.0038802837986517944
16666,0.005080284396290946
16667,0.0034046827659624888
16670,0.03420773080590259
16672,0.00708692962009555
16677,0.005858941063133232
16678,0.0037619351161832845
16679,0.04106505139225607
16683,0.05587013920702247
16687,0.011623824138937085
16688,0.004306822169714583
16689,0.013305338208621557
16691,0.014128073599587971
16693,0.1682135577417583
16695,0.041716586635650796
16696,0.03267051007539764
16698,0.046086335826334646
16699,0.02878611134944428
16700,0.005002005197472033
16701,0.005084002377455462
16702,0.012284589442400753
16703,0.051143607883267383
16704,0.0309472528169758
16705,0.026910483026075016
16707,0.0041118192106989904
16708,0.027769771406418346
16709,0.12123820981449512
16711,0.2700999664505435
16712,0.02403451275412726
16713,0.01315887170726055
16714,0.037573814244282376
16715,0.22635142441997716
16717,0.002950420881965747
16718,0.004562922415570435
16720,0.025702221364982417
16721,0.00432155292434958
16724,0.008235486652828137
16728,0.0033183726169863674
16729,0.014785050420330575
16732,0.037537151589185164
16737,0.03599096538978003
16743,0.0028477598309065576
16744,0.016192051855142692
16745,0.02163468953022581
16746,0.03704925484161158
16747,0.07151595930271659
16748,0.008734053757976323
16749,0.003193225430538353
16750,0.01029093544996754
16751,0.0031747001845292924
16753,0.018079664363249006
16755,0.03459537651067348
16758,0.031993906429664876
16759,0.01601248778445884
16760,0.005382352858973352
16761,0.0032255517430049255
16762,0.003814952279360175
16764,0.0029734505680785923
16765,0.00786290304163793
16766,0.010455919597601646
16767,0.02424456429878463
16769,0.021389304685270446
16772,0.010010961071923794
16774,0.015858778261089217
16775,0.003987076656010181
16777,0.07377476181344396
16778,0.1091149075489626
16782,0.005323173562446302
16785,0.00814737334723346
16789,0.012024830190383624
16795,0.004035258549085635
16796,0.08147034821282619
16797,0.009616223209869641
16799,0.24777856095523804
16804,0.008480767267629674
16811,0.04525954436602699
16818,0.08021789706018377
16820,0.004449330941920294
16821,0.013226828769601602
16822,0.005137469375549392
16823,0.002971030520142296
16825,0.0035519514171163972
16826,0.03765552662625108
16827,0.003910732022017416
16829,0.02148856084658073
16830,0.007454053371776092
16831,0.07514513361738763
16832,0.030153193985657457
16835,0.004246547282648529
16836,0.0057534072057737655
16839,0.014879319325646902
16842,0.006125205565665029
16844,0.03540174988000652
16845,0.01796752711482362
16847,0.03489738196933913
16849,0.04527803248546953
16854,0.0036671146256668672
16855,0.21556677109222033
16857,0.0282547225788188
16861,0.030587922425963435
16863,0.0042061849793279425
16864,0.003055575587594606
16867,0.13294202329067303
16869,0.026557285720921028
16872,0.019198295645480895
16875,0.003143192913637099
16877,0.009542669090544003
16879,0.003266970092128557
16880,0.03660160170350663
16881,0.0036169805440125703
16885,0.011006575329016517
16886,0.009054181160354556
16887,0.008310128523725037
16889,0.005105480467506505
16890,0.03799241497596885
16891,0.09864960658101042
16893,0.00393769093474467
16896,0.004133008208571024
16898,0.008158849216269476
16899,0.009216146070331803
16900,0.005340191536985134
16901,0.21052960699220616
16902,0.02919372271527942
16903,0.0054676706847192275
16905,0.11320273729936883
16908,0.006108581496084949
16909,0.007241600309032373
16910,0.012499262466855756
16911,0.017294078540157642
16912,0.014640405675848577
16913,0.0036293604769999308
16914,0.008784765683058809
16917,0.02247953884021028
16918,0.004664162306555939
16922,0.0028995237695773634
16924,0.12782536890258395
16929,0.045086083555935116
16930,0.14025195560539547
16932,0.003964045963564327
16935,0.022633282949431472
16936,0.006357797406107551
16937,0.053970570611759264
16938,0.008763576854318328
16939,0.06332498957845238
16941,0.011488218804237272
16942,0.11568137602101371
16945,0.00716193130576727
16946,0.00793509623671203
16947,0.0029417799327837225
16948,0.006767728299831735
16949,0.0103293564314677
16953,0.023436881437839254
16959,0.01791155276949485
16961,0.005795479337860884
16962,0.0029043737058006376
16965,0.027531665837429567
16966,0.04927303784545709
16967,0.005273583280741509
16969,0.13930103071617872
16970,0.02181517227999984
16974,0.009875915743344182
16976,0.009353768102165214
16979,0.010442039357895089
16981,0.03250630110674269
16982,0.01395518024588798
16984,0.0262794839322169
16987,0.03145516001089793
16988,0.01603357043475173
16991,0.03261410329851333
16992,0.10646424510589782
16993,0.009370368027068783
16996,0.0029788137956101
16997,0.0038138452801590485
16998,0.007300827131224618
16999,0.0031819472261629435
17000,0.011856082116150416
17001,0.008989628187679132
17002,0.0182205627164594
17003,0.003042201484486541
17004,0.00409666662325613
17006,0.007370029941511619
17009,0.00729583765169356
17010,0.05672191938225278
17016,0.0827572134816428
17018,0.0038453479614123792
17019,0.19607741118756808
17021,0.00397215171032379
17022,0.012702406260782709
17023,0.009856981413915094
17024,0.012939276775176194
17026,0.06844204874456755
17029,0.011399792734753415
17030,0.01916751869770843
17031,0.0359118356059763
17034,0.0038789929412631004
17039,0.005718108657679179
17040,0.00631930018512496
17044,0.009834648814817656
17050,0.014800097943967411
17053,0.005220839724325958
17055,0.015570156702644266
17056,0.004191123958131457
17057,0.0038708814673851983
17059,0.004085973780624111
17068,0.004347665986506032
17069,0.014715332470684734
17071,0.01926228481918738
17075,0.062923983019909
17080,0.003689772732919668
17085,0.0042140476129817975
17087,0.003522644079461735
17089,0.21812359099904197
17090,0.003409281605613505
17091,0.004079998082334411
17093,0.003464123549399633
17094,0.00597501042326755
17096,0.07679382842891276
17100,0.055789492870581936
17103,0.006728028483218926
17104,0.008326989611278405
17106,0.005548285487040809
17108,0.06679882116809058
17109,0.005145250558936875
17110,0.026092726083828087
17111,0.014530018846897192
17112,0.004041827766895916
17119,0.02421101796641954
17121,0.012040035794109795
17122,0.004218146968782439
17123,0.014130177631653178
17124,0.004033238417736738
17126,0.023023225231833797
17128,0.009419749724772742
17129,0.021443829617394893
17131,0.00526959954661531
17132,0.034653908050174445
17135,0.005197200642576769
17137,0.019413072940494918
17139,0.025579925812173665
17140,0.003878339014487597
17141,0.018752365590379586
17142,0.0029243090510788034
17144,0.011611758404056028
17146,0.026092726083828087
17147,0.003929888109888099
17149,0.037600351177276226
17150,0.2006466534321318
17151,0.0037421652400106706
17156,0.006913019011351502
17159,0.015865716846100688
17161,0.006622922516116559
17163,0.029122555913237567
17164,0.00805554861061386
17167,0.007019447674264927
17169,0.00290660859497394
17170,0.015506105720067458
17175,0.014330174314767765
17177,0.026092726083828087
17182,0.005675078732795141
17185,0.01227828395919702
17187,0.00446771011438046
17190,0.00472847258109083
17192,0.09032721957939398
17193,0.0036691230004518914
17194,0.005667696791820331
17197,0.003517902140888627
17200,0.004625474657278847
17201,0.18778545005860597
17202,0.016009246183607766
17204,0.0037657630432872
17209,0.018645811179967466
17212,0.014642852872462567
17213,0.013027258511317068
17215,0.009966450682043014
17216,0.014877184689689602
17217,0.0028173563086802914
17220,0.0041878351477724245
17221,0.01949073202660564
17223,0.005775067387039277
17224,0.003009573973220413
17225,0.004924554795775648
17226,0.12252442903187793
17227,0.07163568331430506
17231,0.02984035898070384
17232,0.026092726083828087
17234,0.009528276057510596
17235,0.0077878337880095995
17237,0.003793411334847857
17240,0.004186562236686178
17241,0.022898345624604716
17242,0.0755605104440905
17243,0.06769997951221678
17246,0.21033082233773187
17247,0.018683496375374035
17248,0.004276780293273075
17249,0.046788597966570866
17251,0.006691712011611603
17254,0.02622187677439651
17255,0.003763941063333347
17259,0.0107242182058085
17261,0.004273517147170685
17262,0.005200015208387482
17266,0.004115792533783219
17267,0.003966842078892727
17269,0.16343603578362773
17272,0.004277860395624883
17276,0.2959246683521034
17279,0.009903019831622464
17281,0.005365429014861794
17289,0.005431195551159569
17290,0.011370141930759515
17291,0.016546001730614334
17293,0.24907428639404786
17294,0.2960644832915754
17297,0.1973495941119234
17300,0.02489246206431698
17301,0.0036240801303284807
17303,0.05837884253332403
17304,0.010234865352338115
17307,0.034820800148057426
17310,0.0052748901794431
17311,0.008944433312364563
17313,0.00342750863323361
17318,0.004135513056390901
17319,0.0034599130475400225
17322,0.003251246929129786
17324,0.00730577901389786
17326,0.045187782104841555
17333,0.008187533197182774
17334,0.006615398659196838
17335,0.006215684898465431
17338,0.002902460471064123
17339,0.003895917131084776
17340,0.10768875729806773
17343,0.04144410461201396
17346,0.0030604783634620995
17351,0.003077748792939363
17353,0.0034615294861063705
17354,0.03204529609344612
17356,0.008241752767121344
17357,0.013716096542238718
17359,0.00353408156978133
17362,0.2060279592054065
17363,0.01003249379381558
17367,0.05010192905188379
17369,0.003689772732919668
17370,0.010271034522817126
17371,0.1292630001671416
17373,0.002993546959308928
17375,0.035318504272509946
17377,0.11858774292509076
17379,0.00981378938503795
17380,0.026092726083828087
17381,0.013658305749521048
17382,0.28781162494043433
17383,0.09585527435420706
17384,0.04505876758808986
17386,0.00945854872341812
17387,0.0037583041838732323
17388,0.027390025140441587
17389,0.010725987870296229
17390,0.016330876012563472
17391,0.005847081202430321
17392,0.018807492365693276
17393,0.017191138758154183
17395,0.004651734373164679
17396,0.0036968018966868337
17399,0.04412855003488715
17400,0.041742801240858815
17401,0.00769707013846778
17402,0.11546394594701066
17404,0.005472986496279621
17408,0.003300783068932818
17417,0.10940282987854824
17420,0.059230458897778185
17421,0.0029359317426720572
17422,0.00945172070563952
17423,0.0039892687853935
17425,0.12426647454698159
17426,0.07260202154336985
17427,0.003623272246873504
17428,0.018669745193537753
17429,0.040878973286446976
17431,0.020555752324808232
17432,0.103729732705407
17434,0.002925942100986528
17435,0.009903019831622464
17440,0.0070005982929236266
17443,0.19832288567811207
17444,0.16179928176891156
17446,0.21046148063946885
17450,0.053476347427807255
17453,0.0062224025370831125
17454,0.1920795882142341
17456,0.01099507465405191
17457,0.010532980352487713
17461,0.012770822569052123
17464,0.10021546633557085
17465,0.05114424339635646
17470,0.22577779243298465
17472,0.0036224812445822155
17473,0.015658136950852282
17474,0.0824812896113577
17475,0.0038629315192567504
17476,0.21817432393328548
17479,0.010703388122195958
17480,0.015863138074188793
17483,0.04573908229527796
17485,0.0071140944184181765
17486,0.004061766670621247
17488,0.03097606050513633
17493,0.03930198085977938
17501,0.003032757497928175
17504,0.005251382349373735
17507,0.010593366961371389
17508,0.004459436058299495
17511,0.005002487054012237
17513,0.15841674291842672
17515,0.003909656890077679
17516,0.014295675410553496
17518,0.016572705300201062
17519,0.11047703637391339
17520,0.006873415742675447
17521,0.03790438435996867
17525,0.012104614089636973
17527,0.0053913959330894965
17528,0.2017997968587227
17530,0.016140798057416063
17532,0.08620428462441017
17533,0.14964577070523635
17535,0.01702418360947253
17536,0.04855914161466053
17537,0.12233394538869748
17538,0.008710560679592699
17539,0.04092772537242903
17541,0.002893267872677996
17542,0.01863018432580647
17544,0.010481444868789616
17546,0.009618279192295923
17548,0.0319051774693552
17549,0.016611291681438427
17551,0.006099716557496823
17552,0.00588230742858235
17553,0.023259261569851572
17555,0.013304276911412458
17556,0.014819348550957047
17562,0.03768785199607542
17566,0.21585079998536602
17567,0.003219420529648645
17571,0.010535760825198828
17573,0.00501345730131868
17574,0.05441441700140429
17576,0.0037328443472674747
17578,0.01319462402699711
17581,0.003927144898890699
17584,0.014827419961558012
17586,0.005733094461665587
17587,0.003420510390160746
17588,0.07575732065315209
17590,0.00441362487325308
17591,0.004047234843825285
17592,0.022597864994075016
17594,0.0037136422231840325
17595,0.0062028179617175635
17598,0.004391275313741923
17599,0.14890180223369304
17601,0.003954728405811955
17602,0.2037704381273412
17603,0.008540918771903511
17605,0.010935076771502848
17607,0.00935709254900657
17608,0.005074298422599857
17610,0.005204957786187809
17611,0.007300631476703597
17612,0.11053996306071173
17615,0.021867356353477696
17617,0.2799415691601113
17623,0.0038991124827110184
17625,0.025368824005805046
17627,0.0031679489709082543
17629,0.0029314336690299952
17631,0.024634442661484287
17636,0.014658369673425114
17637,0.005493041479763226
17638,0.025800564027656177
17639,0.0028323779143513885
17640,0.03365909423246588
17642,0.013555333398582415
17643,0.0037448222815507468
17647,0.020643315586015776
17648,0.01091147007561264
17654,0.013609295975196974
17655,0.0028932283703176917
17656,0.026092726083828087
17661,0.18678145032864435
17663,0.05088106283279729
17664,0.0034404998215500394
17666,0.0037708479544778153
17667,0.22776328487464073
17668,0.009302156140390958
17670,0.008391422758793086
17672,0.01329351893481009
17673,0.0064990790399277
17675,0.006099012079319149
17676,0.032169221510706954
17679,0.058919889004692916
17680,0.0036971871532202765
17681,0.1259923069715045
17682,0.002938405419675441
17683,0.056695041458636214
17684,0.013551501080813069
17686,0.007081475333116863
17687,0.00392114474407903
17688,0.019225131624628303
17689,0.007761191424265807
17691,0.005662398745142889
17692,0.2080936713129378
17693,0.029449451998128085
17697,0.011663702545683293
17701,0.005455383040839324
17703,0.010136295241098584
17704,0.03094350135909312
17706,0.0032935812154477454
17707,0.017595370515556957
17709,0.002904910868701919
17710,0.004083066697369679
17711,0.01601723698196864
17712,0.029120742818606573
17713,0.004271510496303564
17716,0.14238144275711395
17718,0.1140134633056352
17720,0.026092726083828087
17721,0.0037058360709777997
17723,0.008784562552473474
17724,0.034658800103851146
17726,0.32108891180226373
17730,0.007501802273568502
17731,0.015486755914329606
17739,0.03335317066795975
17740,0.006380337363523984
17742,0.2223881453322389
17743,0.07967474728531768
17744,0.008913153155494449
17746,0.0875715310257806
17747,0.015236283126238016
17749,0.0035078919460691674
17750,0.0034046827659624888
17752,0.011212560941638902
17754,0.003284756755557275
17755,0.036471212248520915
17756,0.008806666372948116
17757,0.014666798416985632
17761,0.003984811279964651
17764,0.22649983924799513
17765,0.018110603835697885
17767,0.015378799694225998
17768,0.048276567877474995
17769,0.10209905038587953
17772,0.009166566998547884
17774,0.0028680630068216124
17775,0.0030459720208690596
17778,0.009896657043908186
17781,0.017220880035624976
17782,0.007185173128984809
17786,0.0037862290232530127
17788,0.0443321281063377
17792,0.05428274544772954
17797,0.009458103115601047
17798,0.008326489660285753
17799,0.04946998396691462
17800,0.006239064207062695
17801,0.1896983770517645
17802,0.007786016998614035
17807,0.07326328655551553
17808,0.004203059625865745
17809,0.019078971404933524
17810,0.021077812694812802
17811,0.004419922032988638
17813,0.04256945042266047
17815,0.006836329971706359
17817,0.009922284568203906
17819,0.003926175764968021
17821,0.22876723653750083
17824,0.016537467037501523
17825,0.0030547853502822316
17828,0.07080553412531451
17830,0.02326009977665629
17832,0.004658260960250108
17834,0.0053901272742879255
17839,0.023358012924349043
17845,0.059763935123198046
17847,0.018219052538258947
17853,0.003491011307216229
17854,0.07981261891965691
17855,0.037005221031564846
17857,0.0111216424421573
17863,0.023614497899380697
17866,0.021566687421537015
17869,0.004660414370950597
17872,0.0612231598518376
17873,0.037456624227509006
17876,0.03549393975153832
17877,0.02294690141599592
17887,0.0030928963572882367
17888,0.004757684644476179
17889,0.008121195039734219
17892,0.10592899095293895
17893,0.05527534413376689
17894,0.08199593225644047
17895,0.0034253856377606394
17896,0.026092726083828087
17900,0.005978039329094182
17910,0.004045587070231267
17911,0.003957770098379228
17915,0.3825814897611229
17917,0.003645229192125216
17919,0.0030933948259166573
17920,0.015453303231813785
17921,0.0064195290669472
17924,0.0035768360653703935
17925,0.013942993318400043
17926,0.13336683418904283
17927,0.162883025755629
17928,0.004035258549085635
17931,0.1905391454636608
17932,0.010516003123699172
17933,0.01471357649756273
17934,0.12747451707934923
17940,0.022099145643285748
17941,0.08556254370551933
17942,0.12553993706739425
17949,0.027686906049719497
17950,0.22143460776122167
17951,0.008771235675579546
17952,0.010129514474606352
17955,0.01263891594756146
17957,0.004272327429684664
17960,0.005069771229517353
17961,0.004819499533693994
17964,0.015278736439191065
17965,0.006797636137132619
17966,0.008596279504018655
17969,0.011128461284921488
17970,0.004956795673197992
17972,0.009894023537066225
17980,0.021388734247893337
17981,0.005269521312787602
17986,0.0036559957037794605
17988,0.030587305683598773
17989,0.014705857876707239
17993,0.10868162672167643
17994,0.002916997427094546
17995,0.006488053227513702
17996,0.0040130260979226295
17997,0.05757569068370428
17998,0.005900121005214872
18000,0.008203837416431797
18001,0.004057145902024568
18002,0.09605780201667001
18004,0.009932382066946351
18007,0.05463698063181281
18008,0.0033852687814446033
18016,0.005213792943657192
18017,0.026092726083828087
18018,0.020562427581914292
18019,0.003532382332999077
18023,0.018099321247313286
18027,0.007344057579762714
18028,0.05763194642143952
18031,0.013307617805297772
18034,0.05859745296186828
18035,0.014944430377330531
18036,0.007335126292924338
18037,0.08983458292990683
18039,0.003467804529564647
18040,0.01603006263148046
18041,0.004195509294011606
18042,0.012372698484128947
18044,0.0052734629920459415
18045,0.12335427184533145
18046,0.0038288988762701565
18047,0.0034159525456889826
18048,0.00346417405121282
18049,0.00930481713821264
18051,0.0037450548645808638
18057,0.027338003126254087
18059,0.05279569325514709
18062,0.13360560165522134
18063,0.003346397360078094
18064,0.008619775513071077
18069,0.004197094536749772
18070,0.0037266046999456987
18071,0.0030464020518749446
18074,0.058939720606043834
18077,0.03562558590614169
18078,0.062141663486559716
18081,0.024781952152904935
18082,0.0038895114181051963
18085,0.28350977491419554
18090,0.022678947815418547
18093,0.011877355984940411
18094,0.005679397834163983
18095,0.0038313148676505666
18096,0.004834970674810122
18097,0.007151007789489235
18098,0.06302175706277385
18101,0.0205365457185387
18102,0.1771974842253553
18103,0.006214584963136847
18106,0.012011767114443983
18108,0.008771865809334175
18109,0.20939256646826784
18111,0.04525592946124569
18113,0.034584506640425464
18115,0.016652305311934498
18116,0.0038468953494338954
18117,0.030129168444259793
18118,0.0036552458690595046
18120,0.007840103019851823
18121,0.11925470840410736
18124,0.18519003373268964
18125,0.024059074651143254
18127,0.004720582183831094
18130,0.0447795943926526
18131,0.011402435614248103
18133,0.016952483690007403
18134,0.0058861828401330415
18135,0.0056059513988873915
18136,0.008589196287651988
18138,0.014085030285590903
18139,0.017490168210015238
18141,0.01272932221762009
18144,0.09353667342104748
18145,0.002948311452180786
18146,0.003825088189272127
18147,0.007420518073392543
18148,0.002924685325527538
18149,0.027255374090880496
18152,0.006751224033949209
18153,0.017124406455004428
18156,0.0038544381217458542
18157,0.023532413553219268
18158,0.1488623410233324
18159,0.012933192937486742
18162,0.0227940245028198
18164,0.006102321463776852
18166,0.032564912057164996
18169,0.0037566105659910193
18172,0.02011603857073593
18174,0.014984618239899368
18175,0.01004957122876892
18176,0.004340159797638881
18177,0.00716351990140698
18178,0.003810032429443696
18179,0.04036645917274533
18180,0.02803403840089191
18184,0.010329545889224518
18186,0.08585507591535121
18191,0.06161220341796713
18194,0.10049444295163408
18196,0.024006486382312002
18197,0.00916648148521112
18198,0.025040978936628492
18200,0.003731177291649788
18201,0.08769145382652693
18207,0.0034994654910171312
18208,0.09522863460539706
18209,0.0033561404077255322
18212,0.0047392960522375
18213,0.007393627052415791
18216,0.02817351245234769
18219,0.01933101126782667
18220,0.0032875177080703465
18222,0.04613355507163922
18223,0.0029906332559713872
18224,0.027550952623983993
18226,0.005514239772228368
18227,0.060984465091948326
18228,0.011842571587395214
18229,0.011485987690633045
18232,0.22115187247074064
18233,0.013793587105614803
18234,0.0038565789994814055
18236,0.005983712732571818
18239,0.0036061120269134926
18240,0.0031757838746253844
18241,0.02420553908781012
18242,0.004094263533893073
18244,0.0035022534087393656
18248,0.016935508291293217
18249,0.02304152117148969
18253,0.004471140333537632
18254,0.01074953947227156
18255,0.016827782018991495
18256,0.11850274378691388
18262,0.008784300398317204
18266,0.003042067327004536
18267,0.22977961192994342
18270,0.009077015104812299
18273,0.20062707413546713
18275,0.0036701811394478914
18276,0.006354443410960659
18278,0.10651817875506682
18280,0.041144228210196136
18286,0.013917893900011616
18289,0.025040978936628492
18293,0.006397505250176381
18295,0.06274026304096049
18297,0.005103455790142421
18299,0.003798875855409489
18301,0.007678864363959881
18302,0.004398576409204956
18303,0.005716886504172462
18304,0.03230691384511645
18305,0.05138106687060657
18309,0.08463808147351932
18311,0.0029112957288000415
18312,0.09007129597879895
18313,0.022427558957325802
18316,0.003975548349346922
18319,0.0329567404544468
18320,0.06352369207482787
18321,0.005190466270386315
18322,0.009076928326854321
18328,0.00374210238419016
18330,0.09479875252382668
18331,0.06235224713937074
18334,0.02808862905664137
18337,0.011631132598878028
18340,0.03459537651067348
18343,0.004694040263626049
18344,0.008496100060553492
18346,0.00555755819306853
18347,0.005983074270286096
18348,0.004028913773674593
18349,0.01679659054110746
18353,0.004406497040017899
18354,0.04153345793468803
18355,0.006294889551251307
18356,0.004975597942108154
18357,0.03117515108893418
18358,0.007958328517480866
18359,0.022356431294964545
18360,0.19289923230495576
18361,0.019500237691271766
18362,0.01515766149632734
18364,0.03531635241047093
18365,0.09902885235921251
18366,0.09063575028373783
18367,0.0035665700146419945
18369,0.20999383106019015
18372,0.07345837596653433
18374,0.16836374741142
18378,0.0037046156060074453
18379,0.012926606890147335
18382,0.0034120770638320433
18384,0.228308134645691
18385,0.06504836927310016
18388,0.010359469346863447
18389,0.16343603578362773
18394,0.0564725584819006
18395,0.1467442597353118
18396,0.03156078208624674
18400,0.03756298991668692
18401,0.01142120409799054
18402,0.1727560287942314
18406,0.01133462957258049
18408,0.0051219591884006386
18409,0.054187771982340247
18411,0.02346708767811086
18412,0.016860900032294526
18414,0.0064364358596326245
18415,0.007339676110361609
18416,0.03178698319020513
18417,0.033584748022097655
18418,0.0036076786878823427
18422,0.0037216335522402256
18423,0.043979107267037194
18427,0.09842767442700394
18429,0.002949433136827675
18430,0.016737427113710325
18432,0.2032388392717537
18433,0.015047668628590855
18434,0.058416634564688916
18435,0.06755318580267196
18438,0.016198026736948416
18439,0.0028950719802000773
18440,0.00839901095881952
18441,0.010524603364368577
18442,0.00443958446828592
18447,0.10624386151247038
18448,0.0035854249459093923
18452,0.21509459747029877
18456,0.005821589112836107
18458,0.19373833486354472
18459,0.1977471282696434
18461,0.010808625369172566
18463,0.02055207451058613
18464,0.0034698608381408752
18469,0.003938153489896725
18470,0.06826198983565471
18471,0.014085530709542821
18476,0.003445243504541297
18477,0.01756251633181102
18483,0.03675604319862141
18484,0.00595228712018988
18487,0.06149377251677292
18489,0.06467753474013035
18493,0.03438910326349017
18494,0.023284445418917298
18495,0.008480025892405846
18500,0.024648082621086635
18502,0.03468579153269514
18505,0.031281449096242746
18507,0.011121965933983381
18509,0.024704598324216787
18511,0.004119239152826647
18515,0.03992310767639474
18516,0.052793954670395576
18517,0.002897865395910032
18518,0.06618204275204725
18520,0.011525622079578232
18526,0.18478862952745553
18529,0.005631568081644647
18530,0.04333378223409724
18531,0.016379978344070553
18532,0.0037662964425787962
18533,0.004523930032908432
18535,0.012768694683003257
18537,0.024037894988341368
18538,0.003403696397659195
18542,0.003165670849812526
18543,0.018293717803917402
18546,0.0036950650659301164
18547,0.04199774379607015
18548,0.004501081021437073
18549,0.0036068022882282096
18550,0.01495712483542875
18551,0.06641132896979354
18553,0.01584631675171932
18556,0.01406633860947833
18557,0.006450420723196006
18559,0.009517491046009649
18560,0.005881438081646547
18562,0.0030158948886076314
18565,0.07170261409418031
18566,0.0028919354876320138
18568,0.16982848428254557
18569,0.061337229869423054
18570,0.04294315850292061
18571,0.0036394424644406558
18576,0.03115166514132007
18580,0.020550624801703055
18584,0.0035628710423596588
18587,0.15970854189400752
18588,0.027246705635137612
18591,0.004055767097108069
18592,0.004577224594730456
18594,0.07339384194738802
18595,0.021690713926782276
18597,0.07574308278658502
18599,0.024395086027370755
18600,0.018534486906416226
18602,0.003635230792162287
18603,0.003514558486195135
18605,0.12599619210305044
18609,0.010980723944405983
18610,0.005736897889937194
18612,0.007909714595163524
18613,0.004040826002933657
18615,0.003435849612749345
18622,0.0057569570996276135
18623,0.021919883272593435
18624,0.004135964636065184
18625,0.009897616655887263
18626,0.0200112518094934
18628,0.01779269559776318
18629,0.02099130621643302
18630,0.027800149561046893
18632,0.0032398120405648617
18633,0.003815377417029446
18634,0.003708926296132865
18636,0.021109816042981795
18640,0.18771953507281058
18641,0.06317064289843043
18642,0.21150591440211033
18645,0.08143259608400216
18648,0.18865344223755642
18653,0.0039322414658079325
18654,0.0040273885205453245
18655,0.0351423921655353
18658,0.03146487475866624
18660,0.014359144537278996
18668,0.008920308810871348
18672,0.005078343270156742
18673,0.01958019845386171
18674,0.02641068862780781
18676,0.0030419692222812596
18678,0.04192333261865375
18679,0.004225500428817518
18680,0.023317500589245917
18681,0.004079558867421075
18682,0.07156167053813173
18683,0.003231681291752946
18684,0.006287252264454775
18686,0.022629175037521716
18689,0.059630176772627705
18691,0.002926114758531439
18694,0.0064144427639062345
18696,0.005851648816080954
18698,0.04525169300213254
18700,0.019328683866180654
18702,0.039792028455777305
18704,0.1175439126819321
18705,0.01566476217312655
18706,0.018255977300464864
18707,0.09305536721852027
18713,0.009487414809489357
18714,0.031698110078851385
18717,0.04702564978965871
18718,0.014438605462021891
18719,0.024555745792244406
18720,0.00954166771605615
18722,0.030217904614908853
18723,0.032708564418861684
18728,0.012329021019285458
18729,0.04382521155015164
18730,0.0034060020151969704
18734,0.06554651159577278
18736,0.0033658699504864826
18738,0.046578387477451313
18739,0.014884012428578244
18740,0.029015934098855636
18741,0.01397679584538831
18742,0.07100897622875221
18746,0.035291152545682346
18748,0.0028667701898580458
18749,0.022211010977344625
18750,0.04614291346066887
18751,0.0029322228095225444
18752,0.003122420263940648
18753,0.045432346189679215
18758,0.010453703492353854
18759,0.004325422055524128
18761,0.12654761407522946
18763,0.14073665638389854
18766,0.04935563691253497
18767,0.003503516266271873
18768,0.04510148088701903
18769,0.009347482623280735
18770,0.03886239739284177
18772,0.017692424401579504
18776,0.005451920569932934
18778,0.004002567846468294
18783,0.04663234743390841
18785,0.023595518049904826
18791,0.012933951533141677
18792,0.08223930085244141
18793,0.0376181401101309
18795,0.003462373534019383
18798,0.022426269186916037
18800,0.013149039083890729
18802,0.036471212248520915
18803,0.03764250754225574
18804,0.003335257550668532
18805,0.005780511017464366
18806,0.022052889612816887
18807,0.19561672636798885
18810,0.023506798675537215
18813,0.0062071952946111475
18826,0.007901509532245147
18834,0.01556446764738406
18838,0.06282576657620441
18839,0.2829078224633499
18841,0.003787130378905134
18842,0.013422085241155565
18843,0.0031923644433085488
18845,0.009923169988965209
18846,0.004197094536749772
18850,0.004928634848404685
18854,0.11778847496461013
18855,0.025589311323456092
18856,0.06456598897914828
18858,0.008573832549377209
18859,0.013281804432726873
18860,0.0048542153641347235
18862,0.004301693419310933
18865,0.009445203042066645
18867,0.008989889667146535
18869,0.008209779910087133
18870,0.17701093944230503
18871,0.0036090426320318702
18873,0.0038999519637535206
18874,0.01865064716783522
18883,0.015789027685735466
18887,0.0037471390851521766
18888,0.026092726083828087
18889,0.05884186685326088
18890,0.006630140215618894
18892,0.041814120560903834
18893,0.00878502637966651
18894,0.013060817099755588
18895,0.036728290466353807
18897,0.039498045416519224
18899,0.003441292513521812
18900,0.009006182453182993
18902,0.011929109149621546
18904,0.21958333104108924
18905,0.014907065382894925
18906,0.10019145862713288
18907,0.010456821061657661
18908,0.003714096844226527
18910,0.09165752923164924
18913,0.009566724480331633
18916,0.005530312093232038
18917,0.0033791311316768735
18918,0.13174414004283994
18920,0.02246053105646549
18922,0.0497662019013811
18923,0.07290244351053105
18925,0.05871145053526467
18927,0.0036463873676349386
18928,0.0036293604769999308
18929,0.006072913851963083
18930,0.003981308464234242
18934,0.06373154303452926
18935,0.06585905001722932
18937,0.0332176569249787
18938,0.024203402722152576
18940,0.002962293243481011
18942,0.17653375813177052
18943,0.26229786630122276
18954,0.026092726083828087
18956,0.009903019831622464
18957,0.10688294247232102
18959,0.02389501250441948
18961,0.2049462301646026
18963,0.02364161971867787
18964,0.09213072449076155
18965,0.01388111832215319
18966,0.20612521649372767
18968,0.023789690475496537
18970,0.003053172068485755
18971,0.0036046574222426972
18973,0.003976537765908882
18976,0.08259211741052339
18979,0.00370416917986989
18980,0.0027931187926123245
18981,0.05071129023347753
18984,0.0858616120536246
18985,0.008373189566366275
18988,0.005908384704294274
18989,0.0037449217054958176
18990,0.03047970725473278
18991,0.0385260871781032
18994,0.004742404027475165
18996,0.09643791944087832
18999,0.007555607092216876
19000,0.006781495537641786
19002,0.003479979752795002
19006,0.004400234209017478
19007,0.003884403381002921
19008,0.0037623856574012463
19014,0.0761070034341222
19016,0.014561842130723184
19017,0.0447020357850024
19019,0.0030039961699431833
19025,0.004367547067951069
19030,0.020857440563980766
19031,0.0542697779779554
19032,0.04068248399365692
19033,0.003446432117532893
19034,0.0029613453119019927
19037,0.004360157640297046
19038,0.03707512282840776
19040,0.026092726083828087
19044,0.13550213029738103
19046,0.006748724531102977
19047,0.026092726083828087
19050,0.004387896856171642
19051,0.004346610084657429
19052,0.039794696660094185
19053,0.005581518610104128
19054,0.00480969787402083
19056,0.01703103534483207
19057,0.004369330696391673
19059,0.039834167126467555
19060,0.0036499128990970502
19062,0.004039438638005449
19070,0.004768923479312541
19071,0.016251160094080088
19072,0.010611040713125066
19073,0.047927082622572434
19074,0.010337820620366688
19075,0.04241415885017435
19081,0.004463528087349138
19082,0.005515656468521269
19086,0.003082947592424385
19087,0.0040828987826610095
19090,0.03673153278306564
19091,0.0033286236035990784
19095,0.01749913776984868
19098,0.02526295957944305
19099,0.0044620929005425814
19100,0.030670315072478204
19101,0.04365603702994366
19103,0.08483495558394741
19104,0.026092726083828087
19105,0.05321641535682716
19107,0.006806680180570486
19108,0.03542269569614199
19109,0.019241337676509606
19112,0.0035034476123150474
19113,0.01063367626015789
19114,0.006761857667198875
19117,0.00394666876187235
19118,0.021122470570869432
19122,0.045906640430332823
19124,0.003525541846676917
19127,0.0062457163507066045
19130,0.011151569503882667
19132,0.21696158779517757
19133,0.01564573671295551
19136,0.009649657230071456
19140,0.020283278727058682
19144,0.21799368526417975
19145,0.003860089483649965
19146,0.010981828685103147
19147,0.0038588597906697142
19150,0.025967656164433032
19151,0.0882861229444757
19152,0.016942792899430514
19154,0.08570674610505337
19155,0.018171888171874175
19156,0.022260953371489416
19163,0.008531271489642566
19166,0.03512615441303031
19170,0.07044637540047821
19173,0.003674832195257201
19174,0.042102363003908835
19175,0.21395394783205116
19176,0.011858517682559465
19178,0.005412425524171517
19179,0.07763813965502121
19182,0.011027749657386305
19184,0.017436741188772753
19186,0.02940112343283538
19188,0.004795970982188807
19189,0.0038222421460161827
19191,0.03757082909001488
19192,0.00498991149897047
19194,0.003748886153549882
19196,0.038691467304560107
19198,0.06698889790085263
19199,0.004589108845378658
19200,0.0036819219096277233
19206,0.13923448501671382
19207,0.040526156427329596
19208,0.0036659217734730763
19209,0.013720427649483061
19218,0.00830895638092847
19219,0.003371797521936668
19223,0.0030324961983373947
19229,0.042084247043642116
19230,0.037150261901111675
19231,0.12539962558158296
19234,0.009341099698575748
19239,0.026292928430315488
19240,0.012879619950578396
19242,0.0035755019249840234
19243,0.011911457017680942
19248,0.0036840894465464276
19249,0.07698298469474976
19250,0.03249061995769938
19252,0.00355586357501645
19253,0.005850911999037238
19255,0.005073328832478563
19258,0.004054151330460563
19260,0.026092726083828087
19261,0.0036772783680932503
19262,0.012850461261219451
19263,0.005557067240865484
19266,0.0034209493263409854
19268,0.017081051934038582
19273,0.003918194885635263
19278,0.02009490918114682
19279,0.10630708145445832
19280,0.0029606182455881457
19283,0.020995459183882785
19284,0.002882593493849307
19288,0.004032022972992119
19289,0.014181802269159502
19290,0.009455541705852184
19294,0.06257933586189268
19295,0.00561705447693911
19296,0.004294311688367789
19297,0.03940546514262252
19298,0.019376259314856648
19302,0.005362018544224435
19303,0.006147433965493315
19304,0.013772484810524436
19307,0.009880702780587352
19310,0.009858872087250383
19312,0.007196415726694831
19316,0.019589665624875654
19321,0.019370639600992494
19322,0.01816030653819332
19323,0.014743356655442744
19324,0.003915181461866649
19325,0.006949134746416058
19329,0.004867485585559724
19330,0.05082013302046866
19331,0.0037159174730335247
19334,0.038424161654396514
19336,0.0028909438743691483
19340,0.1519705303078502
19342,0.14494345965295716
19343,0.003929859646735773
19346,0.013190900223958324
19347,0.03152308836895685
19348,0.13266340571818128
19349,0.07098721626446311
19354,0.003551451455965739
19355,0.01462347228084524
19356,0.009871745837638887
19358,0.14329535410426572
19359,0.04084171222541598
19362,0.012028811630504765
19363,0.015333925338958498
19365,0.004350065799210269
19369,0.012708925018742696
19370,0.10745929287037015
19371,0.0031874160082532342
19372,0.0036444561049107644
19375,0.018018194591291947
19376,0.027120680390259916
19379,0.004097742674489585
19381,0.004197129108810466
19383,0.007184780775990367
19386,0.02474109957171927
19389,0.005184747431923666
19391,0.030000726412605115
19392,0.004226818404580447
19393,0.08283060544780099
19394,0.005392694348919246
19396,0.0046025275531442
19397,0.009064538734718687
19398,0.24184785790218677
19399,0.0035541236725584093
19400,0.00456099106779715
19401,0.00445974990701456
19402,0.022147489523653256
19404,0.013728010657174728
19405,0.07575732065315209
19406,0.0036845474271474843
19408,0.08263059360774754
19409,0.00372867055957691
19413,0.07787816008606897
19414,0.21757279880903438
19415,0.014129719477153094
19417,0.010632857902018488
19418,0.008116366465274095
19419,0.013055809408067453
19422,0.0039036596687099896
19424,0.009576177073504416
19425,0.006379822402342114
19426,0.003321602699242458
19431,0.005693538890552107
19433,0.015576621125857852
19434,0.035744825992099445
19435,0.053278260519835106
19437,0.0037869530221072726
19438,0.011858023146755813
19442,0.04728302144421821
19443,0.03309028804690607
19445,0.014168819412037292
19448,0.0048371459354843065
19449,0.003301525583979477
19450,0.03105083508981974
19451,0.002837450574526105
19456,0.24491220370046343
19457,0.003941527176640088
19458,0.007524462975628244
19460,0.008565835437139343
19462,0.00429409909815425
19463,0.1461410551002777
19464,0.0029707997838852823
19466,0.009140247125101721
19467,0.034760121213011634
19468,0.04296203976607017
19473,0.0032176652762105464
19477,0.03103861409327355
19478,0.01103131798885369
19484,0.09879764372390935
19490,0.007572750783222208
19492,0.033343508486182505
19497,0.0824056409931984
19499,0.019355743418971186
19500,0.002835944981934765
19501,0.004040427317141253
19504,0.004470948677747983
19508,0.0044001867447091515
19513,0.005044771920422931
19516,0.10541591141025748
19517,0.009411912281872941
19519,0.003330072826882613
19521,0.003625668066010913
19522,0.007881342983903087
19524,0.1132560310458342
19525,0.0034609522958120808
19526,0.01991950448662772
19527,0.020708028924050277
19534,0.0037474316735785257
19535,0.18699004524296456
19538,0.0032916680804136425
19540,0.007061292524575306
19542,0.004044848782689904
19543,0.010295491131360414
19544,0.21134517375914744
19546,0.007961361953660241
19548,0.05760802061736585
19549,0.008047369088282715
19552,0.22645828405412047
19553,0.15652990544860126
19554,0.0134471679906597
19556,0.0032001442122208856
19559,0.18211551330989068
19560,0.015734532346517515
19564,0.011043618859304329
19565,0.046693261459676276
19568,0.016536794408729176
19569,0.0355893904263424
19570,0.15755133966932525
19571,0.2303470483172948
19573,0.005810243875029557
19575,0.006076445902308104
19576,0.016726018848729984
19578,0.008323292881659854
19579,0.007966190100590383
19580,0.15148510849708405
19582,0.06737775514242182
19586,0.014820808285023456
19587,0.13381077355245086
19590,0.01662002782007693
19591,0.0029451737353550704
19592,0.014210652683908679
19594,0.005298217200582133
19596,0.00467475897461371
19597,0.036114555854714146
19598,0.06759249218740983
19599,0.002918888527229841
19600,0.07548922720686821
19602,0.005451343859248478
19603,0.2142508573738594
19604,0.08498258283073046
19607,0.03966587058581915
19608,0.02770820937516205
19612,0.04582817104801892
19613,0.09081764855163088
19614,0.03304065547770814
19616,0.03104985555078774
19618,0.026092726083828087
19621,0.003466999633732656
19622,0.006153453951303426
19623,0.011799216580567588
19624,0.003183007787389127
19625,0.008649925237716911
19626,0.026347314490988746
19628,0.006620921472198488
19631,0.003460379670390223
19635,0.0036605479026454494
19636,0.020728812774336493
19637,0.0615483087114507
19638,0.004604752289468731
19639,0.004467477903448929
19641,0.026092726083828087
19642,0.07504648033058015
19643,0.17434863295358785
19646,0.16423849086252054
19647,0.0073971218131547506
19648,0.020652084380788575
19649,0.0343546326374238
19650,0.03509909490039184
19652,0.009795178781852092
19653,0.0038859257006336784
19657,0.007455680227060082
19659,0.05330614935242814
19661,0.0034100855315510044
19667,0.005032192758902332
19669,0.2714342169804734
19671,0.015531998063646723
19673,0.15234453977699336
19677,0.026336919711057172
19678,0.008017196921829891
19681,0.05821943061411569
19683,0.005097894156544748
19684,0.025926317333766054
19686,0.09304694227105652
19687,0.033081743884717
19693,0.06042068412094045
19694,0.005886401054897281
19695,0.004444787000357088
19696,0.03142152259379381
19697,0.0037277581160110864
19698,0.034420126710301764
19699,0.006325174850636189
19701,0.04199774379607015
19703,0.006747127814510325
19704,0.07185632871488946
19705,0.10282140251561425
19707,0.011744848929141237
19708,0.00969058125863767
19711,0.010488465205449615
19713,0.01419077442853651
19714,0.1132285699074585
19718,0.014401542484975887
19724,0.008620130229082808
19725,0.005981430801536248
19728,0.008497641566260847
19729,0.0242824553727369
19730,0.0038713266564681754
19734,0.01483353381394149
19735,0.003373926991555278
19736,0.003948267946886621
19739,0.08337185486705381
19740,0.10521163926132628
19741,0.026092726083828087
19742,0.007154874315926176
19744,0.02232902858723381
19745,0.011113250427483817
19746,0.011915989228829041
19748,0.005061189744116752
19750,0.03059278193078104
19752,0.005188495860164018
19754,0.2244770753359474
19756,0.0028546050208216214
19758,0.00439066404220465
19759,0.025432512078153186
19760,0.06421766561241335
19762,0.017191478997304104
19764,0.0060444596708957386
19765,0.007276496467382739
19768,0.059424251814596235
19772,0.0034398495860638477
19773,0.007091769673294199
19774,0.0029639571720205195
19775,0.0050703239507669876
19776,0.004112402766062379
19778,0.0028374848407475835
19782,0.04343828098293171
19783,0.004871344818034034
19785,0.0058815024389198296
19787,0.005920661665076495
19788,0.0048691884925443
19791,0.005106203780423914
19792,0.005835648543209179
19794,0.0045097789679885035
19798,0.0056040107315295535
19801,0.015114355624396777
19803,0.21391898346402707
19806,0.003566788209048776
19807,0.010649667747058176
19810,0.0035898068982614458
19812,0.06354866378322603
19817,0.01695373648579055
19819,0.026092726083828087
19824,0.02073317591278424
19825,0.005732918331736946
19826,0.027327053190174894
19827,0.012859892424511386
19828,0.029972726127244012
19832,0.003735811991878118
19836,0.017639466733855254
19839,0.005865768511025635
19842,0.16600662974454097
19844,0.0038103447261586603
19845,0.04196875673671714
19848,0.061253602585043664
19849,0.08846935143372767
19851,0.0058553740098370366
19853,0.008787692112881775
19854,0.011636147853023669
19855,0.03209067174525727
19860,0.02697756106146264
19862,0.0028966960986089967
19865,0.03272198048950566
19867,0.00547070556154681
19868,0.0040560821949053825
19869,0.05652694124485285
19870,0.025557731918934484
19871,0.004441454234075301
19873,0.012915017262946485
19874,0.00304720338118115
19875,0.02516346460302664
19876,0.0036199942804432364
19877,0.005484143052307188
19880,0.005762917979871671
19881,0.009759466470529714
19886,0.01524867438371505
19887,0.011535237295634278
19892,0.0050040059429518014
19893,0.1800556779533124
19894,0.0033279097876061084
19896,0.0033195642229295274
19898,0.003844447953992346
19899,0.012252913309000912
19901,0.005837177057892231
19902,0.02718109110330778
19903,0.08698814171054417
19904,0.043950887403282374
19906,0.16427104978800436
19911,0.011516746708447446
19913,0.015488952498396852
19919,0.008315566546442233
19921,0.08105561244492418
19926,0.002885288258942403
19929,0.05787300557821182
19930,0.015153259844101727
19939,0.017739741567181454
19940,0.005120772803644668
19945,0.05339811018372163
19947,0.03131943251473251
19949,0.1903508600856147
19951,0.050661670864978595
19964,0.016673792507166413
19965,0.0036011237203911048
19967,0.012216745139596523
19968,0.0750669525401701
19969,0.01010935018557824
19970,0.01715396700556136
19971,0.0028828309794443467
19972,0.0037800067361541756
19974,0.010291516769059995
19975,0.004784161746614979
19976,0.015312192676880505
19982,0.015023387927328354
19983,0.0037156550611916242
19985,0.009795910437539726
19989,0.0038466917485376222
19990,0.23349236350026045
19992,0.008698708346663291
19995,0.1353972997329851
19997,0.012866963235131987
19998,0.005441779714910164
19999,0.011975791182407517
20000,0.005181052489678647
20001,0.04605546577897679
20002,0.003975687922045982
20003,0.005401505449628732
20007,0.004059002533751221
20009,0.00519841221976564
20011,0.005012572158789196
20013,0.16343603578362773
20014,0.007884112570092802
20017,0.009213351863497216
20018,0.008411472106598292
20020,0.023459725259039717
20022,0.005004689151922182
20026,0.031046193161057233
20028,0.006451447609734349
20029,0.20508100376633484
20031,0.003492561856809997
20032,0.04651909937471624
20034,0.0068077214496985354
20038,0.003989631115057277
20041,0.015298021702452725
20043,0.0074698698483328455
20045,0.006347752346004129
20047,0.0984106187096589
20051,0.010415190913383365
20054,0.008381522290493767
20056,0.02287960235503405
20058,0.18246797209984622
20059,0.005923181056222522
20061,0.007406024641191214
20062,0.03667627533899306
20065,0.04843159936637417
20066,0.00492021193445128
20067,0.006368675626339382
20068,0.024924182094349816
20073,0.02635495395500788
20075,0.003784897815400552
20076,0.10050671670548628
20079,0.009317698413990508
20080,0.23089474514677083
20082,0.21795651131612656
20083,0.21462402528858496
20085,0.02183061060809352
20089,0.02637106893942401
20090,0.0031207115976674884
20092,0.08988895966040149
20098,0.07108748234807935
20102,0.005589129151464528
20104,0.003511033945943168
20107,0.026913816843394486
20108,0.0223176814989693
20109,0.008567724187281354
20110,0.28648789440834765
20113,0.0067166663501796306
20114,0.1642170382319855
20120,0.0063932112655139825
20122,0.006418604022912455
20123,0.02862345642812095
20126,0.004969219180118152
20130,0.019291061835627968
20131,0.008889604421642976
20136,0.010748213155252853
20137,0.04319302424480403
20138,0.009876804499916052
20140,0.012952598049275758
20142,0.00500479351595995
20143,0.03379926057101439
20144,0.2660196133195093
20145,0.0029086416463467123
20146,0.04922810504852398
20147,0.022937910218780336
20149,0.0614956208318453
20152,0.005500590254998669
20153,0.04620750561312134
20155,0.009889862882798604
20156,0.13585319014783193
20157,0.006308153738635224
20158,0.0037085095153019765
20167,0.01177434145677356
20168,0.1997751252237308
20170,0.09903151941462028
20171,0.09122535678446504
20172,0.04837866073725509
20173,0.004043700247697046
20175,0.020453141997954404
20176,0.021463789392127362
20183,0.08420969544034183
20185,0.1015958748047284
20188,0.003859000820329022
20189,0.1767022435138391
20190,0.03052576795258533
20191,0.178275174739078
20192,0.010863046839358478
20199,0.003852038916855256
20201,0.007823940068055894
20202,0.012983179921491988
20205,0.019254428183560147
20206,0.007209965904784705
20209,0.01976533130503494
20211,0.0155673976402889
20214,0.0681601052226995
20216,0.005193086174539752
20218,0.21996642017986145
20222,0.18699004524296456
20223,0.004754931764080824
20225,0.006540531671758155
20227,0.004488389882795027
20228,0.16385850612293185
20230,0.03682143331840239
20233,0.03544458241374659
20235,0.17828626929067762
20236,0.17514293983405235
20239,0.005543364247229361
20242,0.039971401933353023
20243,0.23306848408715733
20246,0.005195817712949973
20247,0.0047808235462262726
20248,0.013462791963401003
20250,0.0129414327732395
20252,0.02657373294059066
20254,0.0033781706126624327
20255,0.011858527166209875
20256,0.007464389963912731
20258,0.011091104013875823
20259,0.02108112823546101
20261,0.005964843756640206
20265,0.011926702540595493
20266,0.01160727503677358
20268,0.006697893513366133
20269,0.009361712419191353
20272,0.003422471394691039
20273,0.048976964467670484
20274,0.09516589638078647
20275,0.0047328170177258514
20276,0.01565043902543097
20280,0.01690070594237882
20281,0.004828757976712532
20282,0.00361894672139346
20285,0.14473209574409615
20287,0.017516311209817642
20291,0.03431026118140145
20292,0.003314480921545011
20299,0.010584330139566963
20300,0.023078794348622027
20301,0.003146076123526639
20302,0.04873008378524268
20305,0.03620638829586044
20307,0.011270963822052803
20308,0.004849632770360963
20310,0.011882067699464658
20311,0.06794375091542208
20315,0.02121242569736622
20319,0.020997738117559655
20322,0.0071677698791634045
20326,0.01580430059736521
20327,0.003216284735312975
20328,0.0034509023296779187
20329,0.004039477141223944
20330,0.006891668749223882
20332,0.03207322148312845
20336,0.007673649725683721
20342,0.07266472767367904
20344,0.03760572036927858
20345,0.09904857280463442
20347,0.015030520818050438
20350,0.01954942653599637
20351,0.0037565776158810568
20352,0.003831024356234062
20354,0.007916205151623385
20355,0.00667902847791381
20356,0.04241990082573769
20361,0.006200202462422099
20362,0.02106556271700863
20363,0.013776162580279933
20364,0.077362869747537
20368,0.004920979061896273
20382,0.057209979176726926
20385,0.03859304467782362
20387,0.006761857667198875
20388,0.21860368243325665
20389,0.035042655894778355
20390,0.0032619753780218515
20394,0.00351627785389647
20396,0.0029328898555624635
20397,0.0087852517233674
20400,0.006027826278197775
20404,0.007814906561007457
20405,0.007201701544425881
20406,0.004855145958854592
20407,0.03243741975076524
20413,0.003028596706634101
20415,0.0037265500295285197
20417,0.005642137189334613
20418,0.005314266607711965
20419,0.13897933610465252
20420,0.05713296610402204
20421,0.0037101720667015834
20422,0.05852527627700306
20425,0.009574353213915034
20426,0.003820749563175688
20428,0.09162142654874575
20430,0.10125844288294139
20432,0.005658327153795341
20434,0.007907799821558486
20435,0.0118909272581565
20436,0.00451568437607168
20437,0.026092726083828087
20439,0.011494669915704248
20442,0.009867756053947884
20445,0.0031935413908631334
20447,0.007963429962963313
20448,0.011889348062700766
20460,0.019865586041534065
20461,0.003461491218759879
20462,0.003467317930423696
20464,0.003441382371573082
20466,0.0034855478324299495
20469,0.0038088403945782663
20471,0.036321603058077655
20473,0.008781351465822878
20475,0.06363439093766596
20478,0.03000870011045104
20479,0.008799767765203047
20481,0.015969785093676758
20482,0.014942064686468505
20485,0.008885798788841909
20486,0.007325993664517614
20488,0.01632858172227321
20489,0.0038315429867500435
20492,0.004922731001593755
20493,0.008307349503544045
20494,0.0030841966029259
20495,0.005255172056678179
20496,0.003913786873864483
20501,0.03261546726094681
20504,0.23367266101612744
20506,0.03736742640607173
20507,0.0699857769607047
20509,0.023951098292612896
20512,0.00477327614816709
20513,0.04626129794023782
20514,0.01815925107421786
20515,0.010649393501476314
20517,0.0034586880047360207
20518,0.20194682888465265
20519,0.012529716601100633
20523,0.004024417512129232
20525,0.005818017763905659
20526,0.0062622314760589735
20528,0.03911871386040586
20531,0.0038087340698739753
20536,0.03606440833539919
20540,0.0038813202374007104
20541,0.0054338081194514895
20544,0.003259824075358453
20545,0.012263479788079705
20546,0.012555269039964902
20548,0.010012761577092931
20553,0.005648855792028111
20555,0.0030588153553719574
20558,0.034655629447670463
20559,0.029474989669023857
20561,0.003932045873797987
20562,0.016983239386671137
20564,0.0029238623938019656
20565,0.005375045392674178
20568,0.013066420482622777
20569,0.014753313596885632
20570,0.012229722275344914
20572,0.013596980308884126
20573,0.22801477058064493
20575,0.030663877253384614
20576,0.01993621926184182
20580,0.0036381596023874847
20582,0.007889622587474006
20584,0.005832553342412372
20588,0.005855058813996826
20590,0.008982296708527767
20593,0.008952838882895891
20594,0.0029414834221296294
20595,0.004060769371818649
20596,0.0043362897166587325
20597,0.006655464161698047
20602,0.03084107829242031
20603,0.008543125910847124
20604,0.18448435534619007
20605,0.008092376028833817
20606,0.010674740233890088
20607,0.04196360659805497
20608,0.01143057077302158
20610,0.003415405512544151
20612,0.003778499117962939
20613,0.03349793563442586
20620,0.01580139808836293
20622,0.08108837109655773
20626,0.003613395166638968
20627,0.003540704007098016
20628,0.0035417475595826975
20629,0.012087957225354164
20633,0.23384933493182605
20635,0.030551357283849483
20637,0.05904805166899167
20638,0.013831812539728969
20639,0.005490503527297341
20641,0.024585826437154897
20643,0.0035172859017227284
20644,0.015206334428983816
20645,0.12628190540079193
20649,0.004196778035299753
20651,0.03607560531610804
20654,0.005725024426169342
20657,0.04268167816502328
20658,0.004017049323245628
20659,0.021063750138437302
20660,0.01292975554915242
20662,0.05989337634634195
20664,0.0370536072211026
20665,0.003399701696368937
20668,0.116878370681118
20669,0.17364165507133458
20670,0.018340133284074935
20671,0.0037582445309662857
20672,0.004149041194249674
20674,0.0030677247678165456
20675,0.004067526725077501
20677,0.05165947193305375
20679,0.05827974874485675
20680,0.01122506171560102
20681,0.004036884444539011
20682,0.06082925999186285
20683,0.030099891280215275
20685,0.024119786738672506
20686,0.009873749739315863
20687,0.01205694567794793
20688,0.05997392780641453
20691,0.04350695824891877
20693,0.0030107568119943275
20694,0.029841203420128512
20696,0.004525497880621985
20698,0.016841341937011096
20699,0.17776950628283042
20702,0.0037470258398835726
20704,0.00931210888325785
20705,0.02156897848240689
20706,0.00913020341319032
20709,0.0036341483196201487
20710,0.10978054947020052
20712,0.0041238875342395395
20713,0.20877631206630004
20714,0.013875347086957241
20715,0.007459853269574584
20716,0.01817537533160469
20718,0.014967087549682057
20719,0.008996254058326898
20721,0.01302322496957425
20722,0.02349497874564863
20725,0.040590723565307844
20727,0.005621622693645531
20728,0.010519498357053498
20729,0.03697921990429284
20732,0.02174973104966276
20734,0.004550227002964861
20735,0.16305401602708877
20736,0.003752157059030214
20740,0.19097522137546485
20742,0.007936423979662006
20745,0.005965542237625313
20747,0.026139768244906776
20748,0.23285100688396349
20749,0.012315855998675474
20751,0.0053843932838426225
20752,0.0051936249821566555
20754,0.05046520201639225
20757,0.06538410989230846
20759,0.020769457400519067
20761,0.0948182782136067
20764,0.009037351609400827
20767,0.0084343115462497
20768,0.006379260686654064
20770,0.006505263816531074
20772,0.12008828975020276
20773,0.07909843856397823
20774,0.05753048482496666
20775,0.04199774379607015
20779,0.026907370924192594
20781,0.005824154349400326
20783,0.008543354207997657
20784,0.004529926736145123
20785,0.005287998193648919
20789,0.045840364023855204
20791,0.007098032751133646
20794,0.1512332965466766
20796,0.13181745343292825
20798,0.08965055191392055
20801,0.004058885567340613
20802,0.03414156977574564
20803,0.015133687742623808
20804,0.00900659170797581
20805,0.003125211480316041
20806,0.011855790542191423
20807,0.22106674266592596
20816,0.014134147754889852
20819,0.003714689555838418
20822,0.028859127427896644
20825,0.058016092471709274
20827,0.03570760191719569
20828,0.003216886340668644
20829,0.1639253638753601
20832,0.006620504617081927
20834,0.0673297172321654
20838,0.010151675120166109
20842,0.016573660941484034
20844,0.17435907797035852
20845,0.05781818395460311
20848,0.0036438867788733237
20849,0.022274026815117302
20852,0.04019444009294082
20854,0.03516668225804348
20857,0.027657375830024818
20860,0.16224756571452395
20863,0.023491160442736976
20864,0.19582038282035194
20865,0.012817638090783838
20867,0.005856728011306479
20868,0.0035634128101891547
20870,0.011292152311063139
20872,0.008805232774099505
20873,0.01962271358744122
20874,0.008487732188369058
20875,0.009896380102529346
20876,0.03089954246923276
20879,0.09144338228692635
20880,0.04134262289658557
20882,0.004439625058069489
20883,0.07664844954280597
20886,0.19835050539304688
20887,0.003560713440589775
20888,0.012946740935776293
20889,0.008631303806677683
20892,0.014116907481218773
20893,0.008918787858948292
20894,0.0061945090970428225
20897,0.014722209946548572
20899,0.02929363031153966
20900,0.003404225385918201
20901,0.03208713777994846
20902,0.008759841893569301
20903,0.08214501277225862
20906,0.004213311116171602
20907,0.034555420302008116
20910,0.003885098416367006
20911,0.027373547248273303
20912,0.010273574010379764
20916,0.04637211448490005
20919,0.13461809520910747
20921,0.018116269506255306
20925,0.008457247496975028
20926,0.04543160231125561
20927,0.01975331072554211
20929,0.0075520170573886445
20932,0.013943688171295154
20935,0.0651426292191015
20939,0.010205076170096044
20942,0.014760543639786667
20943,0.2068496007113428
20944,0.015529357811688852
20947,0.008774626142642582
20952,0.03033911000142726
20953,0.03436344049457082
20957,0.016652305311934498
20959,0.007053139633893507
20960,0.009437956036292869
20962,0.007409068252733673
20964,0.05243624251193822
20972,0.0041802359840852525
20974,0.0710578389241884
20977,0.008950366941476644
20980,0.013688665256322443
20983,0.0044840038380798575
20984,0.02177658522295475
20986,0.006464593399464976
20987,0.004059557336285135
20988,0.004397029072965896
20989,0.005399835855493707
20993,0.0032972680328791928
20995,0.08917678916808124
20996,0.00860606156886437
20997,0.00555755819306853
20998,0.0028436825068809276
21000,0.024326135210589746
21001,0.009905387975204199
21002,0.007121265814124227
21003,0.035224301298467535
21004,0.05993089334670462
21008,0.006619626636600382
21010,0.005845521769970132
21011,0.08651523749430419
21013,0.006837011266253223
21018,0.003674097322268245
21021,0.022326721440691435
21024,0.02588426917591335
21026,0.02098794001864278
21028,0.08853274854290949
21032,0.015094922764019822
21035,0.023204444421507108
21036,0.1085691683085598
21038,0.013087741711684923
21039,0.006146316588668314
21041,0.008372577441150714
21044,0.0037176818786942524
21045,0.0032137604463590907
21046,0.024651712146066984
21047,0.22218108929019084
21048,0.1402931362949872
21052,0.015743959788170524
21054,0.004626772984871206
21057,0.003901407806803613
21061,0.014702602764172306
21063,0.024849722627111482
21064,0.07653034789166091
21065,0.008146568811523515
21066,0.1972424718430822
21067,0.0044789419467893285
21070,0.002977290599128471
21072,0.014742016472149337
21074,0.1527008138779325
21075,0.009895025865724438
21076,0.011751725582648868
21077,0.006751898921775358
21078,0.042081990670311854
21079,0.1266043210141883
21080,0.006978714328779545
21082,0.012518776659234879
21084,0.007160951917933918
21085,0.008551822355303966
21090,0.05079484009829798
21094,0.004008857032843483
21096,0.14279870995897104
21098,0.19602827845059048
21100,0.022399966775177027
21103,0.0038146653193436293
21104,0.008441427001891414
21106,0.0038344789296108437
21108,0.003954531852214772
21109,0.003968663859368288
21111,0.02485777293930106
21113,0.004385553468909933
21118,0.0035648073293600927
21120,0.011665025495220296
21121,0.018555141089776767
21122,0.006930689802973383
21125,0.00288673610371795
21127,0.014259427426385207
21129,0.008782304369058106
21131,0.03845256301170112
21136,0.09030316175359102
21139,0.003346567653682486
21141,0.0042645667271364865
21143,0.015963490951283327
21144,0.05057111255264764
21145,0.014702246908303967
21146,0.0059334005764658864
21148,0.005487359438485602
21149,0.0034264250499203537
21151,0.009895423511595221
21152,0.0030173247189708733
21153,0.017123735245441134
21156,0.0065425659559693395
21158,0.05221093805544689
21160,0.0034986963108331794
21162,0.2865783540631327
21164,0.015562228094666501
21165,0.05279569325514709
21167,0.07617740341177678
21169,0.030938047712050547
21171,0.004066135290332247
21173,0.04926250217587244
21174,0.242543524719306
21175,0.03426793920597783
21176,0.0035936417084936876
21177,0.06143045377873416
21178,0.0052324667312037545
21179,0.009122312119708917
21181,0.2269382053180072
21185,0.008251805421535596
21186,0.011295491528787121
21187,0.23956376564983758
21188,0.014829944262791744
21191,0.010900086422090515
21192,0.011324003769503859
21193,0.013890866523868
21194,0.04928501274658465
21197,0.002871803227262911
21198,0.005519747358204369
21199,0.0261071382795282
21204,0.0037616778514593624
21205,0.205079692749924
21206,0.062381472978012276
21210,0.010151538157543785
21214,0.01689284072618213
21218,0.46545293370082585
21219,0.006165799307483716
21223,0.003810182887591897
21224,0.011325807002750463
21225,0.03505057748300325
21227,0.008493166473298406
21229,0.07279447702518539
21234,0.02477047143498844
21235,0.0039875094844874235
21240,0.020826093561519644
21246,0.03708044795122492
21248,0.0180754341632554
21251,0.008554227535961259
21252,0.005290912001647971
21253,0.026092726083828087
21255,0.039935221987834356
21257,0.023048433718705484
21259,0.014161586174224288
21260,0.06718109235968801
21265,0.020639541505315905
21267,0.010557431987754344
21268,0.002992821812867081
21271,0.03472204234958685
21272,0.2573122115941041
21275,0.004272591757457891
21283,0.01294359691227227
21284,0.003227076604360982
21285,0.012738362987802147
21286,0.06151378890293643
21287,0.0036745308697343046
21288,0.0036893767298402857
21289,0.003943558699320055
21290,0.011183859586151078
21291,0.01572050006026791
21296,0.10311184467778124
21297,0.10185527750376669
21300,0.012647477905070575
21301,0.007595051269212565
21303,0.019132156980326966
21305,0.00799993453866421
21307,0.007385574506437986
21309,0.09830841593856052
21311,0.010439428038488548
21316,0.00921296262074575
21317,0.011742238885249343
21319,0.02952344042781624
21322,0.006591150858264666
21325,0.015240997255475841
21326,0.006427121707009287
21327,0.004468025995256748
21328,0.2218659121182697
21329,0.020746083525763407
21330,0.0294503221419809
21331,0.22518583663505515
21334,0.0033654965041986927
21337,0.00950719174384888
21339,0.009090183969396197
21340,0.028402132002457774
21342,0.02002575101427856
21345,0.013148883337422904
21347,0.005750513877112633
21349,0.003497914831786622
21350,0.004354174847726251
21352,0.0036778815398252947
21355,0.010240980271184334
21356,0.00796248258585683
21357,0.017680683918222494
21363,0.013252055019623375
21364,0.022343911341140985
21366,0.014705893259095272
21367,0.011633635591225119
21369,0.005648738779156129
21370,0.0036927955892688768
21375,0.09938165096945187
21378,0.0032105720666580416
21379,0.004176922959130814
21380,0.004762854831589414
21381,0.005017918108821853
21383,0.15696191289082523
21385,0.003601483216359283
21386,0.005867244315852964
21387,0.03262347427028099
21392,0.036981474870855104
21394,0.02196446815055302
21395,0.07359792710741714
21397,0.0298168597590551
21398,0.003949815270414335
21399,0.03345617264212667
21401,0.019990935916282513
21402,0.025040978936628492
21403,0.0368099580787722
21404,0.014706263411078136
21405,0.09985918156829482
21406,0.004407398043022123
21409,0.018746441961430212
21410,0.0667750399616697
21411,0.008405936462748684
21414,0.027868339308002074
21416,0.004040157363933074
21417,0.03427427676207943
21420,0.003567262432228656
21422,0.19686680071885393
21423,0.011592740227347053
21424,0.020157309053559832
21428,0.023002030020293825
21429,0.009873521446868563
21430,0.02028168763848051
21431,0.022678947815418547
21433,0.026847681026737662
21434,0.1304270981195755
21435,0.01017142551663441
21437,0.034175072787741505
21446,0.04602754503170702
21451,0.0949616936137638
21453,0.015233580441554066
21458,0.006386933600254869
21466,0.014395525990872854
21467,0.0030999509944633465
21468,0.10196280926435711
21469,0.026092726083828087
21471,0.008245815745647212
21472,0.08285721067361343
21473,0.07015985129386593
21476,0.005186744428025339
21480,0.057704889918720276
21483,0.05767243749459803
21487,0.19711166393435436
21493,0.027519346721401338
21494,0.04176813448674696
21495,0.024559676697128927
21496,0.002853479940884715
21497,0.0036979275867534017
21498,0.006983922664347054
21499,0.00481667625330477
21505,0.004118990378489825
21510,0.11901229211893564
21511,0.008667610628416167
21512,0.0036586397518058927
21513,0.010553810077518249
21521,0.0059820509940653015
21523,0.0302946483727545
21525,0.01000555451170359
21528,0.049179063179806796
21530,0.0065551044629150665
21531,0.09603014825388285
21532,0.004821520371564112
21533,0.04194036731095112
21534,0.09660812449899513
21537,0.00369721284754119
21538,0.04583566946928618
21542,0.005986748816527845
21543,0.002906359674060928
21544,0.009693296189238147
21545,0.0038631016460117383
21546,0.022135583407035513
21547,0.020330350975854308
21548,0.009888527569724675
21551,0.030738343903056152
21553,0.11607408875874692
21554,0.008787620069312198
21555,0.005159173521774805
21556,0.006521478695016549
21557,0.06225237451383989
21558,0.02928699519399705
21560,0.004056528025757192
21561,0.009238175591424478
21563,0.005275212192110112
21565,0.007717848527394317
21568,0.03711553103221565
21571,0.015345204389662618
21573,0.011694826529082469
21574,0.10108004551884017
21575,0.0037446725895261632
21580,0.014857622506099878
21581,0.21183555082109365
21583,0.005745338934979101
21585,0.005838484450864823
21587,0.00488407849226509
21589,0.021181354083427296
21591,0.011850214390016241
21594,0.07236568459652702
21596,0.01181338152956524
21597,0.004144626347139772
21600,0.024114411437725716
21601,0.012200786079097808
21602,0.00384211730717648
21604,0.023112609617853747
21605,0.005487567181784773
21606,0.014821673501514924
21607,0.00350688123805885
21608,0.09407425666545956
21609,0.01081861676550048
21611,0.00787715890268727
21612,0.022392040450446002
21615,0.003858436265835386
21616,0.003719754723674617
21621,0.20529804521235392
21624,0.009877748427057142
21625,0.005379153911792358
21627,0.12980207822302653
21631,0.22269394611558233
21633,0.003958864269363055
21635,0.184734934660439
21637,0.04429202452864436
21639,0.15234453977699336
21640,0.003106948297142668
21642,0.004180270935187534
21643,0.014759289247920767
21644,0.02212401126162169
21645,0.016120808970406075
21646,0.03039239744004867
21647,0.061613662051726185
21649,0.004520314115585689
21650,0.038818721714672114
21652,0.018640628761050458
21655,0.20796467216462225
21656,0.006739338793176367
21661,0.026092726083828087
21662,0.2315196059816771
21665,0.02116703228396071
21667,0.002901324402258641
21670,0.006620985605432312
21673,0.006261810421465162
21675,0.00409666662325613
21676,0.007006833579069584
21677,0.2854086786456771
21678,0.005178860621505391
21681,0.004001676020916922
21686,0.005056240405804871
21689,0.15234453977699336
21690,0.009387237364730844
21691,0.011659862508211232
21695,0.039686020266966236
21696,0.022553308613316416
21699,0.00955836877294377
21703,0.002886658667405287
21705,0.023925590481470787
21707,0.04687635089662003
21708,0.0055352034932312204
21713,0.004091266428305719
21718,0.011633499736053966
21719,0.026576043460243653
21722,0.0037750026051903583
21723,0.0038190890338929743
21724,0.0036997748770450107
21727,0.00679803995046397
21728,0.29201900071405723
21729,0.2544150605989516
21731,0.01829449398143725
21732,0.0042506741499852875
21737,0.17340602759089255
21741,0.017412955791159142
21743,0.0033204082419885607
21744,0.03440082691924453
21745,0.003227333702430602
21747,0.11288026123232603
21748,0.009391767908181881
21751,0.011724728656717077
21752,0.0034191250018298365
21754,0.16168231458637605
21755,0.013551734691870276
21758,0.011771274885846712
21759,0.004171617965525323
21762,0.09942921640791744
21763,0.019785806516860335
21767,0.0029747397044997794
21768,0.013188276636075545
21771,0.018306453922071017
21772,0.017438663980090578
21773,0.0052534339232300584
21774,0.10752982593466548
21775,0.049007906434233986
21777,0.1353648742880807
21778,0.0036697089089988673
21779,0.08722478163706639
21781,0.06726558250880345
21782,0.008337102223315119
21784,0.06952558288592847
21785,0.011854033482826072
21787,0.07985498360044867
21793,0.296544861548669
21795,0.0031082310631099608
21796,0.0029616383843021083
21798,0.003665107735449783
21802,0.015500025212823133
21803,0.08613789566488085
21804,0.003162499327834953
21805,0.0032380669307342596
21807,0.04485394231025978
21810,0.0029493367206329655
21819,0.009878075845018498
21821,0.004003812349324875
21825,0.0317097118268957
21829,0.003691043729962743
21830,0.057548778313572496
21831,0.06377385249054304
21832,0.01810911733435298
21833,0.1687052191011901
21835,0.0037673291435888767
21836,0.08774566171950599
21837,0.003761900964210658
21840,0.004915422090019149
21841,0.010007197416104216
21843,0.007662241078861657
21846,0.00793006352962802
21848,0.031027846848509972
21849,0.03149921082125709
21851,0.0059784951891475
21852,0.14386448424059503
21854,0.039636775164715796
21856,0.029593042555593637
21860,0.0036682055701709247
21865,0.07575732065315209
21866,0.007939034738897498
21868,0.009907243496856255
21869,0.006051078987532004
21871,0.004379484345670278
21873,0.12920919679471718
21874,0.030129781630123947
21876,0.0029384194024937877
21878,0.008166605481316199
21879,0.0038372801686854265
21881,0.06930500581158351
21882,0.23398087370316337
21883,0.002973073138734062
21884,0.003065549893110057
21889,0.005442042191792922
21890,0.0037273628225538767
21891,0.006156680618363832
21892,0.029177665900726273
21894,0.02272201837815363
21895,0.0038320387182579976
21896,0.06109621263532539
21899,0.005993453730772049
21900,0.004552830267838947
21901,0.02924499658421194
21902,0.021528512497652103
21904,0.042559734799787585
21907,0.13369302697992724
21908,0.0645611136525105
21911,0.04777254389451363
21914,0.006846519086333024
21915,0.010337338481773968
21916,0.006975505480484718
21917,0.23679425502980997
21920,0.026092726083828087
21922,0.06055400230228637
21923,0.008468118926804331
21924,0.01007570823460639
21925,0.018327403956166433
21927,0.0028323777870066322
21928,0.006898196890226645
21931,0.013845833438539724
21933,0.2005732993591157
21935,0.29831584457870913
21936,0.025289450759027415
21938,0.0203790440868458
21941,0.22798680101288787
21944,0.004655535668800489
21949,0.0034786251407416193
21950,0.004856765972929916
21951,0.006054937520267616
21954,0.007726624240449833
21956,0.009393380517254928
21962,0.006988829704723357
21963,0.07596518339541669
21965,0.009695951831563304
21966,0.005039406751038759
21970,0.004023288665501786
21972,0.009575088265782496
21974,0.004172359964662301
21975,0.06333559351043601
21977,0.012604788044682187
21978,0.11414216819457339
21979,0.01071835282537639
21980,0.018204493902600732
21983,0.0029382604638723575
21986,0.0029481239036809816
21993,0.0221192653828625
21994,0.010021185505223386
21997,0.08856678089570948
21998,0.09215607446522721
22000,0.27987246188472414
22001,0.035003252398820905
22002,0.003109642361437008
22004,0.010788964533056467
22007,0.03844004254939658
22012,0.02866641944648941
22014,0.019060094792225944
22015,0.0034162426433951383
22017,0.1505272702825818
22019,0.012167354867916712
22020,0.016214122538322575
22021,0.21329267869191754
22022,0.0036090023749893166
22023,0.0102313694328462
22024,0.010301415741902643
22026,0.004326526277546258
22029,0.17149339884744497
22030,0.010835434900132465
22031,0.025040978936628492
22032,0.007882203565576309
22034,0.006880263216434516
22035,0.0034419207261846335
22041,0.003441295835146779
22042,0.0131010420036514
22043,0.0037669179564799146
22045,0.016009062410981354
22047,0.045116428690676356
22048,0.029395276967670875
22049,0.027122729554641633
22052,0.048937772613976714
22053,0.008121626238098726
22056,0.03454946162514808
22058,0.02937849571471484
22061,0.08660493392421585
22067,0.01325031048360757
22068,0.05946405062177335
22072,0.0811304427821447
22077,0.017169506686881945
22082,0.005647443757256224
22084,0.10113246500453306
22088,0.022227945341941054
22091,0.019376725813156415
22096,0.22889435583521792
22097,0.0076197265176544075
22098,0.014666892011849144
22099,0.006132075095556809
22101,0.08194938669043528
22102,0.0042982971795056885
22104,0.003941999977617181
22105,0.0064447513324034505
22109,0.02979314711961416
22112,0.058058061207097944
22118,0.21370808666030616
22119,0.003451146730870794
22120,0.026092726083828087
22121,0.0037050644352460108
22122,0.004187994341646721
22123,0.25032255775129336
22126,0.004274061170540884
22127,0.12513516205546713
22128,0.015245243945427353
22134,0.03372256923852524
22136,0.022829048189238522
22138,0.004014053031858069
22139,0.05449770389555725
22140,0.009852462036046252
22142,0.003928960984347237
22143,0.010455547244806223
22145,0.030105885913228318
22146,0.0035986356870906363
22148,0.030948911907595984
22150,0.00858327089772185
22155,0.04704913578913835
22157,0.00420584351017544
22158,0.019354062611889107
22160,0.002838410570077986
22161,0.0049605468634443435
22162,0.005926775591015867
22163,0.048285187299536896
22164,0.014824998070054473
22165,0.005215084032485668
22166,0.005095294276313321
22167,0.007319780150962443
22168,0.01990395257725462
22169,0.039792028455777305
22170,0.035126117601998325
22176,0.22202352038365997
22178,0.2198083678636452
22179,0.009429714200704938
22180,0.009582767567736369
22181,0.14360384878051471
22183,0.07222890332758586
22184,0.005693738312762066
22186,0.03230585227574561
22187,0.19846498127578252
22193,0.004274627095007432
22195,0.06170371018561981
22196,0.011881216685694956
22197,0.003988115673723401
22199,0.010273354977143911
22200,0.07435569755760027
22202,0.0038539322701987145
22203,0.002832565037489581
22206,0.029817127523233417
22207,0.01690958240168136
22208,0.00354004255533928
22209,0.16291808836959923
22213,0.0030022377206845507
22214,0.010409392760481067
22216,0.0029863879599680075
22217,0.0124832781682297
22218,0.005649576921319094
22219,0.008758038847271946
22220,0.05262518992525446
22224,0.10184840901436897
22227,0.02231967558125408
22228,0.015945766571438667
22229,0.0034421839153492063
22230,0.00953191966817538
22231,0.036935518741037836
22233,0.08468569495794408
22236,0.0046333811036780356
22237,0.024749670560981762
22241,0.07262695282539668
22243,0.006365522151066905
22244,0.024356779803964033
22246,0.025174155017594867
22247,0.027968030381159522
22248,0.038630119388102714
22250,0.027357125322734027
22251,0.027746210223887027
22252,0.012396689736905005
22254,0.007411588702132345
22258,0.06008340569689315
22259,0.010229280535587222
22262,0.003299655461443646
22263,0.013234585322964083
22264,0.0038936469428866053
22265,0.026432089896274654
22266,0.20032019708269336
22267,0.034195227341526684
22268,0.24910241346003273
22270,0.0028937307541331858
22271,0.18915655257976327
22273,0.09428215049329519
22274,0.20372201089723127
22281,0.14998893013611078
22283,0.20610221779950405
22285,0.0036762878339505964
22286,0.2111771309739762
22287,0.0198764134663088
22288,0.04308262448710617
22289,0.05850885500871835
22301,0.0028595687765627727
22303,0.07209055688554303
22305,0.023308875116043033
22306,0.005292944299992912
22308,0.00662745309549659
22310,0.18236035630510564
22311,0.004136373884966242
22312,0.010169473464339421
22313,0.035707476971960424
22315,0.2290725865955245
22316,0.022878173885426196
22317,0.00664458075504107
22318,0.007185090823915498
22321,0.05098836673339196
22328,0.031152220433292008
22329,0.03432740712654438
22330,0.0393940249219573
22331,0.008513980052421483
22332,0.04076686539735999
22335,0.011077376227301735
22336,0.013115556610485508
22340,0.0036900935659717497
22341,0.012012268790886273
22342,0.0038341020047352264
22343,0.07263300592629152
22344,0.025040978936628492
22345,0.03146378994988419
22347,0.003007915188798493
22348,0.015577596213108637
22349,0.003986078491246227
22350,0.03429771214151083
22353,0.009874055497848123
22354,0.007963941505394452
22355,0.00702993032925986
22356,0.25046162307443187
22358,0.0043651554090731615
22359,0.03582103194633527
22361,0.006487802809449293
22362,0.009140860939419763
22363,0.0060635268623831715
22365,0.01430727176529267
22367,0.030591828815219015
22370,0.05575178970311527
22372,0.011482860676282656
22375,0.23476377650763877
22377,0.006047805180544287
22378,0.004257426864603242
22380,0.011854281014953814
22381,0.013010836714801024
22382,0.003640580000269978
22384,0.0497708027810174
22387,0.004032832558343822
22388,0.23153234337983375
22390,0.010296571424527072
22391,0.03131105586823695
22394,0.026092726083828087
22403,0.06352400905549764
22404,0.09947940350661849
22406,0.017493651174105083
22407,0.01462644226368341
22412,0.1515644131975685
22413,0.008779391303569821
22415,0.005032808856568149
22418,0.006203093137940781
22420,0.025040978936628492
22421,0.020234435473529606
22423,0.009524266711061892
22425,0.0033590399456051405
22426,0.023472715752236948
22428,0.01162419130019124
22431,0.00308410350542047
22434,0.029868216465427887
22436,0.006568482271893085
22440,0.1695444554258203
22446,0.003402550823232065
22447,0.004362382898897983
22450,0.03124716758508985
22452,0.01756878339639969
22453,0.0035907709467115348
22454,0.004288741386907031
22455,0.0031080229478498184
22456,0.00539480028758868
22457,0.00432924173175625
22458,0.006980295510905583
22459,0.03783818262970208
22460,0.04656399835801562
22461,0.26799782398918354
22463,0.008296273801370293
22465,0.005663586979760782
22467,0.005185532938534513
22469,0.012145547013337227
22472,0.005015940778868262
22478,0.003451472709873681
22479,0.007841904738236179
22483,0.03084828796614156
22485,0.006140171234792348
22486,0.0032988233390912666
22487,0.01243689442459247
22490,0.031047343905510855
22493,0.011583509704734131
22494,0.016078438843297682
22497,0.0031247649746479374
22498,0.003668731610142124
22501,0.05461870609109778
22502,0.003163308702171537
22503,0.011023909726626343
22506,0.0202294552861671
22508,0.03269057559901681
22513,0.007051369951383771
22514,0.04555285890701336
22518,0.003481934438181527
22521,0.002965559103945315
22522,0.0522228056758761
22524,0.11164635151084498
22526,0.005176835652072996
22528,0.0046855773557105095
22535,0.003598378000573065
22536,0.012180225757639045
22537,0.08599916510667989
22541,0.0028819897783930464
22542,0.016526219747532375
22543,0.0943207657696598
22544,0.026092726083828087
22545,0.20093976911734163
22546,0.00495544053816493
22547,0.009007226554868433
22548,0.18693545278726778
22550,0.08231416013446291
22552,0.0037470258398835726
22554,0.004879935640294289
22556,0.05780339763791732
22557,0.0044467151881913535
22559,0.0030174268440660945
22560,0.002893608900766587
22561,0.008476390464967955
22563,0.01741607675363459
22565,0.015591498161071565
22566,0.01011890744032985
22568,0.010813199119857501
22570,0.1711916178687192
22571,0.03772987055495682
22572,0.006314634967952012
22575,0.017855603420690612
22576,0.0036489226925157567
22577,0.011285517625926555
22578,0.3058535910389453
22581,0.007039349896420056
22582,0.09254357681978471
22584,0.012256796260039636
22585,0.03631584079193198
22588,0.0052964263263600994
22591,0.019506007005330367
22592,0.005044370471415568
22593,0.007120971316782073
22594,0.01935371404986313
22595,0.015264756181821926
22596,0.2500634278051312
22598,0.006876569300993656
22599,0.0034458749991761093
22600,0.00465770015469899
22602,0.004026690179455594
22603,0.008137286673574043
22607,0.07586926129866628
22611,0.012416982305325558
22613,0.0037368699209646143
22614,0.015688178411681686
22615,0.19198904534358652
22616,0.002884158869825211
22617,0.055448273429725733
22618,0.03840143609725796
22619,0.010951683894910507
22620,0.07268964310964983
22621,0.09624225503340962
22623,0.03416306432209417
22624,0.04644388384462028
22626,0.010397281970373916
22627,0.005351013265909367
22628,0.02142022570654398
22632,0.06652054459808544
22633,0.003947105935009775
22635,0.007091512326718916
22637,0.06094466857828615
22638,0.21115440535526916
22640,0.008113205977086051
22641,0.004904077942752214
22642,0.0035605781704260648
22643,0.05192287307860582
22647,0.0030012357022906264
22649,0.22733308212416958
22650,0.014360954186989912
22652,0.04632365272366447
22653,0.006621304800129168
22658,0.18788764615354267
22659,0.0035444675716225
22665,0.04365191398581162
22668,0.02333840385219009
22669,0.05963367055804358
22674,0.013397816877232602
22676,0.0029131683850453973
22677,0.007029245051749652
22678,0.02937427669079496
22681,0.0034839229486853915
22686,0.04071950256896124
22688,0.16169537924684552
22689,0.002985516748125765
22691,0.011994333251139327
22692,0.004148561037263272
22693,0.053457145150252044
22694,0.23396969548961646
22695,0.1584046192386047
22699,0.0031145801885022802
22700,0.005903670206372502
22701,0.008780282390661084
22702,0.1736493097781073
22705,0.1914363159863021
22707,0.026092726083828087
22708,0.0052839119470282775
22711,0.010295972731529521
22712,0.004098189299918725
22716,0.11985248209113135
22717,0.009244924938300744
22720,0.04331154648491843
22721,0.005041710528200366
22722,0.008777467001703353
22723,0.019742919817085355
22724,0.026526836344671793
22726,0.005009048915760447
22731,0.021875680937971747
22732,0.062923983019909
22734,0.02046346828574956
22735,0.019368142157830923
22736,0.025058762280479353
22738,0.006610503806308601
22740,0.0039991376542810155
22741,0.006215765492893187
22744,0.019443217481758715
22747,0.004606389133952804
22748,0.004361469061782099
22749,0.003918754448858226
22751,0.02480109222209799
22752,0.030511085703166553
22754,0.006983922664347054
22756,0.05093415545226839
22758,0.0864430242254973
22759,0.0153342532458526
22760,0.003662563583334905
22762,0.00427824395650362
22763,0.1428927002114022
22764,0.012283875841666882
22766,0.038264685178068976
22767,0.005810445273303468
22768,0.031641717057352074
22771,0.0028831700113541078
22773,0.1736493097781073
22775,0.023208763256240925
22776,0.008781557422962688
22784,0.22789283282094805
22786,0.00709530742673056
22789,0.007404405040517638
22790,0.0067848208851030226
22792,0.018726508071954102
22794,0.010516003123699172
22799,0.003174192885860751
22800,0.02148929743387224
22805,0.004096818881618155
22806,0.014241958795629108
22809,0.10069953148134793
22810,0.015725058857710326
22817,0.004063150557101282
22819,0.18436712559152252
22820,0.0028392380317997725
22822,0.003480861711563769
22823,0.014475351129638901
22824,0.008826967778268247
22830,0.0036293604769999308
22831,0.003730264697153952
22838,0.006548178347530537
22840,0.017188918912265917
22843,0.011141809980343632
22846,0.0055084570733127895
22847,0.009027557983777504
22848,0.0036136179802233495
22849,0.00321559496689596
22855,0.02126165280070655
22856,0.02768298740582873
22857,0.00348886919048596
22858,0.01411080361477736
22863,0.061460202899136424
22866,0.003722951897192304
22867,0.023407867224926646
22868,0.016558228154360526
22870,0.0037289862363705955
22871,0.03646062731236777
22874,0.0035489648652590427
22875,0.02214330165843159
22878,0.051225719783767124
22884,0.011341679886488659
22891,0.018552357792984402
22892,0.025971310317723793
22893,0.015095931926102207
22895,0.009391324226857062
22896,0.07630120458889332
22897,0.0037850334558750566
22898,0.004011370946057916
22900,0.0029952151296388065
22902,0.005933288153492239
22903,0.003990318668533038
22904,0.006223426439473293
22905,0.006037628929922587
22906,0.0930202441652434
22909,0.004203879220792124
22910,0.003991575257092551
22912,0.029282421467248576
22913,0.0036218518227541965
22915,0.0050832786755218295
22916,0.006927635878848897
22917,0.003092766456828789
22919,0.04681643330655868
22925,0.0029340400111572663
22928,0.0804723765577171
22930,0.010662028104971258
22932,0.26350280551841565
22933,0.003882843710054929
22934,0.03204529609344612
22936,0.24713704262007222
22939,0.0053861454516182
22941,0.004827092907262072
22944,0.015976953880985908
22946,0.011851877456014567
22949,0.20409924744624736
22951,0.22067280360146374
22954,0.07003148717078653
22955,0.009638833260994434
22957,0.004014908163202478
22958,0.006000931770914546
22959,0.033632860446782986
22960,0.019381372183830445
22962,0.0255511079617023
22965,0.07034201441300424
22967,0.17700982672055313
22972,0.016343354448536247
22975,0.2003396239162728
22976,0.06094466857828615
22977,0.1030405418667814
22978,0.004161354179811305
22983,0.0033932494611446477
22984,0.18123338894139107
22990,0.007836008251640495
22994,0.06550468651876695
22996,0.060379752379342295
22998,0.03217858110287209
22999,0.04364998681900854
23003,0.009062677113192303
23004,0.17291654296626885
23005,0.22176126160440057
23008,0.0031063269195834063
23009,0.2638399320144
23010,0.003967234868222014
23011,0.005488588576442551
23017,0.0038910803611060508
23018,0.010739653506324952
23021,0.0050348625777624344
23023,0.027144351072283458
23024,0.06335819534674554
23025,0.01828204546735508
23027,0.005352300954783094
23028,0.1409810965518706
23029,0.004327950812288055
23030,0.008803114819528394
23033,0.04474360493185965
23035,0.002864043396454129
23040,0.10386570958268518
23042,0.0033420233721532877
23043,0.004891412650213183
23044,0.004417910142983965
23045,0.004069424990775638
23047,0.0724220380014864
23052,0.010550649960787615
23054,0.004615052286212615
23055,0.0036693013039727444
23056,0.05048611985425114
23057,0.01160021760699452
23062,0.017734488355410336
23066,0.029287454371523403
23070,0.028747500303609688
23074,0.016953523814936068
23075,0.059572425942780866
23076,0.0028163530212251355
23079,0.008949469568624219
23080,0.05727767071859766
23081,0.007345915454450291
23082,0.012122595415283332
23083,0.04919655458852262
23085,0.004725162463959869
23086,0.005653154349359985
23088,0.005365309416811351
23093,0.02084259037607512
23094,0.09745125661578838
23096,0.028590512446777197
23097,0.002881710708634306
23098,0.008434727963079985
23100,0.03789971793457805
23104,0.0045734489919614036
23106,0.03429311865623927
23113,0.010028909118704313
23114,0.09012866852400028
23116,0.003504106396580664
23118,0.0893263588403453
23120,0.004478855699040873
23121,0.011505384687588341
23126,0.020048460966592678
23127,0.006085306510375709
23128,0.0043174698590869014
23131,0.043272142733931346
23132,0.02354445740636035
23133,0.23230434619476517
23137,0.014717754827866657
23138,0.12472454894115667
23139,0.0857941872802328
23141,0.02694007139808154
23142,0.0029451737353550704
23143,0.1998168642267697
23144,0.037079332054963526
23147,0.1494264128322482
23153,0.026092726083828087
23157,0.008287023119082644
23161,0.0045301459340475
23163,0.014707696485673641
23164,0.005154385372960957
23167,0.020625406012610533
23169,0.4813677211285151
23171,0.0038791578601632707
23173,0.01301286161529387
23175,0.015497175819821981
23177,0.003145395285768481
23178,0.2701531813693894
23179,0.025329464683465728
23183,0.0032954069247560134
23184,0.09045063293947334
23185,0.02289875766615297
23186,0.010510232990600972
23187,0.003922929796818326
23188,0.013866988961025783
23190,0.026092726083828087
23191,0.007234936264749333
23192,0.09268966414269238
23194,0.058697367064764354
23196,0.01368851165229309
23198,0.2953975883546856
23200,0.004875026542043743
23201,0.19546338591223836
23205,0.13508778637977242
23207,0.0031861749143162754
23208,0.005160969284763493
23209,0.0030327580222388917
23210,0.0056021744195717555
23212,0.004359912885331161
23213,0.13772865850958876
23216,0.13168879875718112
23217,0.03668666470998526
23218,0.00867649409492099
23221,0.04136611384373896
23222,0.027321499314636875
23223,0.012648801824952018
23224,0.0029451152496418765
23225,0.005068459590278272
23227,0.06792602101528322
23229,0.003446699660771079
23234,0.0029743268737039714
23238,0.05102008936173794
23240,0.04508686421633264
23246,0.013526195313619038
23247,0.005169354625043935
23250,0.015916797919410794
23251,0.004127815888372625
23253,0.0042373445286604675
23254,0.029842312142876713
23255,0.03679041886586325
23256,0.003735433702542893
23257,0.005089463138880681
23258,0.0029281621100673166
23259,0.042683553147682934
23260,0.0029372330685369023
23261,0.0029717668672263513
23264,0.006885874900530134
23265,0.00561142628013824
23266,0.0036834672920633515
23267,0.00357790377421872
23268,0.026552056877313
23270,0.007784587987570048
23271,0.0028787667672946723
23276,0.2186140489752205
23277,0.21184960495007654
23279,0.0039063388182883395
23280,0.0054879785043274116
23281,0.01178309336911346
23285,0.01109601473279886
23288,0.02928476442059124
23290,0.0037909177550854802
23291,0.007864458208139424
23292,0.0037051399608437918
23293,0.09482701655240923
23294,0.22168379840247465
23297,0.007457273189254229
23299,0.11017433113559003
23300,0.002907909237165992
23303,0.027087073328523077
23304,0.15267400802701653
23306,0.029730139245583338
23308,0.010589213966188296
23309,0.003463084970487276
23310,0.08009628340279686
23311,0.01413490443659009
23317,0.26600644532429735
23322,0.003795400634884381
23323,0.068873070785853
23324,0.13623712062045396
23325,0.006708337524348786
23326,0.13296741252653174
23331,0.006743388637824387
23334,0.002902281306482285
23335,0.0266031410501209
23336,0.0541285414790065
23337,0.006193203079987342
23338,0.0034046827659624888
23339,0.003044608381849352
23341,0.006989263961856278
23342,0.003908883921353109
23343,0.01466874253117774
23344,0.039042567944563254
23346,0.1741704540169868
23347,0.0036517967826802133
23348,0.21884689185531386
23351,0.023208763256240925
23355,0.003948752467437754
23356,0.0035287739386397413
23358,0.025040978936628492
23361,0.027576997795211694
23362,0.0042955335476856414
23364,0.004780019127082716
23368,0.004403861216789114
23370,0.2500503495964003
23372,0.009288977472410545
23375,0.006178585888396967
23378,0.00421066199640936
23379,0.007274967834672388
23382,0.013272901042639985
23385,0.006339932140090965
23386,0.004657382022874814
23387,0.03998291690914067
23390,0.09355732882022594
23391,0.011678689729877234
23393,0.054566619750563886
23394,0.005938829290101038
23398,0.0043394968724291645
23399,0.004087313396796321
23401,0.026092726083828087
23405,0.008769596155450305
23406,0.007986043218262571
23408,0.008868020468010766
23410,0.010601720406745943
23413,0.02453318820969451
23414,0.0030180542401285486
23415,0.03105764959175464
23418,0.09199175273073047
23420,0.003584851490529185
23422,0.04108124512310537
23425,0.003468219817194371
23427,0.013711091022040512
23428,0.005901701692295027
23429,0.28509068799430487
23430,0.01940438474763988
23432,0.004112268376828302
23433,0.0037111351108024813
23434,0.0037115716249327404
23435,0.044518204279759235
23436,0.033023284407612014
23437,0.20076207963783516
23438,0.0035181570342170355
23441,0.0029338311329410046
23443,0.0057994008430454595
23449,0.10015012621906608
23450,0.18987811874099705
23452,0.006384684466456521
23453,0.014167716452338226
23454,0.012700394146109923
23455,0.00778170408854605
23456,0.012870275175536681
23458,0.010330688543482788
23461,0.01987416875693219
23462,0.0048622757330925755
23463,0.026092726083828087
23465,0.13048678179150372
23469,0.008693792007467286
23470,0.0028935337505465422
23472,0.022678947815418547
23478,0.0037952244526667576
23480,0.004814214545351561
23484,0.005047445761542378
23485,0.0038196782002848707
23486,0.006192509144773798
23488,0.21202829622176933
23489,0.003909394289710155
23492,0.054964566292705436
23493,0.13114031746982432
23494,0.009455273442106971
23495,0.009112258629258421
23496,0.018282576098449674
23497,0.14389858925819515
23500,0.006427955588712706
23501,0.0041401164981193835
23502,0.003590107593768015
23504,0.041294411464850155
23506,0.13049483841916074
23507,0.143534886996028
23508,0.003458500190463569
23513,0.35221963554631064
23514,0.26207419143841454
23515,0.004032832558343822
23521,0.011884726866913897
23522,0.006056276503185869
23524,0.003813488239621748
23525,0.03960619559140749
23527,0.004475858021690667
23532,0.004229799357737914
23536,0.006834417154930049
23537,0.004471419450909025
23539,0.11954792250002186
23540,0.005586696917811445
23541,0.025476102358357042
23542,0.0051438572084649406
23548,0.10420351060414128
23549,0.028978663794088116
23551,0.0035427478870535944
23552,0.03512043661963352
23554,0.0074354967564971616
23555,0.00577462941594343
23556,0.0067273473581941
23559,0.09596430837244807
23560,0.0041373015883303735
23561,0.19186797823182006
23563,0.013266260185459504
23564,0.2591286644453619
23570,0.019953765889904
23571,0.010598977301457216
23574,0.07108541092024646
23575,0.22146838335751282
23577,0.049403649471000385
23580,0.02040583625156236
23584,0.007169593478462924
23586,0.050923638559628275
23588,0.15824842992038246
23592,0.011731063252285978
23593,0.008770190045054188
23594,0.006622079866668095
23595,0.05195793000083403
23596,0.030945599131090046
23598,0.014642298084116814
23601,0.0038652146936137472
23603,0.0557849989579251
23604,0.20888700981818356
23608,0.0032622437971580693
23609,0.005542993518883722
23614,0.010282270889329452
23616,0.010169620605375318
23617,0.005096701792830751
23620,0.1714638424186032
23622,0.0038641656637828582
23623,0.003661183533847422
23624,0.0076018159144601825
23625,0.21202310078535738
23629,0.0045079244025713885
23632,0.0079219735180578
23633,0.06978718405077881
23637,0.014344303810799656
23638,0.0035290988675153834
23639,0.09649550024031314
23645,0.1706875638630032
23649,0.00392530269845092
23650,0.003011854985277072
23653,0.020711268184547896
23654,0.0030188833326532053
23656,0.28894058531999284
23658,0.010143538052565917
23659,0.003490594291340391
23663,0.06313203824211831
23665,0.0067273473581941
23667,0.004116042656250633
23671,0.014161991798495444
23675,0.0029683256966605395
23677,0.0048336636373419815
23679,0.06121760681897626
23680,0.023901256498372412
23681,0.022022785289437474
23682,0.03544290436856862
23683,0.0030001386698215904
23685,0.007314504573814365
23686,0.010240371539942394
23687,0.03126337159699785
23690,0.012884173711888085
23692,0.0030262887354333633
23693,0.024411354592283354
23696,0.003001024419152456
23697,0.006396564176337411
23698,0.0039028124190459267
23700,0.18124219047576134
23701,0.00882219876949792
23702,0.0030309252859307017
23703,0.01664702110474228
23704,0.03403851508034532
23705,0.006909358736522694
23706,0.010254470857457725
23707,0.21440253233556741
23708,0.035147215271180095
23712,0.0148009342133165
23713,0.0065146500607224786
23715,0.004256345715967879
23720,0.003233312571690555
23721,0.0030349434510031745
23722,0.12058558316170898
23724,0.024899449950405647
23725,0.009004668748764752
23727,0.003543230719469641
23728,0.1767022435138391
23729,0.006588748158244991
23731,0.04879550280137626
23735,0.016477026499165746
23740,0.012549176980739658
23742,0.22383746161280024
23743,0.07206181807866692
23745,0.1983620133321053
23746,0.010518343854485837
23748,0.1856217743836515
23750,0.026092726083828087
23751,0.031845803564598034
23755,0.28104002003047795
23759,0.015855426418915155
23760,0.02170255184079142
23761,0.008962308419103119
23762,0.0028331579665584663
23764,0.011514121348024861
23765,0.0669665577577709
23766,0.008968958208150501
23767,0.0036328626954129297
23768,0.05987671748299949
23769,0.044318474438678084
23771,0.1398644520440563
23772,0.009860791545244812
23773,0.17171029974177057
23775,0.046150011388960244
23777,0.00467363257951183
23779,0.02109879948068964
23780,0.07171765632594712
23782,0.0052950833645477955
23783,0.0036375137755671853
23784,0.004309107662905749
23785,0.0032901528407847276
23787,0.014706133724906749
23789,0.031127706316951925
23790,0.005474960057001943
23791,0.03931962316187645
23792,0.00323277077261152
23794,0.1920795882142341
23799,0.02049662454670892
23800,0.23198578419349075
23803,0.00436710013434006
23804,0.03459537651067348
23805,0.010414518133975436
23809,0.019667905374870447
23811,0.08802340267466148
23813,0.03141050684001803
23814,0.020731952100481454
23816,0.014135794898914904
23818,0.008603748359416548
23821,0.027523691005514286
23822,0.026092726083828087
23827,0.09398775509077432
23829,0.003922289653084282
23831,0.003893715475921071
23833,0.12304213300682118
23834,0.03152824039605356
23839,0.010872568126937434
23840,0.005252809926572582
23843,0.0038595190168482702
23845,0.11205602933473705
23846,0.05279569325514709
23849,0.2919553629942786
23850,0.07238302159376345
23854,0.009541340719040366
23857,0.02064868399531167
23859,0.010844217022935589
23860,0.0029670364573556266
23861,0.004199492308613759
23863,0.0037641383574101286
23867,0.006430599624217376
23868,0.0037871025877645108
23869,0.0034818463341890504
23871,0.1736493097781073
23873,0.042721230997455735
23877,0.01245718889362743
23878,0.03290812790140065
23879,0.0040408881446230786
23881,0.004512251341736955
23883,0.002966549472453866
23885,0.03111820305013226
23886,0.0034792742391095686
23887,0.0042657320560005145
23889,0.01982457566988281
23890,0.005834099010375791
23891,0.07017702654719982
23895,0.003985697941673004
23896,0.24229556009553643
23898,0.04183109610359092
23899,0.01174811552610269
23900,0.010214438200631004
23902,0.012692056827926592
23904,0.011657450397450081
23906,0.0032045882374092615
23908,0.034699284812140775
23910,0.05839190702754571
23915,0.006051048507151661
23917,0.13312692674651228
23918,0.01758566172435735
23922,0.02621907607684589
23924,0.08143657418081013
23926,0.2514191854120066
23929,0.0033154912766902417
23934,0.024014258327081324
23936,0.0036521341487211305
23941,0.19984745882839722
23942,0.019826336508871882
23944,0.016845866142425857
23945,0.004855113238235776
23947,0.00394267755500561
23948,0.10625390596298409
23951,0.007833386206356107
23953,0.0035860865805361504
23955,0.008544500872858065
23957,0.0036120611843768716
23959,0.008062962412730511
23962,0.02062812294140314
23963,0.005158259150951929
23966,0.0028526817291556197
23970,0.05387556945350261
23971,0.07783902977509657
23972,0.12157358164920129
23976,0.12628190540079193
23978,0.09254493973480893
23981,0.03459537651067348
23983,0.0043362961635330585
23984,0.006708820650363095
23985,0.01570000512122928
23986,0.003344692335637755
23988,0.03497210644832059
23990,0.2548026164331766
23991,0.0037875845797908413
23992,0.0036720397363562236
23993,0.03763865716480446
23994,0.13094475503272412
23995,0.11969009343011147
23996,0.006285171160944907
23997,0.02107708933469363
24000,0.0692862753698669
24001,0.0409549149980003
24005,0.004258589265381287
24007,0.003259916902163764
24010,0.023414209276882886
24014,0.1964662829630776
24015,0.037427960349758704
24017,0.04858927884738518
24019,0.0036364778375303636
24020,0.021112418063181513
24022,0.002876708461317797
24023,0.0032827574696437083
24025,0.1830827854830853
24026,0.0952165995814348
24027,0.030153583533953147
24028,0.051285574255700656
24030,0.014928460026524476
24033,0.005246546387902632
24034,0.00503030558777065
24036,0.11244683474615197
24039,0.020417234563146598
24040,0.026092726083828087
24043,0.008780730723985346
24044,0.06082158092448796
24047,0.07044859716683372
24048,0.006504864759986196
24052,0.00915062341484188
24054,0.07683807683125857
24056,0.018091549276263764
24058,0.0036834672920633515
24060,0.07270464909189181
24061,0.006272823005028849
24067,0.005501481246573936
24068,0.00526322852445365
24072,0.08416330280167045
24073,0.06771919060693264
24075,0.003678614386196364
24076,0.01137845103489989
24080,0.01707130433593683
24081,0.034396094461125695
24082,0.16022006120776364
24083,0.0037395263380328603
24085,0.011441131396515787
24086,0.00555755819306853
24091,0.03147527705481893
24094,0.00836414500495841
24095,0.032727474315572
24098,0.09879528655079185
24099,0.03971706629136467
24100,0.01631266703503846
24104,0.2105209893243673
24105,0.00887357146226774
24106,0.006140188055669725
24111,0.008597944686394802
24113,0.004304256332346242
24115,0.06207266956606445
24117,0.20866104376693437
24119,0.031307958272813116
24120,0.003842425840227146
24121,0.0184721585585585
24122,0.0028008486079349085
24127,0.0036215901084086823
24128,0.19541955160547106
24140,0.011916544944932399
24145,0.004232874513943091
24149,0.0035232591259731372
24150,0.004096333121442449
24151,0.016536119871517322
24153,0.005987388533785625
24155,0.009510828097175813
24156,0.005964219715704765
24157,0.5375326728211441
24158,0.018375687105219668
24159,0.00325559390995216
24163,0.015655985023671864
24166,0.16169537924684552
24169,0.011670740610789078
24173,0.003913615136818228
24174,0.0039368249733374135
24178,0.019521017335445295
24180,0.00474134130224364
24183,0.003728937229368204
24187,0.19686680071885393
24189,0.05423928570465974
24192,0.14099794841252714
24193,0.028450415082570225
24197,0.05240360898152825
24198,0.0035655744186488167
24199,0.0076151683551894415
24200,0.0035198585161096132
24201,0.12659981995741823
24203,0.013600485808452198
24205,0.002877081853601583
24207,0.010389027528215918
24208,0.0031640669998185787
24218,0.006197835721513469
24220,0.0329765911143211
24224,0.010592821015790042
24226,0.03391341105967773
24230,0.02869197721235937
24232,0.007669179174830556
24236,0.003883510100253556
24237,0.01565752688690917
24238,0.21804595381980404
24242,0.014513441640915259
24249,0.01353632649038965
24250,0.0033376877819970047
24251,0.004219114955359609
24255,0.09632863029582074
24256,0.08729228929713621
24258,0.004125409381187742
24263,0.009129010644165814
24264,0.15648952720273174
24265,0.006437144577406105
24266,0.02478080519861593
24268,0.00388376898140218
24272,0.04663126380582621
24273,0.005955062586652743
24274,0.0695749510577011
24275,0.2072083790827902
24279,0.004721471334416614
24280,0.015980880404134746
24283,0.008665285171840434
24284,0.0061913804130775615
24287,0.0041253407728014885
24288,0.00556088376340102
24289,0.0279265235409328
24291,0.1539405576090134
24293,0.011077647361888066
24294,0.01341272354770633
24297,0.20254378474105014
24298,0.1599447407599604
24299,0.0030657650851701984
24301,0.04091703677971018
24302,0.20052124413288563
24303,0.04424079382810026
24304,0.023495733606244705
24305,0.0031846233559400462
24306,0.014072077989805636
24308,0.043987707094201106
24309,0.04172340158395404
24310,0.0034568602952463412
24311,0.098303736137697
24313,0.005969871672095131
24315,0.0659551241978073
24316,0.07569204427065146
24318,0.0039689825243263985
24319,0.16427693089748316
24323,0.012561164313188525
24325,0.04857705541680458
24326,0.006876357406115507
24327,0.20948579458798014
24328,0.03262444276289336
24329,0.18123338894139107
24330,0.01354883943130541
24331,0.02062582791535651
24332,0.026092726083828087
24339,0.009152059205405889
24340,0.003707219632237739
24341,0.010979553087677434
24342,0.024177768705189732
24343,0.0036308235001643084
24344,0.025040978936628492
24345,0.2171364662314112
24349,0.0030112551501034093
24351,0.00358492812585622
24358,0.00912939071475138
24360,0.017000468827715932
24363,0.005685536516615421
24367,0.0035517031488999096
24369,0.20612521649372767
24370,0.025181422592948303
24371,0.08380137305730809
24373,0.008866431044117955
24374,0.014344017208566857
24379,0.0032703800337486356
24380,0.07202549388406851
24381,0.09574663048287249
24383,0.01102809677889275
24385,0.02402901620922533
24386,0.051482286504623
24387,0.0032236982243047043
24388,0.16041201486742096
24389,0.02698937214933791
24391,0.20058236173094574
24392,0.011025315425566798
24393,0.0032947422166511825
24394,0.006428436913315729
24395,0.20779071710632604
24396,0.008775165079362223
24397,0.004003812380882623
24398,0.28358390691365687
24399,0.006299751417765447
24400,0.11709404876956016
24403,0.07740325318038271
24404,0.03517354571468828
24405,0.01832949146421748
24406,0.005134413698278832
24407,0.022310279422443298
24409,0.0034795183249870213
24411,0.013335829390102515
24412,0.15159433391250424
24413,0.0051621342705490915
24415,0.008481261485949836
24418,0.00356961081824588
24419,0.005685525911506102
24422,0.1957998601252587
24423,0.006059504127080645
24424,0.01112197000837236
24425,0.013240167032230852
24428,0.13493281946419936
24429,0.005911870279778374
24430,0.004738091364042994
24432,0.006623421257994008
24433,0.005405483165954203
24434,0.012129854444161575
24436,0.02527132669476992
24437,0.002992616496695277
24438,0.0486207863984036
24439,0.08905979286592755
24440,0.0028245316439994435
24441,0.003910384145974083
24443,0.02648574810609941
24444,0.09183479030228783
24446,0.0035366917003988043
24448,0.0071933283061750624
24449,0.0184626030132706
24450,0.003447167636621526
24451,0.03707701874935383
24457,0.0037923193672444334
24458,0.07575732065315209
24460,0.004184914229317451
24463,0.014705091813530675
24464,0.03014087254585305
24466,0.011363903929082441
24467,0.0029701931524834455
24469,0.0036910635936491204
24472,0.008378298570581054
24474,0.034283665028193216
24477,0.004516119005497824
24478,0.003480844151339967
24480,0.006259822118175922
24481,0.004073454605390644
24482,0.15609349229592384
24485,0.23689300243083253
24487,0.006673552148875577
24490,0.010592572052438817
24491,0.02735956522850591
24493,0.1765413671054524
24494,0.004057346620405708
24497,0.010554527178253429
24498,0.012242187795832433
24500,0.14226072983605756
24502,0.0043633534564288205
24503,0.025040978936628492
24504,0.21657688115276616
24506,0.12418009717831441
24507,0.005198489336661142
24511,0.015964342450149945
24520,0.006348746814631243
24525,0.002993603476561259
24527,0.0066338801399727304
24528,0.003573848653733444
24530,0.006114615163669216
24532,0.008700284446898738
24537,0.04918684317019958
24538,0.025506600050219614
24539,0.13917966282151897
24541,0.0395084390709793
24544,0.003412219121491847
24547,0.020463472812725546
24554,0.0035411166484492535
24555,0.030555301848181605
24556,0.07116625664353417
24559,0.00614745751243093
24563,0.03708933378880558
24565,0.021885494001039844
24566,0.013232565359197106
24568,0.026092726083828087
24571,0.058207502570951176
24575,0.04308665293015581
24576,0.09765814591251935
24577,0.009839649833588584
24578,0.007383884488750721
24580,0.2540877285125344
24583,0.04119186549256176
24584,0.05115284145246071
24585,0.006725160546290664
24588,0.0028891198347127975
24590,0.0030448847312601144
24592,0.18296110543502184
24595,0.005041768740998968
24597,0.005842939589322783
24600,0.005486644226302185
24601,0.0029080260141606342
24602,0.006521098179694304
24607,0.04369541172011744
24613,0.22379897810211818
24615,0.0032983923775827323
24617,0.057384136597976844
24620,0.004957875436652268
24624,0.12015597425350572
24626,0.025147541467564875
24627,0.028485922965854966
24629,0.0034169836847526523
24632,0.04035323419694469
24640,0.024130738231726994
24641,0.009561267162627974
24643,0.06959647854757002
24644,0.003536338064987585
24646,0.003768585716746349
24647,0.1702029641354943
24648,0.2356270435066509
24652,0.023106166810141486
24655,0.03204529609344612
24657,0.003399205287664392
24659,0.0077978275354253345
24662,0.03071366811479389
24664,0.0035650927024435406
24668,0.013689481897856367
24671,0.011428792788857677
24673,0.012184902150183034
24674,0.0038152833851453397
24675,0.015563253191790093
24677,0.029943959703854866
24679,0.03304688451243499
24682,0.0039593734398554944
24683,0.003592984193146058
24685,0.004480143777870327
24686,0.07641901269091328
24688,0.03043655718195938
24690,0.01262241277560476
24691,0.11447745553257127
24694,0.2392074525831777
24695,0.17364165507133458
24697,0.04643796854877095
24699,0.006942890716244116
24700,0.02774853602709982
24701,0.003221833405754636
24702,0.006050336477649225
24703,0.0049134836803230355
24704,0.04456498016957979
24705,0.019898768552027754
24706,0.004284367676138998
24707,0.004063741008528473
24708,0.06792043792019342
24711,0.07811654741773916
24712,0.010004581229413603
24713,0.037125047832075854
24714,0.00813137259371969
24715,0.011383330099288023
24717,0.028565394862473278
24718,0.01755657086880327
24719,0.22237741751337237
24721,0.23065532852759915
24722,0.003718131271011349
24723,0.01630299181362182
24726,0.04180559738292711
24727,0.060881029855041485
24729,0.13790360032490184
24732,0.041905081447576625
24733,0.004050711163560336
24734,0.004038517877906997
24735,0.019938873505517034
24737,0.0044091094245156
24739,0.19686680071885393
24744,0.0032148346845513424
24745,0.08966387670069545
24746,0.010243980149897209
24748,0.03626637205779296
24751,0.010058216759220145
24752,0.010468879055474932
24753,0.026092726083828087
24755,0.04051745607366501
24756,0.00584539813464442
24758,0.020200643097473187
24759,0.22988582623921813
24760,0.004354343292061111
24763,0.0036834672920633515
24764,0.014405949533513197
24766,0.23063437638093234
24768,0.03204529609344612
24770,0.004163736595952803
24771,0.010683239431741322
24772,0.0033508900331295863
24773,0.006357178424083843
24777,0.003958210264660241
24778,0.22036713104066444
24782,0.011679017179270048
24785,0.1607790922104949
24792,0.1765144700938871
24793,0.011637421563857548
24798,0.17045808532040135
24799,0.008026010699790042
24800,0.023847390195493957
24802,0.020780341833637406
24803,0.003438002217363733
24804,0.006135073498548923
24806,0.013549555841237817
24807,0.005480615011558764
24808,0.0031700272229748805
24810,0.014017821217324993
24812,0.0038521697524983817
24813,0.005059978109310094
24816,0.030373991774519115
24817,0.0048070765301514926
24819,0.037744767124048846
24822,0.014014173404393681
24826,0.024371712309898808
24828,0.003541168430566069
24829,0.006901714004016641
24832,0.016398830441040863
24833,0.0034248967353671927
24834,0.008018030683748009
24835,0.008711906914270187
24839,0.061823368057095617
24841,0.012397740830356194
24844,0.02847358837960307
24845,0.011576954726079046
24846,0.00509818350070157
24847,0.008013991840564278
24848,0.014560140686518284
24849,0.009550748707707338
24850,0.008871441776238628
24851,0.0033696162347522855
24852,0.02560831967501663
24857,0.017186853088113158
24858,0.22857564124973034
24861,0.013364568756899045
24862,0.00369156030545606
24863,0.014767918911203853
24865,0.05281614679043987
24867,0.2466638316338273
24869,0.003625668066010913
24871,0.23246427320219992
24873,0.0035075151911621895
24876,0.003427256042902663
24877,0.19195592359945488
24878,0.009553053450006113
24879,0.00772920031129735
24880,0.2344334525496656
24881,0.003059326574960269
24882,0.003515225913495805
24885,0.0038636073171895804
24886,0.04183175739934143
24887,0.03461795609674272
24888,0.018388599893427258
24891,0.011439862820859027
24892,0.003952513687552056
24893,0.004308723434907479
24896,0.004382903290175373
24897,0.27457924658526084
24898,0.013748360954089704
24901,0.0046563724583173075
24904,0.003088053455191057
24906,0.23112089664006366
24907,0.03985612505984293
24909,0.00885849882471048
24912,0.007187503847334116
24914,0.03018855563501002
24915,0.0325968737441827
24916,0.0035127310215752636
24917,0.020704906516413758
24918,0.0036128266081363707
24919,0.06713248345182224
24921,0.00645135269478124
24928,0.2704548400232864
24930,0.007055609915309244
24932,0.002894334486190931
24933,0.0073362840146160855
24935,0.20488740803822378
24937,0.158839856461549
24938,0.004192251865289829
24941,0.01561246057139682
24942,0.005120081704144961
24945,0.05599426254008806
24946,0.2093422456505823
24948,0.008952683846380824
24950,0.022862408269499347
24953,0.002893998958250301
24958,0.0039512436188029795
24959,0.016542430340248857
24960,0.017349397358594525
24963,0.0320341162955037
24965,0.004861755784499043
24967,0.12888914669366935
24968,0.1970026791521475
24971,0.09080802273346507
24974,0.2636598150234685
24975,0.004038411411308966
24976,0.07186788927198845
24978,0.0034783621496412807
24981,0.02640836702483511
24982,0.011774536147878257
24983,0.03549221816946728
24988,0.1783334944402893
24990,0.015111323778176616
24991,0.017075010987999333
24992,0.004862368386504315
24993,0.06473084032443716
24996,0.003640657051249822
24998,0.051365821839040086
24999,0.0035152420819388385
25000,0.006956702377219558
25003,0.012622238622605081
25005,0.01819729900043426
25006,0.011142984481404961
25008,0.009903019831622464
25010,0.015817307603898483
25011,0.012800151573645904
25012,0.0038246987403073728
25014,0.0717284712345919
25016,0.016223129536206683
25017,0.006771872003794595
25023,0.04018578618224019
25024,0.002992111249554315
25025,0.0035432494618038144
25031,0.013014911260093956
25032,0.06163309682136466
25033,0.009015672010235109
25035,0.10761566881350866
25038,0.004210155544000982
25039,0.009192508171340298
25040,0.0045521877944681745
25042,0.021742776808860536
25044,0.01830749246928386
25045,0.003518753045157407
25046,0.00456987203953644
25051,0.014395340435261606
25054,0.005505407001366843
25056,0.004085070155755927
25057,0.04852858241001289
25058,0.06425730846644259
25059,0.003278421683270519
25063,0.18635535659477817
25068,0.013039058675328268
25075,0.04442436415859783
25077,0.004976534059903907
25087,0.01576384497779252
25089,0.0029481239036809816
25091,0.033679219471693264
25092,0.008725509410017155
25093,0.11752069229156956
25094,0.06800610733067221
25096,0.008770812481553073
25098,0.03845916848390463
25099,0.030886067674651956
25104,0.09841036905883062
25105,0.005789950643526457
25107,0.0028326798909607456
25111,0.004420207425777134
25114,0.01247587843502071
25116,0.009382650919572811
25117,0.0054806030383975895
25121,0.003518121221965748
25122,0.026092726083828087
25123,0.2639769885297035
25129,0.0786989797535226
25131,0.026059623507222393
25132,0.004244133774112959
25133,0.0038861387338780047
25136,0.004266984622855094
25137,0.003319174023464441
25138,0.03648859959964422
25141,0.012307832393329159
25145,0.04035295147828708
25146,0.22617034729515442
25147,0.009877327739360765
25148,0.10079222111895586
25150,0.0035292219217340315
25152,0.02380895822905951
25153,0.009165745681905486
25156,0.1577585957409468
25159,0.0030322901203398527
25160,0.007957270839378564
25162,0.04283220806913224
25164,0.007351617738428036
25165,0.019467123833050153
25166,0.11780886787218117
25167,0.010801979121145697
25168,0.01284138162890887
25170,0.0056085451052685815
25171,0.13003540372910913
25172,0.00597116247080935
25173,0.19122811389051225
25175,0.026220491943907156
25177,0.01432286680137761
25183,0.00343179554391582
25184,0.008799767765203047
25189,0.22778526943083735
25190,0.004845826770936629
25193,0.06342818434719658
25195,0.018822284433663232
25198,0.003794223330487815
25200,0.041420479347888804
25204,0.013111782325125889
25208,0.17761154011678948
25216,0.021122666660170125
25217,0.005640664679732004
25218,0.01203632820326362
25219,0.035989777704987055
25220,0.004073654824846012
25223,0.12920919679471712
25224,0.011969437155143637
25227,0.04735453624961055
25228,0.0037521802337262236
25229,0.009382617297521012
25232,0.023567313170816954
25234,0.05042591510649951
25235,0.01107029357526047
25236,0.004290708303119427
25238,0.004862733514660502
25241,0.048646508447236225
25242,0.035122211650968696
25243,0.1380195498474958
25244,0.006984638397259974
25245,0.030711007200782615
25246,0.0034045802617720783
25249,0.07575732065315209
25251,0.29790292197517754
25253,0.0052568494831052165
25254,0.0036586512726644424
25257,0.10232780938174821
25258,0.058011066852881085
25264,0.005477024420536105
25269,0.0276157644781589
25271,0.015657122244084665
25272,0.013391223745693346
25273,0.2285540996763129
25275,0.004549426989416603
25276,0.007062333319675816
25278,0.03170693900042258
25279,0.03155800664186111
25280,0.03204529609344612
25282,0.0059783768780043755
25288,0.026092726083828087
25289,0.21920261296544566
25290,0.18246797209984622
25292,0.19846498127578252
25294,0.008007728659212133
25295,0.007512052375682653
25296,0.008785148039920051
25297,0.0032711457337432715
25299,0.0033103410139365638
25302,0.043034524228977036
25304,0.033650862549282394
25306,0.01995040232711672
25309,0.004565615293842161
25310,0.026092726083828087
25312,0.012835908573385338
25313,0.026549767662702107
25314,0.0035451332789859053
25315,0.002882593373243658
25316,0.17687324057671613
25318,0.003869384898935902
25321,0.012675727662492786
25322,0.0059581028624127235
25323,0.23728912994796988
25325,0.003973038496480639
25328,0.08257418257402657
25329,0.2005732993591157
25331,0.004174420918681117
25332,0.06589281234607171
25333,0.1758320483086633
25336,0.09485892827540196
25339,0.002895194907811685
25340,0.054300288600939106
25343,0.038686881371929945
25347,0.014642433028187645
25349,0.02057588845193385
25350,0.07060200747167628
25354,0.0031240047820773435
25355,0.003924730180694459
25359,0.033905152008053524
25360,0.267457651923797
25362,0.013234408920215298
25366,0.03850707655000324
25369,0.0145613762401624
25377,0.038892848598372824
25378,0.0046265799374002
25379,0.006144698989945444
25381,0.039059523492201646
25382,0.042667873119358476
25383,0.30915445267957065
25384,0.0052113997059381285
25386,0.012753579824131119
25388,0.03374444564262908
25390,0.04037729434756651
25392,0.00949548290351545
25393,0.005909094870677253
25394,0.006983300651406601
25395,0.10295954435267536
25396,0.1591038523111796
25397,0.03340692123410441
25398,0.06073176257249156
25399,0.00472857529060855
25400,0.0038030507777735076
25401,0.01808190162742367
25402,0.025668648394272107
25404,0.015300435119653415
25405,0.015367659359484927
25407,0.003795999530403021
25408,0.008353179528054715
25409,0.004018514718272915
25410,0.02420643171525385
25412,0.004907501148887163
25413,0.003676247806769807
25415,0.01907166235938637
25416,0.1957172094144562
25418,0.005192313730669537
25420,0.1662879661461225
25421,0.05602475248367375
25423,0.005041098944571968
25425,0.1475373634712163
25426,0.13938572521534717
25429,0.04991854589908647
25430,0.011965069428964428
25437,0.005146224179234978
25447,0.006041029212311715
25449,0.0068941402546995
25450,0.006926956518926935
25452,0.06523839246409668
25454,0.10195601998212785
25455,0.018542638252344312
25457,0.0036653084197817904
25458,0.00618418427132532
25459,0.026092726083828087
25461,0.1972564315396268
25462,0.1192573641483744
25463,0.005106794864657591
25464,0.004846687845673493
25466,0.005901509193934072
25470,0.0035945499091021237
25472,0.13944797931464578
25475,0.005873297705176457
25478,0.03345693099666613
25481,0.015577143827310156
25482,0.0028854444447480214
25484,0.005722826052585237
25485,0.037786870526134324
25486,0.19711166393435436
25490,0.09289284578019068
25491,0.006897414052471052
25493,0.0036834672920633515
25494,0.04820714553616985
25496,0.004379593354800849
25500,0.07908880163687146
25504,0.007026779532818292
25506,0.0037645660085440387
25507,0.25662027456683834
25508,0.08403146987033347
25511,0.1371931272282385
25512,0.0044744548955312005
25514,0.0040974352188473525
25517,0.01948934408983562
25518,0.08582036360975903
25520,0.04060295526323634
25526,0.006963479382133288
25529,0.09391392385123247
25530,0.015476693105967542
25534,0.054456350530946364
25536,0.006640586311535788
25537,0.19950804609754907
25538,0.01717585693779157
25539,0.16209518488207472
25541,0.007900100517769437
25542,0.003804913607490611
25543,0.00845783228067278
25544,0.055552554536415215
25545,0.08225256643056175
25548,0.009111000948216883
25550,0.070433627830378
25551,0.0036041386399397763
25552,0.05135614806019435
25553,0.017976155948683313
25554,0.0035555727991619596
25556,0.019462283457798612
25560,0.014417202251697929
25563,0.015132636297503796
25564,0.018263143351313228
25567,0.013477443698445857
25568,0.03035706500652447
25574,0.15118484336381702
25576,0.005158058418756619
25581,0.004148709969485682
25582,0.04750206609660403
25585,0.009997779599206415
25588,0.21119325716268372
25591,0.013011518284605138
25592,0.026092726083828087
25595,0.02749663469371247
25597,0.015155081923902388
25600,0.08135548321802923
25603,0.009451583585760455
25606,0.003646499156772994
25607,0.008141788236561589
25609,0.048711428365008795
25610,0.00387396965258535
25611,0.003430518601431336
25612,0.005437438705547856
25613,0.0028792679684591497
25614,0.0033981507710659055
25618,0.008770200913991768
25619,0.006121477985837149
25621,0.08901917526726348
25624,0.0033234189956875223
25625,0.008956529433438297
25626,0.00904139023668313
25628,0.04189138788224611
25630,0.007765110639648107
25631,0.0032913963932997637
25635,0.02520857008631056
25638,0.006688877555525715
25642,0.004151251112453283
25643,0.04675129645244166
25651,0.007923172189810862
25652,0.009873066720756466
25653,0.028846821420179514
25654,0.19190653981865563
25655,0.004058882203467226
25659,0.003487852234805303
25663,0.10580596762857922
25667,0.01887895001052274
25668,0.20612335797188
25670,0.03599002461042374
25671,0.0028909451166506143
25672,0.023041658877509807
25675,0.04792410199481844
25679,0.025783167986958358
25680,0.018895611920510095
25686,0.009825195443697785
25690,0.012966312833399862
25692,0.003384799170017531
25696,0.01821695042092484
25698,0.01044252489757755
25700,0.02847191087992329
25702,0.051013032473049474
25703,0.029376614123401146
25706,0.045349067906446924
25707,0.03413814321499606
25709,0.025577185154452
25712,0.013395787044155059
25713,0.002956983368706404
25716,0.02208033623015818
25718,0.004020631101882698
25721,0.02214531120218721
25722,0.0039860484913869215
25725,0.0802824207355167
25726,0.005718747849857647
25727,0.026092726083828087
25728,0.04199774379607015
25730,0.004652392266643635
25732,0.01747769999507291
25733,0.006417557126604724
25734,0.0035901056629906907
25739,0.0029723948251785554
25740,0.009262868918682252
25742,0.016225825898754567
25746,0.012427893892275724
25747,0.007111640296183846
25748,0.004296481828956616
25749,0.005527832189244224
25750,0.1539093136848956
25753,0.004010034952090121
25754,0.003984838271433772
25756,0.018138059935385028
25757,0.0038128693252213854
25758,0.002966549472453866
25759,0.004449932470079911
25760,0.009101116989067359
25763,0.006460992032298236
25764,0.006123722720748148
25768,0.0564242996133093
25770,0.018831105674511413
25771,0.037299685066416996
25772,0.09924806818505329
25773,0.18539648317808072
25775,0.02636375742529317
25778,0.0626368959996073
25780,0.005569326163814705
25782,0.0035211045856534174
25783,0.018310489327270085
25784,0.007302745868135476
25788,0.02148283019878337
25791,0.008317934193386368
25792,0.0038311292791362167
25796,0.05439514575678272
25797,0.0999751461736469
25798,0.01131884471737981
25800,0.19527076637220991
25801,0.010295714284947384
25802,0.004192119199690618
25804,0.021811224504002226
25805,0.08815493882614314
25806,0.0039976054658512035
25809,0.006185900869025232
25811,0.007918808593048717
25813,0.2815669679652175
25814,0.06018177745518394
25815,0.004525532271383932
25818,0.007118324933810776
25821,0.006907409537778856
25823,0.11028013483307861
25824,0.003124574989612929
25826,0.030849354949042913
25827,0.010563590734164586
25828,0.009347248564040813
25829,0.01958228357507995
25830,0.019422987081020218
25833,0.014133754500771943
25835,0.006440811649684703
25836,0.014867079557218043
25837,0.0036120150556190754
25840,0.004072858232618245
25842,0.043329389733659414
25843,0.0048032031248546134
25844,0.016737427113710325
25845,0.0043298418313259274
25846,0.04881037460619905
25848,0.003548299109040144
25852,0.04356583425679283
25854,0.018480944630352603
25857,0.017741879381122237
25858,0.07825354799601177
25860,0.22540090234896337
25861,0.02870543329591186
25865,0.002840156629759534
25866,0.12932601216897485
25869,0.003460490032191226
25870,0.0054724698075999
25871,0.2248550363248168
25873,0.010129950362524771
25876,0.0036531605278145884
25882,0.004047183222940335
25883,0.0030903481354536194
25886,0.029815216545001487
25892,0.003751299932598055
25893,0.011544872959973173
25894,0.004144181707331937
25895,0.03897104415788947
25896,0.004180866930457338
25897,0.006730431028277157
25901,0.04243813559760204
25902,0.02349985349567966
25905,0.002970101544464185
25906,0.0523186368473464
25907,0.12954332895355689
25908,0.2738520889263409
25909,0.003009381299426829
25910,0.03720297991957648
25912,0.0686595154418718
25913,0.003462597700303092
25914,0.00716692942433768
25915,0.06797523798690037
25916,0.019606656943560664
25917,0.006215149022323381
25918,0.176317251951522
25921,0.003180148523158523
25922,0.003710242480415606
25924,0.029743352238459413
25925,0.004865049376515313
25927,0.005795807264926585
25932,0.0035988416613424025
25936,0.0035736784973272213
25938,0.009013165993259466
25939,0.022527530675061573
25940,0.01899296602504543
25944,0.04221091702443874
25949,0.007491855337520569
25950,0.010855449815037924
25952,0.026092726083828087
25954,0.02521701060460908
25955,0.005694653219538882
25956,0.0833926716233191
25957,0.004970146522211993
25962,0.016992781861152478
25964,0.004590066551028985
25965,0.004372453920519415
25966,0.004772535288537186
25970,0.08801901223274267
25972,0.017312019448347055
25976,0.009903019831622464
25978,0.0698435650258143
25985,0.08279611174891734
25986,0.09761473445992928
25988,0.018744703057879154
25990,0.013070081915075521
25992,0.014805222367685613
25993,0.003929888109888099
25994,0.06491379485809415
25996,0.003457159140620611
25997,0.03177016363508723
25999,0.052926670447374174
26003,0.03823585438784563
26004,0.15318322324405953
26005,0.006556496684404916
26006,0.00790829756224497
26007,0.04563535572023446
26008,0.007306587327096368
26009,0.003638945232511779
26012,0.22360743393666868
26015,0.007679398519964526
26016,0.06522275289110863
26018,0.16545898658212466
26019,0.0033255306208825604
26020,0.0033896105433225006
26021,0.004063125614880532
26023,0.003427175016886968
26025,0.05833940780219149
26026,0.0039777725094354704
26027,0.06485330862474771
26030,0.02212581360617466
26031,0.02260192217069634
26035,0.0037388111857963326
26039,0.10320735507605469
26040,0.15652990544860126
26042,0.00674733980146019
26043,0.007193688056486563
26048,0.09740935997415805
26052,0.08009874628111296
26053,0.00428268972239008
26056,0.004026325658437151
26059,0.15040033190201224
26062,0.009660019140774568
26063,0.003536775217108175
26065,0.01349282153040471
26067,0.03891986466830891
26069,0.0037470258398835726
26074,0.003759251794951755
26075,0.026265207801181988
26076,0.010694317269522349
26077,0.07110568565571285
26078,0.0478724401899034
26081,0.011421358603345137
26083,0.0057930151718016114
26084,0.004078593601237962
26086,0.012055267846146425
26088,0.04490350561297519
26089,0.00819498367136378
26090,0.009287276437284936
26091,0.021422654764188576
26094,0.011492023765766137
26096,0.13275227472652
26098,0.17533465056353995
26100,0.031029530658351758
26101,0.01480071098899785
26102,0.0037393996114851442
26106,0.041923775540259826
26107,0.004146300044767897
26109,0.007240385852838446
26113,0.03028301704202112
26114,0.018274118710140726
26115,0.14890180223369304
26116,0.00887781021290308
26121,0.015072909436693914
26123,0.008383249678908094
26124,0.18428548473503478
26126,0.026092726083828087
26127,0.039879367789084866
26131,0.013060666466684988
26132,0.003653283400823089
26134,0.02136054963085707
26136,0.005560936002521117
26139,0.0030056195562027524
26140,0.0718672145190773
26141,0.008465953877228826
26142,0.005278139116646432
26144,0.0038431204381409925
26145,0.0055821398243603906
26146,0.0041200614524292975
26148,0.05270734252374479
26155,0.011505368879460243
26157,0.010244615966226446
26158,0.002874197060643939
26159,0.16392642028536272
26160,0.015451234839408221
26161,0.009894470784950055
26163,0.018656454630547516
26166,0.020569838750004964
26170,0.008713560056662125
26173,0.0038519443046251237
26176,0.050686621451355676
26178,0.008945433882151688
26179,0.004839793303341846
26185,0.02870495997871152
26186,0.06658800696290518
26187,0.04577426764786737
26188,0.004070857802081783
26192,0.004330018659224666
26194,0.1767022435138391
26195,0.01920210032323071
26196,0.003920141355289866
26199,0.013770450342583954
26200,0.04584358428337467
26206,0.004674216077441522
26207,0.03984590125023997
26208,0.003307197948415904
26210,0.006730844476389382
26213,0.008487098006450835
26214,0.09866384582312981
26215,0.003951494337137952
26217,0.03818373423252647
26218,0.03406059925640963
26222,0.01329389620861103
26225,0.007446616491130855
26226,0.005613012848995368
26228,0.005605186843482119
26229,0.04331446740185372
26233,0.0072981926957192
26234,0.0036377013641520893
26235,0.06027101669552534
26239,0.004085884730476828
26241,0.04757623510105678
26242,0.22716470820969348
26243,0.02829782286286693
26244,0.011588764845473923
26247,0.009383527333492493
26248,0.010361910298579491
26249,0.011738960968285118
26253,0.00407508047220409
26254,0.04972262518481726
26255,0.1066570039407917
26256,0.10127355871186607
26259,0.006959328843106617
26261,0.005131326564212348
26262,0.24559702989800544
26264,0.1409265821038297
26265,0.1920795882142341
26266,0.008376427246312034
26267,0.0067301206826061635
26268,0.0314373578491102
26270,0.0032038692704794334
26273,0.003504104843365655
26275,0.005462493211063102
26278,0.0033167716022769055
26279,0.0632087949551254
26281,0.037961118042129656
26284,0.00413362436572761
26287,0.19686680071885393
26288,0.0030242682551347125
26295,0.007657669470952939
26298,0.16635680178951384
26299,0.033320599668072166
26300,0.07964965183677185
26301,0.01480141015187911
26303,0.12004885052128537
26305,0.03459537651067348
26308,0.002825904758075837
26310,0.004192144532174724
26312,0.015066157035954743
26313,0.07434437505448067
26314,0.003287972457666735
26316,0.004389559041575799
26317,0.004739736160325728
26319,0.02347626251001564
26322,0.02108510629880295
26323,0.011328508594502597
26329,0.006084444046421313
26334,0.003228578995811434
26335,0.0031903919773647676
26338,0.04388317033297726
26344,0.01053052095213158
26345,0.002904984550147756
26346,0.11771836830959553
26348,0.003985697941673004
26349,0.010051048240432353
26351,0.003972151639147413
26352,0.014132448298063323
26354,0.062923983019909
26355,0.005414664143887495
26359,0.013891639827419614
26361,0.03478737505146794
26363,0.028810626493332207
26364,0.00887415560845846
26365,0.0049805764573458925
26369,0.0035296625731618576
26371,0.02928356557459786
26374,0.0410066672306711
26376,0.005562525606035386
26378,0.003942509320657666
26380,0.03553221646171945
26381,0.0035119676660576794
26382,0.0975613783801355
26383,0.006120762121605899
26384,0.014961645198352665
26387,0.00534712850801202
26388,0.03792990340983665
26390,0.06732053532514293
26391,0.10190431513880134
26393,0.015457947327682029
26394,0.004570587324826492
26395,0.005708276805624625
26396,0.0029079944027712162
26397,0.0034862460853341977
26398,0.018116502494543246
26399,0.022379134561071032
26400,0.0029915344142296164
26401,0.02796461016229923
26402,0.05701144297069715
26403,0.1647735976680608
26405,0.005436540886412331
26407,0.0317548013147636
26408,0.04661753449653895
26409,0.0033417644881172776
26410,0.009146646588228047
26412,0.014708089420868327
26413,0.026385626449308936
26414,0.01674886821340862
26415,0.20219899824367846
26417,0.19161647845357907
26419,0.011721402463891441
26420,0.004379846888412579
26421,0.02218448820808904
26422,0.028158713487944173
26423,0.11790789763996146
26425,0.026092726083828087
26427,0.032208249219332456
26428,0.013257166624878169
26429,0.0703392427397281
26432,0.006608913241497916
26433,0.2032388392717537
26434,0.0037962814709478396
26438,0.009903019831622464
26440,0.20052124413288563
26441,0.008864334006896743
26442,0.09726417856218898
26444,0.007217036997643246
26447,0.018233425161575254
26449,0.012650055374346214
26450,0.03453627702347116
26453,0.038572780562329025
26459,0.013678766320819158
26460,0.0897111684711615
26461,0.00486591252339724
26462,0.003463073760017819
26464,0.10223672004803916
26465,0.011298964284563092
26467,0.10644142231609136
26477,0.01915738930926804
26479,0.07323400651820398
26483,0.026092726083828087
26485,0.1973495941119234
26486,0.042662672109939896
26487,0.02770477335243981
26488,0.09660964235466775
26489,0.0037377558476721835
26491,0.003286571439480749
26492,0.00878226990886612
26495,0.011725218322455596
26496,0.003683385176731164
26497,0.012155680864930074
26498,0.003831568718675652
26499,0.017790149069360512
26501,0.12447198668646997
26508,0.005764809163677441
26509,0.21476121158634037
26510,0.04015353913381261
26511,0.012745600653397405
26512,0.03798550047730046
26515,0.04249699463878607
26517,0.00555755819306853
26519,0.02111901580723856
26521,0.0029832796821682604
26522,0.003675392520567753
26524,0.023223066877551116
26525,0.004252660496128852
26526,0.08293642780128557
26527,0.018880676186371095
26530,0.010204916780090079
26531,0.022829455361905455
26537,0.07132626419436629
26538,0.0729574079301069
26540,0.009834206272083831
26543,0.004597751672134691
26545,0.11422578331765348
26546,0.004205896223926246
26547,0.005230311475486156
26549,0.0376851424989918
26551,0.048706735424112364
26552,0.05443251970269786
26555,0.04784637657328811
26556,0.004782948022140219
26563,0.010376815165835489
26564,0.014117218530053533
26565,0.17351473335738554
26567,0.0036651339436676636
26569,0.013996604042287652
26570,0.023377604245934352
26572,0.022791383778405113
26577,0.0046119983322958896
26579,0.004417609711386575
26581,0.0038479414918459504
26582,0.0034207076762683996
26584,0.010453035784713028
26588,0.20424944059119796
26591,0.003729155840521755
26592,0.003693179924894685
26593,0.004235920778114134
26595,0.005366893980252064
26596,0.04500619348104682
26599,0.017087756185172265
26600,0.00439194877758329
26605,0.00840226607115176
26607,0.009484221436366772
26610,0.03762692151323138
26614,0.0038827024547893178
26615,0.006979545056025121
26616,0.005569530884048866
26617,0.05281996289287672
26621,0.042920711941517684
26622,0.0032477334531549086
26624,0.004733217054888504
26625,0.0033399936685813147
26628,0.00383250534225006
26629,0.016453760060832486
26631,0.003027603414440808
26636,0.007109349912439518
26639,0.007812187844620347
26640,0.0117497698132257
26641,0.01292931275626026
26643,0.01336585280050966
26644,0.008025822828851772
26645,0.015767140762954775
26648,0.011075544948729
26649,0.09089218459928818
26652,0.010391718749047901
26654,0.01509731967304798
26657,0.1995193232144255
26659,0.004573073537365058
26662,0.0028511560649042093
26664,0.006068035055516294
26665,0.13208792359721952
26668,0.0725675757987857
26670,0.0630630127075099
26673,0.029986262961350874
26674,0.27279816606561436
26676,0.12112854880859432
26677,0.007091004266631379
26679,0.028147122381879972
26683,0.0038533866808487544
26684,0.16507530733066755
26685,0.005690127461334411
26689,0.20625314492283484
26691,0.008768440203934875
26692,0.004958040741375307
26693,0.00792301827361051
26694,0.04634399331825991
26695,0.004714736912949913
26696,0.003025719501761793
26697,0.02073705762276379
26698,0.18045543551364487
26700,0.003402807703596651
26704,0.009386305183178355
26706,0.21704738924115927
26710,0.005146912827846063
26714,0.22531755810410314
26719,0.05660453186255864
26720,0.003999886190374178
26721,0.03830424015052048
26722,0.02984184723365175
26724,0.005857976051956175
26728,0.004083072306941218
26729,0.004293709175971425
26730,0.003810882094614596
26731,0.014095952974814797
26734,0.19456045214115056
26735,0.003853427931605155
26738,0.05991245898399073
26740,0.09534050555992384
26742,0.00878120817430223
26747,0.0334505203747083
26749,0.002906372282532897
26750,0.12536893174866412
26752,0.007801959695812933
26755,0.1767022435138391
26758,0.008943203801163506
26761,0.008211479591054352
26762,0.014705596867353106
26767,0.02492802978174702
26772,0.00984912363069856
26775,0.004983738813881922
26777,0.02032329266862422
26780,0.009697745790304226
26785,0.0315430188425766
26787,0.011633148567368964
26788,0.003584133348187136
26789,0.004008849612397094
26792,0.060037175424899
26794,0.010818222659792194
26795,0.21944427462716184
26797,0.033917315626924474
26798,0.06871864114652745
26803,0.03213382895161798
26804,0.03471707940658485
26805,0.009563717094061472
26806,0.0173799406630728
26808,0.005174980993694744
26809,0.006222957897245714
26810,0.003972151760147257
26813,0.032165005960238524
26817,0.005458754497134829
26819,0.023713751633116047
26823,0.005363548772358519
26824,0.004724428283217465
26826,0.05310168810182785
26828,0.024693248572791458
26829,0.12536893174866412
26830,0.21093932881073985
26834,0.061309489090207406
26839,0.007901509532245147
26842,0.007260713067365331
26848,0.08297839264082014
26851,0.035388490198455816
26852,0.025683866771365617
26853,0.0996469181940392
26854,0.0042509187575254315
26855,0.042193116948960004
26858,0.029815911499129828
26860,0.09705075419566607
26861,0.0041678969618345035
26862,0.006338079677987352
26865,0.008030369852921066
26866,0.005578092305612264
26868,0.20992981858281134
26873,0.0052159098890099415
26876,0.0723652857620559
26877,0.23288271714898143
26879,0.16380329394524687
26880,0.004142799969218133
26882,0.013472590155656378
26884,0.005886043126571215
26885,0.010100313111002505
26887,0.017477830251151447
26892,0.004035705314454035
26893,0.00717526397275075
26896,0.19977429002289768
26897,0.0036653084197817904
26899,0.012171099101909224
26900,0.1179291493669493
26901,0.01568644986964971
26902,0.01594005501786134
26903,0.07823148706085484
26906,0.005045409893727277
26907,0.0166040344225594
26912,0.16094776037119796
26913,0.05900001429869968
26920,0.006485855953988174
26921,0.025881182519322508
26922,0.024280173610261135
26926,0.003947493364619961
26927,0.0038592810129037787
26930,0.005175021463206778
26931,0.21649199170198236
26938,0.014715464628590117
26939,0.006665210291148563
26941,0.01910948976004946
26942,0.026092726083828087
26945,0.005761773138755082
26949,0.003958637758984419
26950,0.0066756975367913305
26951,0.03332925822997131
26952,0.04590110574170222
26955,0.0038766107913790543
26958,0.0054575225971087785
26960,0.025622423829010487
26961,0.009311083445838598
26964,0.012055031944995825
26965,0.10080503631968614
26966,0.08773179202457593
26968,0.01450636480546586
26970,0.25157779516631906
26971,0.10447723981822123
26974,0.0903275369708591
26976,0.046270982723910746
26978,0.004338286725669842
26979,0.026092726083828087
26981,0.02443886325444496
26982,0.05288710191253869
26983,0.07575732065315209
26987,0.04988785667887774
26989,0.0306019188053721
26991,0.010138466320979015
26992,0.12088353076135806
26993,0.00914516569051627
26995,0.005650854971484735
26996,0.005432847518409153
26997,0.009732398450551256
27000,0.04528166061401707
27001,0.004241096444824026
27004,0.008732948418430342
27011,0.00453227222340519
27013,0.005140726175341808
27016,0.005567993397496638
27018,0.011358669760426918
27019,0.011744842975391181
27020,0.012717266898798544
27021,0.004123793209891945
27022,0.007557602980340603
27023,0.0036633667591973065
27025,0.00687410187750125
27030,0.1547527800585394
27032,0.01277134696091825
27033,0.0586245459631668
27038,0.0035468321861519387
27040,0.005229862218430516
27041,0.1920795882142341
27043,0.0029561490723636744
27045,0.14199048241982
27046,0.03794464602135814
27049,0.008877649585470571
27050,0.06604013764122905
27054,0.003638213444379119
27055,0.050378017601704614
27058,0.03761880455583812
27059,0.09279208975605334
27060,0.05977785368660507
27062,0.016835610852983626
27064,0.006802073674907191
27068,0.10372599659359136
27070,0.03646406595688574
27072,0.0030394992987231523
27073,0.007750744917583585
27080,0.09085841283665012
27084,0.06631013335188882
27085,0.015078082514236753
27087,0.004107165067542215
27089,0.003486109353216263
27091,0.005191757303718595
27093,0.07943618813425453
27100,0.21948996582924843
27101,0.004364469328204587
27102,0.08850637322124495
27103,0.01495262640513434
27106,0.003293158262234014
27109,0.0073901054105616
27113,0.008773230823452941
27115,0.0030928025564788365
27116,0.05744105281728609
27119,0.16741932410389965
27120,0.007951147033119482
27123,0.03971065192546564
27124,0.07231081841827233
27125,0.0227940245028198
27127,0.027235670059246528
27128,0.0031513888284343257
27129,0.0362270515705411
27132,0.004133745994267606
27133,0.08284058426956764
27135,0.017917455985433997
27137,0.07097354301118716
27138,0.0035294886023729513
27139,0.02619338966306239
27140,0.042919322556452644
27141,0.009897327005119704
27144,0.09065869336108472
27145,0.026275760484019466
27146,0.009852683402175171
27149,0.09356813251422175
27151,0.04705125725784172
27152,0.03286343679395956
27153,0.026092726083828087
27154,0.0035931959006265364
27164,0.005494513593539925
27167,0.013477321476122201
27168,0.10513904873846953
27169,0.004985712161634805
27171,0.011723040661975619
27173,0.11353031419187169
27175,0.0038496020554457206
27181,0.27116717708280313
27182,0.014667859113407617
27183,0.07126740407414085
27184,0.013268727049612601
27185,0.04311005443566389
27187,0.0029692744422189794
27188,0.004668910242564091
27189,0.026092726083828087
27191,0.014373730746506524
27192,0.0035854502362654135
27194,0.0045222895257110126
27195,0.026806185003877138
27196,0.05452864925616305
27197,0.19651735171265888
27198,0.023726803335867293
27199,0.027186762572740154
27200,0.003999528173259524
27202,0.006230402499365075
27203,0.0103366127690239
27204,0.006224726366715692
27206,0.10506527718514803
27208,0.005462903538074802
27209,0.008642402531613986
27210,0.005288442328750557
27211,0.11535356467921123
27212,0.12254570676112767
27213,0.008531201329158243
27214,0.004433414652160577
27216,0.0031851867836914863
27217,0.012559702441832151
27221,0.10273457755089874
27222,0.0034585637028502194
27223,0.0045421658124798064
27225,0.0929541680300754
27226,0.10322570102740357
27227,0.11528279016690615
27228,0.036508125080559534
27233,0.03130490640784433
27234,0.0069254208017368825
27237,0.2031428837280708
27238,0.0038907516816819253
27241,0.009676723966944321
27242,0.008895829845871079
27244,0.01292671958214405
27245,0.010369793567159452
27246,0.008483739652549454
27247,0.021015457134958924
27248,0.005606828465379334
27249,0.0037556032141254775
27251,0.006104920577352998
27254,0.021906498906069268
27255,0.010499904577132763
27256,0.003989782578948894
27258,0.1990956067115618
27259,0.003911967000324366
27260,0.003985697941673004
27261,0.004020739092612208
27262,0.014241578534094667
27263,0.03334222907873348
27265,0.005466472956129761
27267,0.011463673990671004
27272,0.008768334653764929
27273,0.0031925076925298783
27274,0.22811459611058593
27275,0.030355878622682693
27277,0.019746814338512896
27278,0.01829079938887574
27279,0.04724019474627607
27281,0.04806838766533914
27282,0.07433835935254068
27283,0.0035606195310705726
27284,0.240964150456899
27285,0.07270411485259284
27286,0.06674733223623966
27289,0.2111503827672637
27291,0.031877563510540705
27294,0.036859794836280546
27295,0.01726556108346702
27296,0.002941311813138464
27298,0.2998096464860033
27299,0.02575973620248217
27303,0.029705410845224545
27304,0.006281391943153363
27305,0.027491844435641732
27306,0.0045828715093812495
27308,0.017854721273545336
27309,0.19874084765749914
27310,0.10579487546379496
27312,0.004312079554733252
27313,0.022235162655689006
27314,0.0076887836481333745
27316,0.026092726083828087
27317,0.013898560546714216
27318,0.003732253008855825
27320,0.02270543452895494
27321,0.0040503381484008946
27327,0.1511550817139283
27330,0.006409153704456275
27334,0.026092726083828087
27336,0.16285751773810808
27340,0.02304163130120174
27341,0.05279569325514709
27342,0.058715105929220565
27343,0.003694446814946048
27350,0.007818546142033244
27352,0.2577025874297751
27353,0.0049516956271895805
27354,0.014162659492705787
27356,0.0068271418650395375
27357,0.004321842542078891
27358,0.04215927141319402
27359,0.003882919171052077
27360,0.03379083272706468
27362,0.06599649925210525
27363,0.008856389619730187
27366,0.04710901293653516
27369,0.0028931550613265126
27370,0.0033814160917774415
27372,0.18699004524296456
27378,0.05333878586092097
27381,0.014825525270088395
27388,0.1622487661781052
27390,0.007017004814143378
27393,0.004498625748070916
27394,0.005476685974141819
27395,0.00448877600371867
27397,0.0028009277668436007
27406,0.004813370371515166
27407,0.026092726083828087
27408,0.003626237104035672
27409,0.013349931319341785
27412,0.11123229746137454
27414,0.0034075604357350193
27415,0.05915938431101789
27419,0.20219086833201716
27422,0.1205569330952489
27423,0.003810126725776868
27424,0.011539684736582706
27425,0.0105354324949379
27427,0.09356817781811137
27428,0.0165624904267294
27431,0.011346324740928547
27432,0.03040192125346287
27434,0.013015156423044065
27435,0.003232609180126889
27436,0.0218525253738363
27439,0.05749965985796497
27441,0.011365438505902058
27442,0.004282418868825807
27443,0.019451675017204663
27444,0.0036923983215486505
27445,0.0075628668979575205
27446,0.0340652649851986
27451,0.011834649847020526
27453,0.0030916021800626095
27454,0.04337427252832486
27455,0.07827326545056788
27459,0.008048280688382663
27461,0.03834897198589144
27465,0.006289399769872847
27466,0.07449242681703307
27469,0.045229750508475546
27470,0.019908381798396
27471,0.009801162863643395
27472,0.0030546004739482905
27476,0.030003047273410223
27479,0.003014125556313675
27480,0.0038422634670846234
27483,0.014824087148406223
27484,0.03472649509287486
27487,0.006284837575005749
27488,0.004433166653348484
27491,0.043009945563858176
27492,0.0038878377147408593
27493,0.0037286948253862054
27494,0.01398166056608351
27495,0.004509890004098111
27497,0.01918474814114707
27499,0.042352017779155614
27502,0.01322825587740047
27503,0.2349328971611482
27508,0.0036052129302602425
27511,0.002927163314414185
27512,0.2529885175549976
27514,0.014842207978221104
27515,0.004354343292061111
27516,0.0040532818858214775
27518,0.11438353408763
27520,0.01524089749393649
27525,0.008137639114143535
27527,0.0058231426419153775
27528,0.18260382141488124
27530,0.003320702876440262
27532,0.020361533256103435
27534,0.13974940651729847
27536,0.010233187378433114
27538,0.0322214280438884
27540,0.004244418155028861
27544,0.031129197973279354
27550,0.004044465228954462
27552,0.0035165540331215167
27553,0.019564132250664345
27556,0.03166123869625779
27557,0.032673874502487196
27558,0.0028956931976001094
27559,0.009812696868689432
27562,0.06670828844004337
27564,0.06970098997344788
27566,0.010601932251140244
27567,0.030044159717912758
27568,0.17563849112968338
27569,0.010253564158269128
27571,0.13746994065173643
27572,0.019106560912867904
27576,0.0030087824684774415
27578,0.00894483042714171
27579,0.011494809989593307
27582,0.0036780900769446925
27584,0.20828144977161026
27585,0.1749254230692012
27587,0.0029305015484430174
27588,0.026346629187197147
27589,0.005298923864076899
27593,0.031496587493616474
27594,0.08615550731639357
27595,0.013327544221863085
27596,0.0037598020631002273
27602,0.1969299443175188
27604,0.007992127927282362
27606,0.08803097209533832
27610,0.004160194080969783
27611,0.012353288466035244
27615,0.003828854952065343
27617,0.07100070220561551
27620,0.006331803125522664
27622,0.02344588765771456
27623,0.0032278732712116174
27624,0.004138743090307809
27626,0.0034541239979707736
27627,0.01868141395815328
27628,0.013323787668365526
27629,0.01660621873112319
27630,0.004820722905270789
27631,0.026092726083828087
27632,0.008923766507338633
27635,0.003488459855763097
27636,0.007296187294347238
27637,0.003535668766164119
27638,0.009875157115299205
27641,0.062923983019909
27642,0.1920795882142341
27643,0.02870747194182653
27644,0.003898483773529259
27645,0.04704958526002491
27646,0.05230138364089635
27647,0.04557756098797866
27649,0.22321137834657137
27650,0.015345571822434406
27652,0.00741233557408091
27654,0.021524685253363464
27656,0.003616222136384101
27657,0.035673483961773486
27658,0.025040978936628492
27660,0.004169562179609075
27663,0.011885634048882578
27664,0.004511512609390801
27667,0.026092726083828087
27669,0.07126674108048829
27672,0.01673539625316751
27673,0.003857563490355615
27674,0.007231186932550597
27676,0.007275554129760725
27678,0.011859773604173528
27679,0.004772472136184031
27680,0.034998812392348144
27681,0.00902274356203731
27682,0.00442857043317436
27683,0.003964365017724461
27685,0.1872348638747228
27686,0.04599928929423338
27687,0.00445285715365418
27689,0.010586530994964718
27690,0.0031418254920754693
27696,0.05270655074377865
27698,0.012822108047797988
27699,0.026092726083828087
27700,0.045092868402021355
27701,0.003812528314244705
27704,0.19203165943008638
27706,0.005508673445955477
27710,0.06839354397494106
27712,0.0312849049726148
27713,0.048052666733734054
27714,0.0035327613748061377
27715,0.004675917563129552
27716,0.06790731287497447
27718,0.04992064726853616
27721,0.006380428109003812
27728,0.006228763511448434
27730,0.037921808471560875
27733,0.009499875047281666
27735,0.01728011250057802
27741,0.005605200007050643
27742,0.11660414944174148
27744,0.028410723323651143
27749,0.005491982564646576
27750,0.0035961315259032886
27751,0.0029054364338817807
27752,0.013437291909747762
27754,0.015567356658709456
27756,0.0030293948875164036
27758,0.004465725333065273
27762,0.004104954773909141
27764,0.003395221983496365
27765,0.011766750606632154
27768,0.07870418881064843
27772,0.21043602547054113
27773,0.007920380645217053
27776,0.00388438333542457
27778,0.009791165152724095
27779,0.00578102146221409
27780,0.006198376711635411
27782,0.004317401762139664
27784,0.024403207802663245
27785,0.018133041975647513
27786,0.020092863130262144
27788,0.01190867319488969
27792,0.017675761680162282
27797,0.023489714553388472
27799,0.21276217928022478
27801,0.011895616539866583
27802,0.017216685292261055
27803,0.0035703596362222523
27804,0.03949410353526624
27806,0.0592781311461681
27807,0.0033696197430889115
27808,0.02504797114237754
27810,0.014675434652462611
27811,0.02070480263216834
27814,0.1235558210421208
27815,0.24113435499096025
27817,0.00989020879459694
27818,0.23490095986765874
27819,0.01102705348000939
27829,0.022082860806976794
27831,0.0035652076310389875
27832,0.050980597633094725
27833,0.00874438067482998
27836,0.002979796798217307
27837,0.020283609186313948
27839,0.00997038396616459
27840,0.17073361088320177
27841,0.003529723032167204
27842,0.2459960609380335
27843,0.004735311118972077
27845,0.0034070904196128117
27847,0.04646441633261168
27848,0.0034977906606850806
27849,0.029290972758392944
27850,0.010454720097149888
27851,0.030497515509558683
27854,0.004562284972452633
27855,0.03308256693905198
27856,0.023221875287447194
27857,0.006697421869562562
27858,0.0028799614308029483
27859,0.01466209513605313
27860,0.003886679062816326
27861,0.04143292087078922
27862,0.17821604720479642
27863,0.012860156433882775
27865,0.010478791089947682
27870,0.003692272544094684
27871,0.0033465671487142605
27873,0.003576877559651666
27874,0.013445263894957099
27877,0.00752691662971544
27880,0.011782081893757372
27881,0.00395502923416986
27882,0.01594545599666808
27883,0.021185835511534783
27884,0.025487999434797962
27885,0.1305023301753425
27887,0.10699120314650742
27890,0.006095668685995704
27892,0.004718926628229614
27893,0.003272624263723192
27895,0.1941902739545352
27897,0.0075264393123447805
27901,0.008347875186462001
27902,0.16341618388737622
27903,0.009269293650875574
27904,0.003210588948733485
27906,0.02338367212761759
27907,0.00706624888078292
27909,0.19686680071885393
27910,0.04324491622409287
27911,0.04371455129645272
27913,0.029132598002003365
27915,0.009872414192815041
27917,0.12969559829521862
27918,0.023271265845400856
27921,0.17501803186207118
27922,0.24404491687012234
27925,0.12646433372254956
27926,0.003466782073811962
27927,0.26620333128561324
27930,0.00442095253625355
27931,0.005143013387876555
27932,0.12277811792805808
27934,0.00407413611281462
27935,0.011731846795849125
27938,0.10119688258068431
27941,0.004489618651382354
27942,0.00496146903108845
27944,0.17337092655283082
27946,0.05730082486477365
27947,0.016770910670430895
27951,0.01175298152456045
27953,0.0035005348410870117
27957,0.0132156408282135
27963,0.03758475302349294
27965,0.15862369012829108
27966,0.005251367362725655
27969,0.29342428820023014
27970,0.007859281049380848
27971,0.04366704824518087
27972,0.0034292392727804477
27974,0.003484748967387726
27976,0.0244667694552158
27977,0.10109880677347717
27979,0.0538337543033876
27980,0.0033003999544523265
27984,0.0049568019458459765
27985,0.003543383014418769
27988,0.0533523637663294
27989,0.00654482502916543
27992,0.008704283263495156
27996,0.0032008858098196958
27997,0.00731498322108929
27998,0.003812840690587287
27999,0.1422334418384156
28002,0.18699004524296456
28005,0.004611560602021385
28007,0.003556483856313486
28009,0.021931920941237547
28011,0.003496102469957571
28012,0.07144870975093463
28014,0.11161793744527214
28016,0.05658147876369931
28018,0.008992012395983493
28020,0.0778835030371039
28021,0.0034597571662348912
28025,0.0971189567123795
28027,0.003724015219827205
28028,0.005105090399616939
28030,0.004481833301009159
28032,0.14247728347520108
28034,0.2596730240142175
28035,0.058251139761224834
28036,0.03465712268982701
28037,0.17127012950548684
28039,0.011441122230979556
28040,0.05267536264025884
28042,0.12325446562826207
28043,0.0037204543670798676
28044,0.003593126871755632
28045,0.011437467547064678
28046,0.02213788945977094
28047,0.00871055866146396
28048,0.008591846493532859
28049,0.003535601741391051
28050,0.049394228779279827
28052,0.0028351789514816906
28053,0.13389024963905904
28054,0.04796590579486501
28055,0.0033172959885557247
28057,0.011744424600248661
28059,0.00957503367160884
28062,0.00984867441550827
28063,0.0033104623042590296
28066,0.006047696634013266
28067,0.013743799355362156
28069,0.02670748207463995
28071,0.013250488111949768
28074,0.01628380765099346
28075,0.007448293912395003
28077,0.009110819714519398
28080,0.03459537651067348
28085,0.0034994752960818064
28087,0.00357319558526764
28088,0.0071750042451971
28089,0.005837488706683879
28095,0.14900556888706298
28096,0.02617956887110836
28097,0.00434639549916316
28100,0.008187779108436356
28101,0.0035947662355823497
28103,0.15535296048566044
28104,0.09904495835659546
28105,0.04891445056529734
28106,0.057330480258404724
28109,0.2919186573204779
28110,0.027132407974629954
28111,0.025039467534036894
28113,0.00545712191087967
28114,0.0030350916017267385
28115,0.16628504378291628
28117,0.006379546887586635
28119,0.005018425786793874
28120,0.09165806183935453
28121,0.005288785501042952
28123,0.004273517147170685
28127,0.0070907040712749865
28132,0.0035910981479454224
28133,0.056282771577766115
28136,0.024093711581916817
28140,0.0063869664060684705
28143,0.11519371935483019
28144,0.005048883243949931
28145,0.0031743955587649627
28147,0.08136874670363263
28149,0.00377514383062173
28151,0.018888317368649085
28152,0.027372432457065422
28155,0.02357749690037226
28156,0.037008370650495136
28157,0.09002671601682262
28158,0.003961131832205012
28159,0.005407429862919529
28161,0.005959109106695014
28163,0.16296658087862192
28170,0.006455024746261285
28173,0.0029598250134373044
28177,0.029644165143059658
28179,0.007043184650811318
28181,0.012643889117543937
28182,0.01771743606292939
28184,0.004837557010253816
28185,0.026092726083828087
28186,0.004656816714298366
28189,0.005081945503426959
28190,0.01055367051134799
28192,0.05179739856411934
28195,0.07233130944816708
28196,0.015329551647423043
28197,0.045816878059893276
28198,0.029076797209316583
28200,0.01628780472704753
28201,0.19793386397202142
28204,0.02619005852007306
28205,0.040826293211048935
28207,0.18693545278726778
28209,0.02690142895138953
28211,0.003518554276323327
28212,0.005599091225380667
28213,0.008922583630990383
28215,0.010367635740448442
28216,0.05966630342951974
28217,0.005616289260314421
28218,0.0030096287805317363
28221,0.00955258368913401
28222,0.12757106819833208
28223,0.00359979842856257
28224,0.18246797209984622
28225,0.00891128876694578
28226,0.057496485439556856
28228,0.0035565881067253493
28229,0.004051191239661837
28232,0.0033092462672320824
28234,0.01624210555098482
28236,0.07199999033909667
28237,0.02420089122014495
28238,0.026092726083828087
28239,0.003042561710307912
28244,0.15323885668222065
28246,0.030990940636423263
28247,0.012012134421110838
28254,0.029513282381810654
28255,0.007024684985062069
28257,0.24098958886832553
28260,0.004568028374268528
28261,0.005459716108398967
28262,0.0556207651409846
28267,0.02822935917779385
28269,0.0030212028520400407
28271,0.003843692444694196
28275,0.01117114526065976
28276,0.04372292419916472
28277,0.003950878228031098
28278,0.007493393836060559
28281,0.04049305834589231
28283,0.05900978276675446
28284,0.008145861890048655
28286,0.03982300163935967
28287,0.08092525679368531
28289,0.0034358226173813655
28291,0.01831598494938455
28293,0.043671037308941424
28294,0.0035341437415766425
28296,0.021816545363000192
28297,0.004425654257441131
28299,0.004717306310274815
28300,0.002951516392327643
28302,0.010691425231194747
28303,0.026092726083828087
28305,0.052168996091503675
28310,0.0029483112114809104
28311,0.05837037125573493
28312,0.03440082691924453
28315,0.01478839825360033
28317,0.036639725392069486
28318,0.0029524913321092514
28319,0.02621586171634796
28320,0.0029612828954431137
28322,0.003821225287258568
28323,0.0029258448133185483
28326,0.010667936890308607
28331,0.003230396007646716
28332,0.0033851840459417828
28333,0.012031580430235996
28335,0.2126920530158235
28336,0.02094665591326868
28339,0.0033544295893949117
28340,0.04494722631076849
28341,0.027646785908974115
28342,0.0038614321933560266
28343,0.004534270938827637
28344,0.010556054484649122
28347,0.009256917594654997
28348,0.04181439042135886
28349,0.018171025504967398
28353,0.006902036107134639
28355,0.004694702225312716
28359,0.03870155647327862
28360,0.06190996309942835
28361,0.019797291356371576
28362,0.036537921388792936
28365,0.0033808453291637526
28368,0.10355936678021706
28370,0.14760869295181314
28371,0.038336893860388375
28373,0.028775933591785357
28374,0.03159891654565899
28378,0.02849099947858156
28380,0.02579594029281635
28381,0.004690756018181449
28383,0.003474051477752355
28385,0.13403162887242923
28386,0.04678715965971027
28387,0.10517616352949148
28391,0.022927407367841594
28392,0.03432618455900863
28393,0.003792829973295668
28394,0.15652990544860126
28395,0.013218301921353976
28396,0.007941818601830183
28397,0.004409646849064437
28398,0.012741430847385618
28400,0.026092726083828087
28401,0.1895749578611094
28402,0.00443288855509182
28403,0.011712393964408723
28404,0.015247988660557958
28407,0.05083281005750236
28410,0.02337788922295369
28411,0.004524427687936853
28413,0.011377545833454907
28415,0.005154894778836674
28416,0.005512538772364545
28417,0.09797910238141955
28419,0.06810403436862159
28422,0.003495900168126695
28423,0.0032036939073157838
28424,0.0061766528119973465
28429,0.04199774379607015
28432,0.039913315127242714
28433,0.046662034429113895
28434,0.04203698945040731
28435,0.0030534193711289877
28437,0.004260099323307015
28438,0.00424881180013419
28439,0.004215396878638232
28440,0.0471192126198282
28441,0.002830064360869961
28447,0.010877995639415576
28448,0.036772383733593365
28449,0.07279139004974394
28451,0.008073459794579718
28453,0.08438938257650942
28456,0.005218743061310892
28457,0.002989761240232129
28461,0.008336237506792101
28463,0.2169600307999093
28464,0.017306664572120278
28465,0.004904736639675584
28468,0.0037499910611461015
28472,0.018398376696404414
28473,0.0444167113593095
28474,0.0041985350939288835
28475,0.027842881340927418
28477,0.006455927844618687
28478,0.01068433877753117
28481,0.0033292341180810444
28482,0.00407193080700895
28485,0.0028640503890923034
28486,0.19967909948093485
28487,0.0056227935385095495
28489,0.0428298407034408
28491,0.005186532240297163
28496,0.003964104953330054
28497,0.003175179916248594
28498,0.052674822123146454
28499,0.009975361072427405
28500,0.04199774379607015
28501,0.06459727552472969
28503,0.014485836043187667
28506,0.010240543258262975
28508,0.2091300042729919
28509,0.024014602311971077
28510,0.0031166366988682336
28511,0.004197094536749772
28518,0.0036101562568303857
28519,0.003886679062816326
28520,0.02119501646906288
28521,0.00400130336647906
28522,0.00355560765173393
28524,0.003910457111388343
28526,0.200124957459177
28527,0.0046359868971465315
28530,0.022915440811530755
28534,0.003363387772471026
28535,0.04041683109947485
28536,0.026092726083828087
28538,0.0035145763026643282
28539,0.004277871255387013
28541,0.003853085137991697
28543,0.03124091494892645
28544,0.037178781641011724
28545,0.009637870295591822
28551,0.0035154690862115243
28554,0.018178889115569166
28555,0.0044523461346138255
28556,0.12119613031627188
28560,0.005081847229530594
28562,0.004190269339328168
28563,0.0128825573105433
28564,0.1061323117991558
28568,0.003861588074398869
28570,0.007739080217355651
28571,0.005401682434913025
28572,0.24243949564826942
28575,0.02743423556269929
28576,0.19969530792777876
28577,0.006050302713423921
28578,0.00408341056138952
28582,0.033349790975914825
28583,0.07883295934313168
28584,0.004017912365224933
28585,0.23139795670239466
28591,0.025215816056733537
28593,0.015395680242651416
28598,0.021464333894270386
28600,0.003982189604741559
28601,0.005233001520331322
28604,0.011989690351698633
28605,0.004211420425540627
28606,0.003718131271011349
28608,0.22566759213705123
28610,0.03549858740956847
28612,0.0052597091697967925
28613,0.008705102457860419
28614,0.005019252255546977
28618,0.002880016659929323
28620,0.018593842452058824
28621,0.026092726083828087
28624,0.012256665659695737
28627,0.0061002773671505065
28628,0.04177948899088275
28632,0.04852282865645305
28635,0.010994149197041092
28636,0.06507003794334115
28640,0.009903019831622464
28641,0.013226054773368818
28647,0.022313426826382113
28650,0.0030380592651381368
28651,0.09349165306902757
28652,0.15416916583443427
28653,0.04466325979434434
28654,0.04504175365004404
28657,0.007807315471567877
28658,0.03502094832761954
28660,0.004047130143883157
28661,0.02044224865808786
28662,0.003626251351832289
28666,0.006746379412858092
28667,0.04574927662585995
28668,0.003762921479415405
28669,0.0047961676931542055
28670,0.003771427631449666
28674,0.008995869087157217
28678,0.003068527047439117
28679,0.11748433900574369
28680,0.009081507958227852
28681,0.025715168824477875
28682,0.034229168711789965
28683,0.03033866357990792
28684,0.01306526494725411
28690,0.05200884625707429
28692,0.0056969137306602064
28693,0.008591404392240223
28694,0.0035095738106769377
28695,0.005209183288129614
28696,0.08844845521156983
28697,0.006427990863964593
28698,0.012058606906823912
28701,0.016868368957837703
28702,0.051811855093218374
28703,0.010444936626398492
28704,0.07616372221809813
28707,0.0872403899729163
28708,0.01823041768036606
28712,0.035456980097561853
28714,0.07399830263082506
28715,0.24005172966329344
28716,0.08443472462351764
28717,0.04802698794792624
28718,0.012533784313627061
28720,0.08583147366879089
28721,0.004743803930801404
28723,0.10281605558122234
28724,0.025016504007054473
28726,0.054927871191769735
28727,0.06514144568934198
28729,0.012966717974689112
28730,0.014995873956607425
28731,0.011968283088270804
28736,0.036889464251653764
28738,0.0029024921218482273
28740,0.009152295696473349
28743,0.012142669913067606
28744,0.026762740145567013
28750,0.026189923296256096
28751,0.004053355115991811
28754,0.005363098646612652
28755,0.0029968912347778987
28756,0.006319601435351109
28757,0.004865191370807707
28759,0.012570546245626766
28760,0.24022026210491992
28763,0.005423649548061057
28764,0.06124489093375349
28765,0.009155217187653634
28766,0.009458130368445845
28767,0.020649096120253105
28768,0.01403630324910585
28769,0.05699282320288413
28771,0.09217109351362696
28772,0.05376135715181991
28773,0.038667887922580406
28774,0.007016560551217537
28776,0.022042744984217228
28777,0.012466007970391763
28780,0.007367700560576072
28783,0.016460243802630968
28785,0.0040089059314989215
28787,0.006019608138791164
28789,0.0055422460810077194
28794,0.008840503693224786
28795,0.003523594044751971
28797,0.02998506762863966
28798,0.04616989668192034
28799,0.020712611780682712
28800,0.006420038481659174
28801,0.02157670742363499
28803,0.0036024976117412736
28805,0.0036323817512218075
28806,0.006355871075450789
28808,0.03076208520909292
28811,0.0035351250235627365
28812,0.014990014443793472
28814,0.030557896312413242
28816,0.0055236929160141345
28818,0.04767836294801546
28819,0.09916093815284985
28820,0.013829737778081783
28830,0.009903019831622464
28831,0.10338069417259883
28835,0.005543364247229361
28836,0.041200811120572424
28837,0.004578313578764995
28838,0.044998088969615956
28840,0.07099849744386892
28841,0.01164507585132293
28842,0.0046618357654360865
28843,0.013641062273844831
28846,0.018711421191517454
28849,0.0063560292271284576
28850,0.003978219666723667
28851,0.2825530119010125
28853,0.00954900258264434
28855,0.08967565122262396
28858,0.01503231357087383
28861,0.008007044044440817
28863,0.0037490113398999506
28866,0.0038692639572978486
28870,0.015403447534410144
28872,0.010581062216626802
28873,0.03204529609344612
28877,0.014470954021327106
28879,0.07329056716851118
28881,0.0035918823082984603
28882,0.005685499506972242
28883,0.06937872196367989
28885,0.02096370729761843
28887,0.10012649674411069
28889,0.052993464898521976
28890,0.0036637666605687513
28892,0.004929353270131849
28894,0.011440840893346446
28897,0.007134022192218871
28902,0.009018755602819999
28904,0.011847683237029723
28907,0.15234453977699336
28910,0.004284146024293186
28918,0.011616941291635478
28921,0.024426324289450334
28922,0.003815147559774694
28923,0.18732767738757525
28924,0.0029208037991035486
28925,0.003418329599297752
28927,0.009366243570326898
28931,0.036348506474321814
28932,0.22983549734795936
28933,0.0030171151707607323
28935,0.03156977026382817
28936,0.0038785536966017453
28937,0.03879365128928515
28938,0.029703639745173323
28941,0.032702688302672506
28942,0.23065903121832715
28943,0.003341029672993189
28947,0.01100778316804565
28948,0.012884539856285076
28950,0.012842060855674188
28951,0.004490229897963404
28952,0.009872875435965486
28958,0.061039238453478674
28960,0.06504165936277911
28961,0.012503925631550209
28962,0.07010767028810516
28968,0.03763760530404094
28972,0.18693545278726778
28973,0.04226477888340215
28974,0.028660498190852528
28975,0.03199215791679971
28976,0.005853571678114678
28977,0.008350279777892789
28978,0.01794052117002133
28980,0.006177369035421044
28983,0.014130007645991363
28984,0.018302157630176463
28986,0.01687145814804539
28987,0.1790988780706538
28988,0.005046130268046214
28989,0.003822396152499491
28990,0.013843823067936864
28992,0.004337089864679504
28993,0.014721953831319877
28996,0.004408184569129021
28997,0.0039420338875974905
28998,0.009045461026283412
29001,0.004710530890538876
29003,0.01915902031098552
29006,0.027400977820746478
29010,0.00894304711689531
29011,0.015199331586512427
29013,0.014717663812172646
29015,0.2205878799947738
29016,0.031008069280938553
29018,0.006020204893789981
29021,0.01804810972818003
29025,0.03204529609344612
29026,0.011520112620621296
29027,0.022443796370511387
29028,0.0028999199424584467
29029,0.08336091060888108
29032,0.16394607512875353
29033,0.04665937642998629
29035,0.002998651751310713
29038,0.032140886311699514
29041,0.01864036873283213
29045,0.0964491143527121
29046,0.00821475755031791
29048,0.0236199153251531
29051,0.018166571990429505
29053,0.011839054355919401
29054,0.011982832124623623
29055,0.02922048744208023
29057,0.003986489231798398
29059,0.00787999805960145
29060,0.027328653223986327
29061,0.011404248236311719
29063,0.006123749203410217
29066,0.18499610913951847
29068,0.20944317920469568
29070,0.19561160605595418
29073,0.0030686162563449857
29075,0.003047172993770214
29077,0.032445554670668154
29078,0.003817170233668589
29079,0.13129655329924197
29082,0.003482341831085495
29084,0.02391734681626313
29087,0.008407281372888592
29089,0.10823046955000994
29092,0.031187567824747943
29093,0.09144699781550038
29094,0.006363585228887823
29101,0.010866523825072031
29102,0.003918194885635263
29105,0.006615510136670863
29106,0.022257349873843542
29107,0.0925914039158803
29108,0.1059786451899815
29110,0.005171397912726567
29112,0.012554818676393591
29113,0.04159077298324098
29114,0.004007421421252857
29115,0.031313604717571455
29116,0.002948061872189714
29119,0.0468396278897881
29120,0.026981246106107654
29122,0.006332969993068487
29125,0.051113925694603435
29126,0.013914556491873257
29128,0.0038558648309364838
29130,0.01025347171323764
29132,0.004504559804057938
29133,0.2034717276771854
29134,0.07993256853926899
29135,0.1166584537484726
29136,0.010982659707518756
29137,0.1397149843069625
29139,0.0038246987403073728
29145,0.08270456132482285
29147,0.004122156470635151
29148,0.03218804380602713
29149,0.012285904062430731
29150,0.0035066067090585816
29152,0.003954011968945057
29153,0.01828394899393888
29154,0.008787554900925929
29156,0.005770129801015101
29159,0.18399076716106463
29160,0.0037497204234656404
29164,0.0029478717688992463
29165,0.005469088672331857
29166,0.006860180177787583
29169,0.005719158651217337
29170,0.029887989632632138
29171,0.006929507708283026
29172,0.01270021048229904
29173,0.0031930697339705274
29174,0.04480972791441692
29175,0.013903631371501966
29176,0.10401223602131125
29177,0.021013414154624568
29178,0.07730692479309843
29179,0.2511587914573201
29180,0.1733996349342756
29187,0.003945811763679554
29188,0.06948667192803744
29189,0.014722080977725795
29190,0.008171125277627832
29191,0.008299165321901766
29192,0.190915239573872
29194,0.007513358878170464
29195,0.026731585660705968
29198,0.02992874523714273
29202,0.015782215717966744
29204,0.03475279904612703
29206,0.0037409737437029845
29207,0.003848904256848683
29208,0.00933187253159262
29209,0.0043101327446520106
29210,0.08192054382251929
29211,0.19035372089544664
29215,0.01759237542142371
29218,0.009013984678262536
29219,0.019786536191114777
29221,0.01776298648177045
29222,0.0036653084197817904
29225,0.02519911611580707
29226,0.005850360985760614
29230,0.006681351573311801
29231,0.008313788288894286
29233,0.006252760091467726
29234,0.004698459640512765
29238,0.024837107815684004
29240,0.005166098727236673
29243,0.005582740467317632
29244,0.021592432706146032
29245,0.06020290410392874
29246,0.022210718901155644
29247,0.005166626386207568
29248,0.017127549474421064
29254,0.003807080971124111
29255,0.003435189161928485
29257,0.012417478038223398
29258,0.01148325097427304
29260,0.009109064018840174
29264,0.0029592206826131217
29266,0.027925471567568756
29273,0.033352052578729315
29274,0.01374775294619263
29275,0.03258230683886857
29276,0.0038491104048038118
29277,0.02896865033310189
29279,0.0029244854990747825
29280,0.05686276603738175
29281,0.18869667964364747
29286,0.05760821932318819
29287,0.010554386114573608
29288,0.030711082640689197
29295,0.030533513056942393
29297,0.009630936067602439
29299,0.07271023262442215
29301,0.003552163704676449
29302,0.016315820856613303
29304,0.004422175022249526
29307,0.04082806535711873
29309,0.012725675417988871
29312,0.05959543023490492
29313,0.018658623558323505
29315,0.004245809399790677
29319,0.18683980168920422
29322,0.003739312541455185
29324,0.07946054892731823
29326,0.18152513255171845
29331,0.0060826302671441205
29332,0.0512680217754581
29334,0.008779632703942166
29336,0.0035476425054735295
29337,0.011274265667573313
29340,0.00312063931798613
29342,0.015884606863312965
29343,0.015688057181779288
29345,0.023148437615943505
29346,0.012812000741922762
29348,0.003563889903698463
29349,0.0035084167307902923
29350,0.05623198203378571
29352,0.026601753444831462
29353,0.015328950820527286
29359,0.0029425538347283694
29361,0.019274783746403734
29363,0.0029441548388500324
29365,0.004844066614224692
29367,0.004745314856497153
29368,0.03772795267737404
29371,0.005687212273724611
29372,0.009155628600077435
29374,0.23773625321666333
29376,0.012285554674868712
29377,0.018610083044586757
29380,0.03260043924849253
29387,0.0061247693972559586
29389,0.011150723189154324
29390,0.009276216317219173
29391,0.0036495446704405423
29393,0.037018489798942567
29394,0.03155353256656858
29395,0.046325469727204055
29398,0.08754837258329191
29401,0.00653425095665472
29403,0.00537493521697008
29404,0.017928696596725267
29407,0.03564364958782232
29410,0.0039028124190459267
29411,0.026092726083828087
29412,0.015619456492756617
29415,0.004397513110052065
29419,0.003445568063078982
29421,0.0043209492163858165
29422,0.0053483610775164805
29427,0.017516511651709178
29431,0.011675505102523475
29432,0.03695353666075315
29433,0.08822166608706866
29435,0.05884186685326088
29436,0.038689017941301
29438,0.025554384930169503
29439,0.015576223199890351
29440,0.015312332999347216
29443,0.011700436411684499
29445,0.004047196609247593
29447,0.006356579092495462
29448,0.011552710759228745
29451,0.00663394607979485
29453,0.22519459476695258
29454,0.0038468108816254233
29455,0.013096511416886237
29460,0.17533465056353995
29461,0.0038951290955910496
29465,0.0051512964383721915
29467,0.004224308835944335
29470,0.010291255319624206
29471,0.003510452021681852
29472,0.004287098449826994
29474,0.0052913192328715745
29475,0.06357578400189591
29476,0.19981715835425284
29478,0.016249701881171877
29479,0.012369728626187274
29481,0.025652349078952804
29483,0.0657348243913442
29486,0.09269501418638751
29487,0.003466774441564273
29488,0.02598508216183009
29491,0.042783305646895385
29492,0.006661695940337755
29493,0.0074199082391317945
29494,0.0029116718977437264
29495,0.003779827484884207
29496,0.016621860213813226
29498,0.0040017410190395595
29500,0.040078895786529976
29503,0.03962430814623933
29505,0.06783761820320866
29507,0.12072852757525616
29508,0.0128526193193891
29509,0.004826710944443234
29510,0.023888889472366965
29511,0.014801376692428017
29515,0.020552968646007468
29518,0.005077206206390145
29519,0.0033649856660691725
29520,0.00604785034618341
29523,0.003987828081839299
29524,0.15457925667809921
29526,0.042515700352949694
29528,0.00646735845991488
29529,0.026092726083828087
29530,0.0036376392886420844
29539,0.01133382084102787
29543,0.002997077182346429
29544,0.03707891799828409
29545,0.005200258250607449
29546,0.21583678670826761
29547,0.044832319067773074
29548,0.00362344842891558
29550,0.005417991216363532
29551,0.0084703817070089
29555,0.06705765464454551
29556,0.056850496953206014
29557,0.07575732065315209
29560,0.06267637394133896
29561,0.009039032064572879
29562,0.012647370121328617
29563,0.022976933071668464
29566,0.013588645644825233
29568,0.03904389182643794
29569,0.0037296559635926737
29571,0.0029510097565340117
29574,0.0036047686944649954
29575,0.003339938619830521
29576,0.010894320198165977
29577,0.1997727678578789
29578,0.003462031468287823
29579,0.004069920406977952
29580,0.0035477197442790654
29583,0.017250955565505672
29587,0.008527668706823725
29588,0.0034491415524722465
29591,0.009868256676807423
29594,0.24682369057416642
29597,0.026632366179679304
29598,0.1811227645495095
29599,0.009082345781332393
29603,0.06384402810875776
29606,0.023845464332370787
29607,0.028178771718210194
29608,0.01495712483542875
29611,0.008495371663391782
29615,0.055873730811690725
29619,0.007034999122194703
29620,0.16750614856546192
29621,0.009789003020116913
29622,0.0034839524120074085
29623,0.0029460386846685374
29625,0.04221906927161155
29627,0.08164615322098068
29630,0.003663591873010571
29637,0.013242619468667626
29640,0.003997848074261786
29642,0.0029481239036809816
29643,0.0030072341440245945
29644,0.010248787703256088
29647,0.014162356188968802
29650,0.044016520939937846
29651,0.00462390497136523
29652,0.02168679362972208
29653,0.01402123297756437
29657,0.0039215640438714176
29658,0.02129631340179871
29659,0.1099406398401606
29660,0.0035258651277157342
29663,0.003964801784152165
29664,0.05802925316370792
29665,0.026923949342135354
29666,0.03477187494052984
29670,0.003181872077489158
29672,0.07177442237146699
29676,0.056145487680468426
29677,0.003447117775246944
29680,0.18693545278726778
29683,0.0038878095363405283
29684,0.004137767333359379
29685,0.0032550110898023183
29686,0.21168928299538328
29687,0.12920919679471718
29689,0.03187772854957622
29691,0.01463977407306845
29698,0.007155789740258363
29699,0.0063612251154420915
29700,0.011947648148779343
29701,0.006511099311520947
29703,0.0039074449831848585
29704,0.015329494840217157
29705,0.0037617774741478412
29707,0.0171277439123462
29709,0.19977541176420444
29710,0.005040725207399342
29711,0.0036205496714430767
29712,0.004355814898596303
29715,0.0062806237159568675
29717,0.021405049677916333
29718,0.006129729289613061
29720,0.002900605911439985
29721,0.010553561466976063
29723,0.2032388392717537
29724,0.0032838636753512586
29730,0.11733166275210898
29731,0.00784860056781016
29733,0.003906950357322289
29734,0.01130494793801637
29735,0.004885551026751075
29740,0.005466814322637338
29741,0.0037111351108024813
29742,0.014946160989102406
29744,0.0037193674991978917
29745,0.10741142556380887
29746,0.014010414469937163
29747,0.005789976139148107
29749,0.06259336396399216
29750,0.003812324164886682
29753,0.008773318132926507
29756,0.09763188803058158
29757,0.012050107126980044
29759,0.0031889230462937876
29760,0.14180140730464377
29762,0.01281385244586145
29764,0.006343050017829043
29767,0.007903283849391683
29768,0.003998000617345936
29770,0.02178500613580437
29771,0.009014302474070094
29773,0.004620384268744241
29775,0.009309262740323843
29776,0.0055142065561211715
29779,0.1786162479077023
29782,0.011124971106592762
29783,0.004300761621875896
29784,0.003133851379069175
29785,0.011875791024184583
29790,0.0029848841759313413
29792,0.055832456805841923
29794,0.037359871422858286
29795,0.005584878417668926
29797,0.004525532271383932
29799,0.013742810339014032
29804,0.11289983140333912
29805,0.0060323151375283185
29808,0.0911761627965174
29810,0.02203647568186508
29811,0.03395253635631305
29813,0.0829335632725419
29814,0.03252572620326273
29815,0.006431979292362642
29819,0.036116894255055626
29822,0.0037470258398835726
29824,0.0034881937956226703
29825,0.24387895508832735
29827,0.01560574509744468
29833,0.005449378239764886
29834,0.003562740803879394
29835,0.009333027103727715
29837,0.014133586059725239
29838,0.01304945747596244
29839,0.015687631574733046
29840,0.014393621035249387
29841,0.006959669228510201
29842,0.08021764423475987
29843,0.014276598711155625
29845,0.011154463814580507
29846,0.0976155718874383
29847,0.1821152625021713
29848,0.04427864685534713
29849,0.008233048917573078
29852,0.01472189747835038
29862,0.08051758439721002
29863,0.021048826206134647
29868,0.017712622514237678
29869,0.0068069726998864375
29870,0.008861763742992624
29873,0.004975002072046723
29874,0.21668192740400258
29875,0.036636817681007294
29876,0.021707730416688716
29877,0.08099928614152968
29879,0.1990956067115618
29880,0.05772280020423007
29881,0.20721940291415294
29882,0.015930118027964135
29884,0.036581021313479935
29885,0.046587118054261516
29886,0.0037586934079925816
29890,0.06497429598386326
29892,0.007766755441569471
29894,0.003853164551417081
29895,0.004243719518218124
29896,0.0030635734678322564
29898,0.004240408286688691
29899,0.006149287054996154
29900,0.010115145328882988
29901,0.003973503539343965
29905,0.003558948164155318
29906,0.009219141839616283
29907,0.051957905686762514
29908,0.02059318521635615
29909,0.012060007262828253
29910,0.029425925723838373
29911,0.005025492320242433
29914,0.012222212537085936
29915,0.09865122320476179
29916,0.08449336086149493
29917,0.11694748853791508
29918,0.07987494148289633
29920,0.21029145388094728
29923,0.004404404091701342
29926,0.06373329753992397
29927,0.19142488494180243
29931,0.019672732427299718
29932,0.005484929935658314
29933,0.00317734081985436
29934,0.0370350172190117
29937,0.008799767765203047
29941,0.008202684934113129
29945,0.18415430727432067
29948,0.04068306347971759
29950,0.05525876107668985
29954,0.047909180392541065
29956,0.06398048333384762
29958,0.15902639603225624
29960,0.0030759239786854395
29961,0.007319736071162096
29963,0.004683105345297768
29964,0.0031370740715614197
29968,0.0039681735064434325
29969,0.03418867490524597
29971,0.07687560754082771
29973,0.007471994777110553
29974,0.0036859353176322417
29976,0.02892361090626823
29977,0.015133231978970341
29978,0.0032302049271467426
29979,0.010253320376220995
29980,0.13158506936160297
29984,0.09998273421666078
29985,0.0582632925246843
29987,0.003975896854601304
29990,0.08654618788993863
29991,0.00611810941024876
29993,0.005635101054049145
29994,0.011487087990399427
29998,0.003671976090490474
29999,0.051259371957841776
30001,0.006229437574075072
30007,0.03112238137865404
30011,0.034361057533451075
30013,0.17835031442569743
30015,0.012056941380751394
30018,0.0035629456298171148
30019,0.003744495890359968
30021,0.0037099069490954505
30022,0.007730917372664366
30026,0.006818723165713269
30029,0.04227213125370112
30038,0.012878560643931595
30039,0.010133950073785144
30041,0.035733007085703546
30042,0.003945245693476243
30043,0.0033894601954581882
30045,0.15652990544860126
30046,0.030755720422317456
30048,0.022324533232289726
30051,0.0655957609056505
30053,0.008251030543520043
30054,0.014744450841619683
30058,0.002927505678553656
30061,0.0035642727068080685
30063,0.05770358265640284
30065,0.014856250435173565
30067,0.03221207613364905
30070,0.13658503904037378
30071,0.1918626082552315
30072,0.004569220381264668
30074,0.003297229971525991
30075,0.062923983019909
30080,0.00948051267447423
30082,0.008129397218420762
30084,0.0028953831163371704
30085,0.0032371821609754607
30086,0.027380755156923342
30089,0.007980184374648055
30090,0.00287029117928135
30096,0.002872098037944477
30103,0.0055216794969596686
30104,0.010698505376888785
30105,0.03789979205895005
30106,0.08252510365873764
30107,0.02692438225538079
30108,0.042249721694158165
30112,0.16964639121624359
30114,0.005506242231539629
30115,0.008131738988022892
30116,0.0035704075006772616
30119,0.007170171891160186
30120,0.06604904521442073
30126,0.006090448313936865
30127,0.048741706134351935
30130,0.00541416383071802
30131,0.007096511568019542
30132,0.024187793109794103
30133,0.10422934094398556
30137,0.021569129224843546
30139,0.11205024198165467
30140,0.0032214320185952904
30141,0.009526718291044161
30144,0.0036802767262869157
30146,0.013057056706704893
30147,0.03087637626592017
30148,0.014573905903153087
30150,0.003744619926229468
30151,0.01801007672399823
30155,0.01563899807567137
30156,0.128542028511273
30160,0.013052911848187708
30163,0.008486855287694783
30164,0.00381218879263651
30165,0.003064021671275301
30166,0.03784279162000929
30167,0.09877854078101961
30169,0.2202091937792155
30175,0.026092726083828087
30177,0.0154313345605445
30178,0.02417464372981828
30179,0.01563143635321074
30180,0.04345203840895366
30181,0.008037340059593993
30184,0.01670980892576998
30185,0.004370693157487223
30188,0.00385393255558446
30194,0.03780428783400736
30196,0.0038053785919774895
30197,0.05769716064400008
30202,0.020524261157605254
30206,0.0031131867997605356
30207,0.0683202593150142
30208,0.003698643136098616
30209,0.009296162550327718
30210,0.0033057810815275155
30213,0.03152696925327615
30214,0.00373164269660945
30215,0.21752090281624306
30216,0.12628190540079193
30217,0.019368630750393828
30218,0.18992431784007238
30219,0.003986999408506218
30220,0.004056039528301233
30221,0.0029815099268857954
30223,0.0037902443225151794
30225,0.19846498127578252
30227,0.06816172489193185
30228,0.0037057145899891996
30229,0.019243059261591824
30231,0.026092726083828087
30232,0.009212951326171654
30234,0.08499082217195744
30235,0.24908068391130492
30237,0.029234069021899768
30238,0.0551692069413625
30239,0.003145473801693524
30241,0.005079574677735353
30243,0.0034239996695610486
30245,0.004233578646597239
30246,0.026092726083828087
30248,0.009386893965806204
30249,0.013380909702072638
30251,0.014671690750977455
30252,0.00604345271539013
30257,0.003485288491034742
30261,0.0038393190460458046
30262,0.003383721118717122
30265,0.01179899965015088
30267,0.003925151145245288
30269,0.0035836997472090087
30270,0.011838809478814362
30271,0.040852354531431406
30273,0.0042270993649774205
30274,0.003183518996453896
30275,0.05541010528829743
30276,0.0034634684643780724
30277,0.062923983019909
30282,0.0131202472983124
30284,0.0030661635441176977
30285,0.18105708580786342
30286,0.01155684503246924
30291,0.12337661136986694
30293,0.2525464129187482
30294,0.016048278463631976
30295,0.026450569080490993
30296,0.06467930426947273
30297,0.01954492159650631
30300,0.013117243725553543
30301,0.1714638424186032
30302,0.09758607906873622
30307,0.014318947840384268
30309,0.008769708523043592
30315,0.0029218552115885
30318,0.008160432751567515
30319,0.0037347048653518806
30322,0.022848685845267065
30323,0.004772557042612252
30325,0.0058459580025408565
30326,0.017098173775945687
30329,0.03143143711681876
30335,0.009095646991487849
30336,0.005015052985766328
30340,0.003588880208353693
30343,0.029849119163745868
30345,0.03713578943422127
30350,0.08356536024533236
30351,0.01644129597632295
30352,0.01470806676214269
30355,0.00383645965868465
30358,0.018089958050652853
30359,0.003956485210011953
30361,0.03012968364994708
30363,0.013978728358208174
30364,0.0787249082260004
30365,0.005906893840101892
30366,0.0038641929121597945
30367,0.16452125146981988
30368,0.0047463663350105455
30369,0.010979749846729222
30370,0.003900461211595574
30372,0.011387621864615468
30376,0.0038984303442903844
30379,0.011659445907241519
30380,0.005781508357004962
30381,0.0067563186583314136
30384,0.037388858470835076
30386,0.004317797707288922
30387,0.0029985391934353135
30389,0.044071335099891175
30390,0.040941519246018944
30391,0.22087454941017262
30394,0.010535852511052985
30395,0.01868693690207208
30396,0.16879446881279142
30397,0.2699833082111494
30398,0.0366686206961141
30400,0.015617102282204563
30402,0.02045001313022408
30403,0.003658648719076808
30404,0.006131204276033297
30406,0.0028990296975928104
30407,0.0378547940902566
30408,0.010455834164367302
30409,0.008762922682915689
30410,0.010235045929314695
30415,0.015084287342021465
30417,0.02371405769114909
30418,0.026092726083828087
30419,0.005171949840135445
30421,0.006265797622295862
30422,0.021550215189962578
30423,0.12939094181702313
30424,0.17121391333456498
30425,0.02073594038880638
30426,0.010617857129172226
30431,0.19799973466033824
30432,0.005458787971270056
30434,0.23777510694751494
30437,0.0033448833201343542
30440,0.012193084216692594
30443,0.012980566940330741
30444,0.06321315129139966
30448,0.062923983019909
30449,0.0030516849911209373
30451,0.0040670064211730085
30453,0.003422973927179555
30454,0.006490519540071039
30455,0.012605369771469432
30456,0.16121120387006652
30459,0.15297929786876935
30464,0.05731672058610543
30465,0.003240097446578058
30466,0.004646789654558295
30467,0.003478686869801769
30468,0.20871670611326348
30469,0.007322881110261268
30470,0.2186127595736515
30472,0.0037536930693167496
30479,0.01681894055689235
30480,0.013396573660717117
30481,0.0029458781550457413
30485,0.18749164172585742
30487,0.0067751884314521315
30489,0.010344057925062107
30495,0.016023658027721925
30496,0.016087923574136086
30498,0.011026475425272277
30501,0.08801772172948474
30502,0.011828277542395712
30503,0.348682333754494
30504,0.016215579448698756
30505,0.008218024594640619
30506,0.011058347406108504
30507,0.16678828144383057
30508,0.007440401819487736
30510,0.005745112724073693
30512,0.0032176281397395595
30514,0.01864553846608084
30515,0.005208252586381697
30525,0.020513202571923756
30528,0.2345458531003064
30529,0.026092726083828087
30530,0.049538889543241954
30532,0.005389059691494961
30533,0.07892212246216415
30534,0.03425920394610209
30535,0.22586694437431454
30538,0.04753304783761686
30542,0.0029721294950675182
30548,0.004194567772094907
30550,0.009734750789654379
30551,0.013859903829016352
30552,0.007432291296676735
30555,0.015535565190050277
30556,0.032918160055031585
30557,0.13169709302232008
30558,0.00979159722923579
30559,0.1843421096482823
30560,0.0038005431398614366
30561,0.003216625350003343
30565,0.0035108656206534103
30566,0.08608610918194796
30569,0.028937917028705445
30570,0.010346466671755213
30571,0.040582699222825
30574,0.04657620169740888
30576,0.006770380158093025
30578,0.003073848890186518
30580,0.05519404986262319
30582,0.0029753387639985898
30583,0.014141462663329217
30584,0.002928740435593982
30585,0.07085134486815595
30586,0.013267418015714034
30589,0.026092726083828087
30594,0.008286175465900304
30601,0.07512127659498549
30602,0.003920600227479544
30603,0.003729663578117693
30607,0.08343989593619829
30612,0.0945758885495557
30615,0.014338918982376152
30620,0.0347734854851211
30622,0.022918352432705333
30624,0.00422758965775763
30625,0.039890543500572875
30626,0.024508216043012697
30629,0.1052267472154371
30631,0.06935703208754128
30632,0.05747185603908535
30633,0.008247852676569951
30634,0.011934922522682002
30635,0.09874132612270974
30639,0.02221828741616464
30642,0.09837114626475828
30643,0.01359107609436523
30645,0.006604226853565103
30647,0.1920795882142341
30648,0.0332752873946533
30650,0.3982781660563289
30651,0.00734794539069473
30654,0.01284002749889948
30655,0.006493384486484346
30664,0.058751541874653895
30665,0.005575540875114783
30666,0.21967366214859452
30667,0.019605119079769417
30668,0.00878390438950733
30669,0.07269115988307866
30670,0.0033422945676951617
30671,0.0030275870090950576
30674,0.04155234946118206
30675,0.022862951370115556
30676,0.005230038294411602
30677,0.004354343292061111
30685,0.006681266015266162
30689,0.009864812083215994
30692,0.002950969610902105
30693,0.20815326677906767
30694,0.009007851077017041
30695,0.003591995337618444
30699,0.010554582854116952
30706,0.010225950806431622
30707,0.016003072673785004
30708,0.013449348255112955
30709,0.008229722923546604
30710,0.009725069268409492
30711,0.12376147711305081
30714,0.1727560287942314
30717,0.003858267096524802
30719,0.0031667939577567075
30721,0.03255060022084648
30725,0.012108471399412915
30726,0.0044918272294124295
30727,0.00775672213484081
30730,0.04887449724419264
30734,0.007329730971146496
30735,0.011921010102234668
30736,0.003769789107559251
30737,0.08232322066788554
30740,0.004513226667493855
30742,0.004802789202579074
30743,0.009556580378098829
30753,0.055042976663549036
30755,0.13487361366692696
30756,0.005774676987501084
30757,0.007099876307291631
30760,0.04203839372363741
30762,0.0034407399511360848
30763,0.22491100197714173
30766,0.027764925887275606
30767,0.2180827570600846
30769,0.003171002551796283
30772,0.004027258555537591
30775,0.004422558439024193
30777,0.09654308697870494
30778,0.08768942867382046
30780,0.005503611787890418
30785,0.10011308228975282
30787,0.0028865851935313603
30788,0.014827326502272252
30789,0.01837921443878857
30790,0.06330033034189037
30791,0.011176730080597776
30792,0.0035643064618951174
30794,0.006507607598071632
30795,0.06993174661796991
30797,0.016554957812205857
30798,0.08412385139706292
30804,0.026683507028414502
30808,0.014959482807103436
30814,0.003106474195836068
30820,0.018506269790487414
30821,0.007448629455420982
30823,0.0033185151969381066
30825,0.007764818191495942
30826,0.2254664021495152
30827,0.036187987729065334
30828,0.06643953814566872
30829,0.0035636306672890074
30830,0.005956096948368326
30831,0.1999486435824217
30833,0.04369275173857973
30835,0.06602740654735288
30839,0.004010649347774271
30845,0.08801809065805542
30846,0.022751585932879834
30848,0.019232720708838198
30849,0.035555750423410123
30851,0.0033976273257357043
30855,0.020877419285671776
30857,0.021543898041615356
30858,0.004126091451597826
30860,0.017498292180842864
30861,0.005592188173402057
30867,0.11698866142419448
30868,0.014001559155835262
30869,0.0036360670381483575
30871,0.01113344205613034
30873,0.0156000501271016
30874,0.0037585391119603086
30875,0.009601878522900488
30878,0.009903019831622464
30881,0.05220532164729813
30883,0.009330899688100202
30884,0.11102546297813849
30885,0.014656091841338264
30888,0.09419801933288208
30890,0.04816043379171869
30891,0.014865504556282577
30894,0.22325072105054944
30895,0.0065506575061035415
30896,0.07319276566259764
30899,0.02940418242068721
30900,0.0034434056045781892
30901,0.025126299123263644
30902,0.02421629677294788
30903,0.1402931362949872
30905,0.0030281632445810004
30906,0.012542846261556988
30911,0.0052644163962166
30912,0.04131898183168967
30913,0.005759983633775743
30915,0.0825186612804287
30916,0.23058614352642556
30919,0.004541215393640729
30921,0.010177676914651006
30925,0.4553576671444734
30926,0.0039009708104713013
30929,0.07207001001538675
30930,0.010893656706856072
30938,0.00789463714584024
30939,0.0082796418181826
30940,0.009668679099498909
30941,0.029929189517962074
30942,0.013651295924816632
30945,0.009471870214080448
30948,0.004388898851280653
30950,0.016466493646090853
30951,0.009095403696276927
30952,0.003557749372123977
30955,0.04547213889369608
30958,0.003334137602141841
30959,0.007607390849907285
30960,0.0032229629822049135
30961,0.014330175226101808
30963,0.003868369230104233
30965,0.06964092484777648
30966,0.2007821154779717
30968,0.006557303842951849
30969,0.010767722198358125
30970,0.021829680771533248
30971,0.025072200360133752
30974,0.0068784261493906014
30975,0.020554932911601192
30976,0.003419257248587365
30977,0.0066661770974672145
30978,0.05959937950046899
30981,0.12920919679471718
30983,0.022678947815418547
30984,0.005716886504172462
30985,0.11575201133812643
30986,0.013398812010713882
30990,0.04650851057194186
30992,0.0028869036351467053
30993,0.0042519431295477954
30994,0.005452902109600403
30995,0.00328498003988019
30996,0.07208229037831014
31004,0.0038429218192136657
31005,0.014286120153548307
31010,0.06594683285168874
31011,0.03043862966654535
31014,0.003967987315629249
31015,0.04100099433356589
31016,0.003872631648104527
31019,0.1763172922440797
31020,0.01638407983628378
31024,0.029996386245072316
31025,0.013430170700375681
31026,0.003508903615645603
31028,0.003163363304371979
31030,0.026092726083828087
31032,0.006147116055675979
31035,0.09786626692270387
31037,0.03818204218551085
31038,0.023603408697473856
31039,0.02130537126152163
31044,0.008180628125364835
31048,0.19527076637220991
31050,0.0036382981125675875
31057,0.019494949980531348
31058,0.05320512662265596
31060,0.00564334265152965
31063,0.022049629629041216
31067,0.1708317824473088
31069,0.007044308445478895
31072,0.0036390124775674557
31073,0.0046630249441730574
31076,0.0031864707102365157
31078,0.012060506479242056
31080,0.003450976229067251
31081,0.00494204243685842
31082,0.008002249470463305
31084,0.014099007524718706
31087,0.030274284115592846
31089,0.0028175440113882137
31090,0.22128044748678755
31098,0.003577831789435922
31103,0.13974925626678814
31104,0.0040952305967124885
31105,0.03406060705957469
31106,0.00394034720452654
31108,0.004584756886841574
31111,0.006730791499327927
31112,0.08432651673603571
31114,0.20000308379767745
31115,0.022592192740950864
31116,0.05672682261858733
31117,0.08087624835882697
31119,0.014116859132589669
31126,0.00409666662325613
31127,0.00849283639779879
31128,0.008968671185652572
31132,0.027930835572133265
31133,0.003595370767265393
31136,0.07344675035302581
31138,0.011454099212378412
31140,0.008479197919450057
31141,0.18693545278726778
31142,0.02206453923933971
31144,0.01822156464959194
31145,0.006115285852364094
31146,0.07534970258773235
31149,0.008760876236723116
31154,0.0029780148584277423
31155,0.0038672349096943674
31157,0.009891158773225295
31158,0.04681851486692089
31160,0.045811860111383246
31162,0.004384978473190363
31164,0.02184351876289921
31165,0.014530740666494301
31168,0.11158153259819675
31170,0.012162027794134183
31175,0.0037112055234675115
31179,0.08333723937077117
31180,0.010554499121240327
31181,0.004388898851280653
31182,0.030086109024088658
31183,0.004227355510201992
31189,0.11117005114118578
31193,0.018917894875984307
31194,0.03268502587580558
31195,0.01414701841296734
31200,0.004868925147518772
31201,0.008626886261003764
31205,0.00631344122603543
31208,0.018555932567396898
31210,0.19527076637220991
31212,0.004100451159002975
31213,0.2515725903789204
31218,0.0609666967771038
31221,0.034932534106874205
31222,0.0032918406589159564
31225,0.006913019011351502
31227,0.003998665692840003
31229,0.004080554189736234
31231,0.01498364961448213
31232,0.030130940775208944
31233,0.03869383945593405
31235,0.013647846402973826
31237,0.004374721387052111
31240,0.0028679783490519035
31244,0.0447297696280103
31249,0.0076319953832411054
31252,0.0037467223266889134
31256,0.009388615980125655
31257,0.18693545278726778
31258,0.0033979830932110125
31260,0.22231390417450975
31261,0.15255678477455706
31262,0.003568542328960855
31266,0.013867164182826911
31270,0.02256852328845906
31271,0.03374254868973252
31276,0.00884110433897702
31277,0.15862546077241263
31280,0.030583211483519727
31281,0.061167316958784315
31283,0.11570585233130376
31284,0.05562986042092427
31285,0.004707631166382166
31286,0.006201084638511085
31288,0.012906387560074995
31289,0.2363407190617188
31291,0.0029524997002402437
31292,0.0034630846490224325
31293,0.030041017269883334
31294,0.024509033459729664
31295,0.11199596690484795
31296,0.004210734788637859
31298,0.008572840039785125
31302,0.022165576681649753
31303,0.02632259422158885
31306,0.021670783583054028
31307,0.0034591741210245664
31308,0.004464956821474771
31311,0.008894081829813485
31313,0.15103887277359884
31315,0.006937571185210309
31316,0.015441724624162741
31317,0.08283545026018291
31318,0.007954254653638955
31320,0.009289887560843925
31322,0.03973695279512859
31324,0.029845857199553783
31326,0.006332137863251769
31327,0.05691135855532271
31335,0.007229634025018861
31336,0.0030674037393192913
31337,0.017471311342654953
31339,0.038925731055203874
31342,0.045844329006396116
31343,0.004409482100371226
31345,0.010213686232677613
31346,0.005323118073881047
31347,0.0035492982800258903
31348,0.05140625986685299
31349,0.005120011191958484
31355,0.03360182265856822
31356,0.004993948884242173
31357,0.041943450261877464
31358,0.007662999413221954
31359,0.1683835707598261
31362,0.004063548793956758
31363,0.006233973603976389
31365,0.0037736596905991533
31367,0.0032941474747861833
31371,0.047274856468800135
31372,0.15755783149999036
31377,0.015036005735233846
31378,0.00432313023756804
31379,0.0033952381797561146
31381,0.0970021197982963
31382,0.011525683801278318
31385,0.002966226053681457
31387,0.03140137341431846
31392,0.010910215345520348
31394,0.08757066098947415
31396,0.21602499700765837
31397,0.026890367186206802
31398,0.04973463817267965
31399,0.025558830605716752
31401,0.01899678185976943
31408,0.020587812516825444
31416,0.17593759363262604
31417,0.007850302463304903
31418,0.16602973544760688
31421,0.04774884508928807
31422,0.002974683079325474
31424,0.08220891672961582
31425,0.006900751558488004
31426,0.02148516051881982
31429,0.031477632112913254
31432,0.026365806156250903
31434,0.05308576897110022
31435,0.06282874260793955
31436,0.0036002839418273415
31440,0.04149674630921397
31441,0.0052282477626719994
31446,0.004724746542429012
31448,0.003963170161075062
31449,0.013643445374512184
31451,0.006249382446883226
31452,0.07310470605694437
31454,0.08562014663597879
31455,0.056109132763995394
31456,0.009562226905426381
31457,0.004388898851280653
31458,0.012928369111565056
31459,0.00998541054796085
31462,0.05680968588767566
31463,0.010656722691643
31464,0.2361000819767596
31470,0.004475797421938187
31472,0.0031947899147581125
31474,0.016496068027933877
31475,0.015183822081407273
31476,0.016755203220656333
31477,0.02510494244656953
31478,0.03158609534384874
31479,0.010787469340964799
31480,0.15625006225686713
31482,0.06320963855923724
31488,0.012266283049723117
31489,0.10125821378801579
31490,0.003946582156333945
31492,0.005865455430014894
31494,0.004308255374728222
31496,0.22406672766857183
31502,0.01024149815300119
31503,0.013154555544129917
31507,0.027191911685191566
31509,0.03868204004291018
31510,0.003865338804192534
31511,0.07330942884094475
31514,0.07577972953751624
31515,0.005608428355630518
31517,0.010331356413793654
31518,0.009968126557687695
31521,0.19771405464868727
31523,0.3240136679281701
31524,0.003486658771180072
31525,0.010204795273914482
31527,0.041236167573094104
31529,0.004499231261494381
31530,0.0029100325148486423
31531,0.028175511620139742
31533,0.1316305077567954
31534,0.0029238793382226408
31541,0.0034522181305857284
31544,0.002921807378587955
31546,0.004698509810585175
31548,0.007474316201623089
31551,0.003995015793388045
31553,0.014161238704927373
31559,0.0353898983951075
31562,0.2243705310219859
31563,0.07911599617895552
31564,0.020641143618953986
31566,0.00826426377377572
31569,0.025288009879853898
31571,0.005758072587752021
31574,0.0050283624922543855
31576,0.011948568071414582
31577,0.008234642072779446
31579,0.004164339186060927
31580,0.0674681740869808
31581,0.24939701990596452
31584,0.01490446082252364
31585,0.0031757829383969203
31587,0.035179005088935816
31588,0.016006719147696653
31589,0.004501405892927965
31591,0.0033084844743514535
31593,0.008026151485491885
31594,0.01533494131455358
31595,0.008067415113099783
31597,0.010860858867840975
31598,0.0420153078226076
31599,0.16847910556883094
31601,0.005777662346455646
31603,0.03731622774727243
31606,0.004709121661574457
31607,0.01721260663662065
31608,0.09933918260911691
31612,0.008656710301381853
31614,0.004091759947048664
31616,0.005112214883322929
31622,0.06518280644050621
31624,0.0043836324838224154
31626,0.07163885917821455
31627,0.003699168340951034
31629,0.03339943979580085
31634,0.005037027902284292
31636,0.003552128623389479
31637,0.0037221010799676343
31638,0.006246031568551844
31639,0.0353846283881897
31641,0.009250314771409387
31642,0.03152074492782108
31646,0.01585327852882153
31648,0.004863206733148531
31649,0.003674683612740849
31651,0.09892462781952083
31652,0.02306998079988735
31654,0.00579721971580933
31655,0.0861256774844768
31656,0.011900665164945305
31658,0.027815911885093653
31659,0.06270806427750875
31660,0.26569367848617986
31661,0.0036356754349020108
31664,0.009849115746922783
31665,0.014129774783821774
31666,0.05546790606544151
31667,0.01464266899531144
31668,0.0028745024463741665
31675,0.008876455041931118
31680,0.0031684026710043947
31682,0.01579848192174337
31691,0.06324577310095539
31693,0.01070287641576017
31695,0.01471510793049206
31696,0.012269072891804808
31697,0.06931489461217825
31700,0.005533567523837585
31703,0.04132304168762968
31704,0.034914792085653575
31707,0.0036374854457637703
31708,0.17171141730484177
31712,0.013682654828892457
31713,0.022713551727345384
31714,0.027403825216625544
31715,0.0030405703203053233
31716,0.008257118465163756
31718,0.07111990073595775
31719,0.004854115431296248
31721,0.010207574007940352
31722,0.026092726083828087
31723,0.03289477404941276
31724,0.003580144337764689
31725,0.02292027308371119
31727,0.12271140110250804
31736,0.003787303753184513
31738,0.017958488767471276
31740,0.08573297150450152
31741,0.004328166765416656
31743,0.004144166414641651
31745,0.06630738435193262
31747,0.008697354000431383
31748,0.009882472463356927
31749,0.12311450275695024
31750,0.006215045307692943
31752,0.00689655165983192
31753,0.029976340524230278
31754,0.018094098205942336
31757,0.025040978936628492
31758,0.0346191343526335
31759,0.0036273656972655604
31762,0.06377062735967923
31763,0.01847731533538446
31765,0.19701518140653834
31766,0.0809648102011148
31769,0.05248485997134552
31771,0.13209111068854346
31772,0.005560970182786718
31774,0.03143254404566047
31775,0.003882909210377687
31776,0.07591142604043619
31778,0.01649616721464461
31779,0.003636145267153307
31780,0.009203457331224251
31781,0.0035227079859898778
31782,0.021925115702721047
31784,0.0775674882085972
31787,0.003499563695028773
31789,0.0913609666484075
31791,0.17758617503124224
31792,0.030613111854700645
31797,0.006085633274472842
31803,0.002893263508926091
31804,0.006793647010794678
31806,0.01983765000481363
31807,0.01428904913534223
31809,0.004096245313808663
31815,0.05114250460724972
31818,0.0036000090107251733
31821,0.004077278799683516
31822,0.010643819211325607
31823,0.01729073387887658
31825,0.20033640660769877
31826,0.035408658044609194
31827,0.029841271872166238
31829,0.003742272550432271
31830,0.004248580163904785
31835,0.0037641990677653924
31837,0.07575732065315209
31840,0.008500838708316416
31841,0.016161768570376274
31842,0.013644009867120405
31849,0.0035790623272126936
31855,0.004394391520172068
31857,0.004193520258183993
31859,0.09982138593701623
31866,0.08277010307323297
31867,0.003842111167374952
31868,0.05279569325514709
31869,0.02453144597894176
31872,0.029058077706250404
31875,0.045143831212582475
31876,0.06253578428335671
31877,0.0041695891575241175
31879,0.07677613069320798
31880,0.006629568959662898
31881,0.04183041970065432
31882,0.006365859821633629
31884,0.0034459452122568533
31887,0.025727685710670273
31888,0.04231367247043773
31891,0.009230879275520723
31896,0.15770787458961208
31898,0.14775857752114574
31901,0.018735032518214487
31904,0.03465560245694339
31907,0.17740646584433298
31909,0.003721096346884947
31910,0.005673669888055392
31913,0.004113030243002243
31914,0.006189018938174144
31915,0.003345561565727019
31917,0.07581277592974824
31919,0.013657366493672884
31921,0.060796865272659234
31925,0.24114376341569488
31926,0.22832905927723374
31927,0.03465590428165064
31929,0.0033398645290027744
31932,0.15608604073829876
31935,0.0037794596047705
31936,0.011051731276324922
31937,0.07602167874725058
31938,0.00409666662325613
31939,0.014572780991057221
31940,0.03711369412101083
31942,0.008107769207317393
31946,0.015058853466679015
31947,0.0052029376667772085
31948,0.029695476052441803
31951,0.009360686605895731
31952,0.0194493589998076
31953,0.004226288394211026
31954,0.17501803186207118
31956,0.0037588810258738963
31957,0.08721720064885688
31958,0.005113025054484237
31959,0.017344270351396348
31960,0.05221724572166281
31961,0.06847170222961177
31963,0.02295394826993029
31965,0.016056693884900552
31967,0.11458773918844371
31969,0.10957879561766991
31970,0.03691104218508037
31972,0.01194578108292577
31978,0.16228374553611316
31979,0.153467993008506
31980,0.003982156326288271
31981,0.003466782878889253
31982,0.009796166308882309
31983,0.19368192409533355
31988,0.004022673456541883
31989,0.009627450837126511
31990,0.011605407792125991
31993,0.013215284007247115
31995,0.01105048550522954
31996,0.06237825280885242
31997,0.01346433895930845
31999,0.0039560039694060975
32001,0.05949484045908987
32002,0.003862603690673274
32006,0.004761053307152846
32007,0.06895632032442217
32009,0.05436190484078808
32011,0.0036636599809228795
32014,0.003929888109888099
32015,0.0050421112374597005
32016,0.0731612381947077
32017,0.0067240521938772444
32018,0.0028883816662817665
32019,0.016903697798667322
32021,0.0037882428858770525
32022,0.022174445041552523
32024,0.25401333526026065
32027,0.004923146587878221
32028,0.027076076319378146
32030,0.010926672209887139
32032,0.0037758025234675167
32037,0.005686767694230592
32040,0.06772169507107025
32042,0.008285074807655902
32044,0.005183422049529066
32046,0.009903019831622464
32049,0.0039004517778629694
32051,0.004026551757073551
32054,0.0080987644930234
32055,0.0033751428128814924
32056,0.032969481999954246
32057,0.010100379286718668
32058,0.054998339089570615
32060,0.0029825561787307636
32061,0.018032892706024897
32062,0.01052736971246844
32063,0.03887068359115048
32064,0.006837104646930566
32065,0.019201145947839945
32071,0.06614287116302571
32073,0.05110816154214599
32074,0.08689362544794665
32075,0.122663374633594
32078,0.07500375412461657
32079,0.04699971862050495
32080,0.005469044188972158
32081,0.21345839465148353
32083,0.0029717957190547504
32085,0.004272011788028083
32086,0.11752567153834806
32088,0.1979287740580556
32089,0.008806850917912834
32094,0.01988127599180003
32095,0.003756450861590922
32097,0.005927375846717675
32100,0.03593651257049928
32101,0.028343346475909068
32103,0.005257463516178093
32104,0.055090655715196966
32105,0.01053570545757441
32106,0.01638029563380527
32108,0.05436002346027448
32110,0.11078458909880363
32111,0.09865087700307115
32113,0.11931528213953096
32115,0.05246010621245023
32118,0.00856072552645
32119,0.027568843561454136
32121,0.026984058757391488
32122,0.00295881018794717
32123,0.004287380346144249
32127,0.02853080340135998
32130,0.005794606668298493
32131,0.023071113400069433
32132,0.008661093169070396
32133,0.003932090554445643
32135,0.1457685779450739
32139,0.01214893678178389
32140,0.133092842948671
32141,0.0043503942124793835
32142,0.007160251118106983
32145,0.009795396852370993
32146,0.00677064110907992
32148,0.007997802842863156
32150,0.003728627638335838
32152,0.051314744092029047
32156,0.11787678391260262
32161,0.08039296306731272
32163,0.0965317272603962
32164,0.004326573483479097
32165,0.008320631797679714
32167,0.19202835183076544
32168,0.0038331360376658557
32170,0.04199774379607015
32172,0.09933236756062037
32173,0.026092726083828087
32176,0.07339460853668552
32177,0.020899285753896338
32179,0.02770402289877121
32180,0.0038343790569644732
32181,0.003821864823289404
32182,0.05213074556686723
32183,0.011110624642496106
32184,0.0034136048094812986
32187,0.015649130504825033
32194,0.14332532264931416
32196,0.13195828990284977
32197,0.07575732065315209
32200,0.012091207230289003
32201,0.015107398800179936
32202,0.008541817450164723
32204,0.03459537651067348
32205,0.0074467405553240665
32206,0.1935421481830621
32212,0.002917690869718858
32215,0.004347660129495449
32216,0.0855035624630598
32217,0.0035981741418010804
32222,0.09086322100840774
32224,0.08510219813429779
32225,0.01982521160038791
32227,0.049002363863921095
32231,0.06045227695324025
32232,0.16837480215078993
32233,0.035056407876383734
32234,0.0036834672920633515
32236,0.0031740412405639232
32241,0.011246780195734985
32243,0.0061472560929002095
32246,0.004061167917108156
32248,0.004638623679072026
32250,0.006833757428013158
32255,0.04071120236841886
32256,0.15367841441401617
32258,0.003983038440431723
32260,0.002886381791732751
32262,0.006444374953639529
32263,0.0300476362768378
32264,0.004765287527767683
32268,0.029816975200809802
32269,0.004112395953624418
32271,0.15369446532403058
32272,0.0034361778410111907
32274,0.14107114517923744
32279,0.04069009478039903
32285,0.013073382990723493
32288,0.008678821395026976
32289,0.02820109052620765
32294,0.003708252146192544
32297,0.048430805761991956
32300,0.007586127231035888
32302,0.006451447609734349
32304,0.20165370969842414
32307,0.021124014401536547
32311,0.004867990620833079
32312,0.16092753038775373
32314,0.009298831827553563
32316,0.013563464792337825
32318,0.004263357669917335
32319,0.014031580556368106
32320,0.003489534476656564
32321,0.0029014675159966708
32322,0.029660438065702666
32329,0.026866754853169323
32330,0.010325944173647093
32332,0.0034488739532104375
32335,0.011510607578613597
32336,0.017509314070774096
32338,0.006835921083345234
32340,0.20173573177436388
32342,0.014129239796891192
32346,0.004125579748519071
32349,0.03167322673721993
32353,0.005529819622207928
32355,0.02854770180563776
32360,0.1905569924307619
32362,0.0041599068881528894
32367,0.00651099973737956
32368,0.004032832558343822
32369,0.05757301333207236
32370,0.03758240507172917
32371,0.004179642213998842
32372,0.039635660861366
32377,0.023588970437109648
32378,0.10815530839284482
32379,0.006480480136232057
32381,0.008088240311583422
32383,0.0032224288882430753
32384,0.008472892961806061
32387,0.016074015242223683
32389,0.013084541721374441
32390,0.039815545277496686
32391,0.031831898364855914
32393,0.028085959472394288
32394,0.003258449568891231
32395,0.0035665771921590253
32397,0.0671557237316351
32398,0.258522866301488
32399,0.004385354889726117
32401,0.0996498583957725
32402,0.31434450007635123
32403,0.0036851813828230368
32405,0.004013801923483118
32406,0.017420403048154356
32410,0.006961260836433676
32414,0.17393243807288178
32415,0.031304588695586506
32416,0.027242668895642183
32419,0.0038674887499945336
32420,0.1261836092942078
32423,0.005205113094399079
32426,0.0033954854147095655
32427,0.05743789592313382
32430,0.10245718328520406
32433,0.013779118275540772
32434,0.06726980194894994
32436,0.025040978936628492
32437,0.0033509663786731305
32438,0.013220192778955161
32440,0.3043032119477254
32441,0.0031209549244708376
32442,0.0037946803378753613
32444,0.019517417046363852
32445,0.0029585248854982183
32448,0.060833370716915136
32452,0.021293852815598056
32453,0.014307706707122461
32454,0.02685645123392462
32455,0.0034952127991022554
32457,0.0516059479634212
32458,0.008782638705706686
32461,0.06090908805453002
32462,0.003890922790793733
32463,0.039523218096549774
32470,0.005365907502919837
32471,0.057332274235142394
32473,0.016001158967409026
32474,0.09508823703236152
32475,0.0028464300274831746
32476,0.08787199834382284
32477,0.17248068971087854
32478,0.0035945726872656843
32482,0.003282914184005029
32484,0.0030204627586450984
32485,0.01032944174323127
32486,0.049595685307777
32487,0.003954849467790448
32491,0.005469032649620206
32492,0.0033168259757823623
32493,0.0442799979945502
32494,0.008296810803105785
32495,0.02098008377659983
32498,0.007505998011504216
32504,0.0630481999630652
32505,0.0033193655973402384
32508,0.0034491466166537434
32509,0.014969327347801747
32510,0.03030515565567222
32511,0.12952464399189273
32512,0.005370368205461412
32514,0.0036539614246079875
32515,0.0035747094701328304
32520,0.011214305771212697
32521,0.09367743521447824
32522,0.0340533788403493
32524,0.03615225524145749
32526,0.06554204423371278
32531,0.09215715009535659
32533,0.009903019831622464
32537,0.0035878205519627162
32538,0.011440114755809477
32540,0.006997604626891211
32541,0.0028453766822501103
32543,0.026092726083828087
32544,0.004668967567837306
32545,0.18900523186489981
32547,0.0028337278553418814
32548,0.032771292222287855
32550,0.024637236935428374
32551,0.009708484533342535
32553,0.017279043177475344
32554,0.008360078180028749
32555,0.02707861004595358
32558,0.010061935133357857
32563,0.015190325706577157
32567,0.009370103529717759
32570,0.026355888109125793
32573,0.003541455104888274
32574,0.034110179796764305
32576,0.007567405448136158
32577,0.00394641533389874
32578,0.009895149359052904
32579,0.1920795882142341
32581,0.05613328749614159
32583,0.16224759739267533
32584,0.08367947707354521
32592,0.003174920458661159
32593,0.015906293780055546
32594,0.034555952932385316
32595,0.0035971701596561887
32596,0.11447052373465914
32602,0.20506034835068776
32603,0.008535713732140487
32606,0.005212361026298454
32607,0.03297976026811176
32608,0.034293558787609174
32610,0.004326721349114625
32614,0.014028538945084372
32616,0.021744922207003685
32617,0.004135067011536047
32618,0.026092726083828087
32625,0.017157366046606084
32632,0.03667365821596285
32633,0.014085570430448602
32634,0.003911647996120963
32635,0.0042141009638337595
32637,0.1956031444190561
32639,0.09365103546226618
32640,0.01654760672646316
32641,0.01439243055656604
32642,0.003357235894181437
32643,0.005119491155044344
32644,0.031741182816270655
32645,0.0036029399381039763
32647,0.003951383247702098
32648,0.006539844221673496
32650,0.10224924642711605
32651,0.018099581958726876
32653,0.04733460621002843
32654,0.006952410419412586
32655,0.003366031813820403
32656,0.026072684676212553
32662,0.016909416351079336
32663,0.011236908158860004
32667,0.004032832558343822
32668,0.02091667480162848
32669,0.00890708037267136
32672,0.005590966240153505
32673,0.02898611514231931
32674,0.11307029768026632
32678,0.011813751328542703
32679,0.010196429643265182
32682,0.06505885599502288
32683,0.011525517404242337
32684,0.0035520438591265554
32685,0.005905861942770069
32686,0.003725489341617584
32688,0.007814692547744886
32695,0.025846000412058846
32698,0.041171416093393774
32700,0.1251878994819327
32701,0.00801922671164741
32703,0.07207434046943519
32705,0.07140894399721957
32706,0.18693545278726778
32709,0.08494374670425635
32710,0.004589082572264944
32711,0.0034089173990704278
32713,0.0058051239483560176
32714,0.015668608485408738
32719,0.01898284622311304
32720,0.14123278546213136
32721,0.004194788455911702
32728,0.10960693642704135
32730,0.20223966856805126
32733,0.008871182504938489
32734,0.09733949183971115
32735,0.01018156107706861
32737,0.04734629754783469
32740,0.0029860693270402257
32741,0.038349007673994934
32743,0.017451492085342177
32744,0.0029115494604483863
32745,0.18699004524296456
32747,0.0035749794596980013
32748,0.04368607451523833
32749,0.011659626257094866
32751,0.016424683927913564
32752,0.015855242481636795
32753,0.17292297094395986
32755,0.009702787145386877
32757,0.004610250845562616
32758,0.006282541578131704
32760,0.003795856486085808
32762,0.021109814340701572
32764,0.003985268191470567
32765,0.005520919350489626
32767,0.010650438227429107
32769,0.019417873325584322
32770,0.003832982570636847
32771,0.23254289640317372
32772,0.09961709444648097
32774,0.047031673929072086
32776,0.008787287459996483
32777,0.0034258081489786135
32778,0.05022427820905744
32784,0.003665665311173235
32785,0.14996831765421195
32786,0.19885478545723975
32789,0.05517751817848953
32791,0.003983539948129319
32792,0.2492879374889556
32793,0.003576559088071398
32795,0.03458726912471156
32796,0.03562631368646985
32797,0.12636766297988838
32800,0.051772579346494534
32803,0.04784696297415721
32808,0.009670819797342758
32809,0.003741290572642179
32812,0.027408600774840548
32814,0.004058090694470405
32815,0.004747482251690863
32817,0.004045191450928188
32825,0.006830162738365728
32826,0.003293806797534
32829,0.01921551124690906
32830,0.08844480997116946
32831,0.0492454352830849
32833,0.007062431574633564
32835,0.008992300080172672
32838,0.24113133719481655
32840,0.00987341419379133
32843,0.0038512896989389236
32844,0.06845384209667504
32845,0.007398212717647154
32850,0.0066028792015426045
32851,0.011416112350071343
32852,0.008220385599365004
32853,0.013575209153054065
32855,0.006645694325470912
32856,0.0081189047857415
32857,0.00852313101804285
32862,0.1661347614530185
32864,0.008666020259082044
32866,0.2006485195482486
32867,0.00371220277447644
32873,0.011881952027264626
32876,0.1411527445779926
32879,0.01944433642494262
32881,0.005055795262159954
32884,0.07740268935446253
32885,0.02373925321461624
32886,0.015092531956204115
32887,0.012652101964543602
32890,0.008337980022112052
32891,0.0038160744003268173
32896,0.004267124413163091
32897,0.15721659474108327
32898,0.0040488938429122726
32901,0.18531577970294089
32902,0.04199774379607015
32905,0.05308724664284329
32906,0.006684032350599538
32907,0.0031500920798206507
32909,0.0642262032687219
32912,0.01805009486785827
32913,0.0031942299478907696
32919,0.0036345895747352296
32920,0.011325886175725207
32922,0.13768780254400106
32923,0.010154624539419236
32924,0.015996690884891425
32926,0.0076013735791693165
32929,0.1794597618904269
32931,0.0037152541243224277
32934,0.00456987203953644
32935,0.029270501233564825
32937,0.18967607312684784
32939,0.00848926805239088
32940,0.04199774379607015
32941,0.008769555215096966
32942,0.0043594154973345955
32944,0.006858722835491887
32947,0.01098073790511567
32948,0.04514780958301286
32951,0.06801985319084407
32952,0.010956759552083221
32953,0.021158823490699495
32955,0.03706963743624886
32956,0.02917415822558556
32957,0.20062707413546713
32959,0.23860073110818433
32962,0.005125738548275727
32965,0.08016846171553922
32967,0.20173573177436388
32974,0.07424307931696233
32978,0.030493617046221076
32979,0.0032479082584151173
32988,0.07949719531245977
32989,0.046002407561460096
32990,0.003609432417742629
32992,0.03850793261553513
32995,0.021123508626708348
32998,0.02799851812815023
32999,0.006218905564448403
33003,0.014128468646738635
33005,0.005236010455601067
33008,0.004543358785142445
33012,0.0172700398009182
33013,0.010513998276555081
33014,0.022340340330949428
33020,0.004405312475607349
33021,0.003198803145951629
33022,0.011040792303345578
33025,0.003689772732919668
33029,0.01982482817480973
33030,0.00989754824822148
33036,0.008121187872804239
33037,0.059924351290047764
33038,0.16056829525277636
33040,0.015285302531329124
33042,0.0099064520202027
33043,0.016528009853145193
33048,0.00418481430387851
33051,0.016449827999788263
33052,0.006043526277764615
33053,0.004372674330855412
33054,0.07511405628621752
33055,0.01676792023038327
33056,0.06016200057756526
33060,0.015372882036811256
33061,0.004144063427214461
33063,0.008360657459673461
33065,0.02952688790970793
33066,0.06152249334681356
33067,0.008008974391978903
33068,0.10817940582483836
33072,0.009504206102491659
33075,0.06955228177879261
33076,0.18693545278726778
33079,0.005645502516036355
33082,0.00394034720452654
33083,0.006108915501053352
33084,0.03556379378414743
33091,0.21979916641871214
33098,0.004843867492619938
33099,0.10144717234523588
33100,0.01287661003782249
33102,0.003983538786528849
33104,0.005283146933150671
33105,0.05789230813515945
33110,0.005764446445467569
33112,0.08879347261760309
33113,0.008482051818008252
33114,0.0054597217146904456
33115,0.01366211150601951
33116,0.017550082945018194
33119,0.07496350902634127
33121,0.0049274733015565834
33122,0.0028937016078399267
33124,0.03492476827025548
33126,0.10123110708614004
33128,0.00393173590421169
33130,0.003423435856464034
33132,0.055495963606293615
33133,0.03724194922502536
33134,0.011363509470505566
33135,0.02101040065263617
33136,0.22406920045927478
33138,0.012189991296226426
33139,0.00972472519346754
33140,0.027953468970209183
33145,0.09272606397230634
33146,0.010872037217934035
33147,0.008499843846041914
33150,0.0047724540879940805
33152,0.015025177264196197
33155,0.003281319311253642
33158,0.0028946923316534832
33162,0.021930520943383717
33164,0.010277148301947035
33165,0.01674286161456526
33167,0.0332356189802277
33168,0.24849959589465334
33170,0.026092726083828087
33173,0.0056649904592188435
33175,0.002950511328734279
33177,0.010244946500313577
33178,0.009862578169438066
33179,0.003341470747548321
33183,0.005532122950082741
33184,0.12539573296508497
33185,0.10364280144249463
33186,0.043707645753292834
33188,0.005693998257148371
33189,0.03884334725194955
33190,0.035617345052483804
33193,0.00875157509707917
33194,0.005269311073932769
33195,0.011402543492209878
33196,0.01748864215092733
33198,0.002958610474999987
33200,0.0031441286430889926
33201,0.003203482851609509
33202,0.007939113975234715
33204,0.03008610488342133
33205,0.008544040525625438
33207,0.04414039162717121
33209,0.06624585612905147
33211,0.004367407273965001
33212,0.16169537924684552
33214,0.0036572708152788924
33215,0.006872476378711871
33217,0.04627460788675508
33218,0.0036921420130695483
33220,0.007293770629091823
33223,0.026092726083828087
33224,0.0036006829883657243
33225,0.0037606785560996337
33226,0.02750138109237239
33228,0.014652368404529317
33232,0.03459537651067348
33233,0.018607534852339166
33236,0.023453248161126303
33237,0.020823643841683965
33238,0.0034818268929022824
33240,0.010696808780555199
33241,0.037094673182306075
33242,0.051094042590895505
33243,0.004140445531709632
33245,0.027920571639591087
33247,0.006858570322276546
33248,0.03423540690192709
33250,0.049904526643036955
33251,0.015988824070353472
33255,0.01071558118173677
33256,0.005608700360773018
33258,0.04924844965438513
33264,0.04850389924379888
33270,0.008013436243902506
33271,0.003800345097489138
33274,0.004738180221168133
33277,0.17340602759089255
33279,0.017417746593772872
33280,0.08273593045143458
33281,0.007185090823915498
33282,0.015132851906902542
33285,0.009872472541270032
33286,0.0033134743488916147
33287,0.003459033853121881
33289,0.10623115900910914
33290,0.01393977897124386
33291,0.06432174926390444
33295,0.05692788085653459
33296,0.002996259400761894
33297,0.025392390273700403
33298,0.06509491127405607
33299,0.00803595283205037
33300,0.19307340485489097
33303,0.02569529778084935
33307,0.002965664818165161
33308,0.011858366061534181
33310,0.002995732678161593
33313,0.0066602242278276085
33315,0.004929341870399007
33318,0.007497606418599918
33319,0.011995475269764744
33320,0.003924313296007663
33322,0.08265923330880535
33328,0.07356405545437276
33329,0.07258477738838269
33332,0.004231610240006699
33333,0.0029719513554108583
33334,0.06353495716939343
33336,0.3067635214092582
33339,0.007117819169289219
33345,0.0033417877438683178
33346,0.006005260118142175
33347,0.032798598154435074
33350,0.056102962939425544
33353,0.0034650265608348403
33354,0.008646093338843485
33355,0.03884922560995793
33361,0.02500454488587583
33362,0.003870261382555318
33365,0.002949607278648401
33371,0.054614345596604566
33372,0.008782216349755973
33385,0.028166427278976412
33386,0.0038034285443195354
33389,0.021568522168744948
33391,0.02772562956850956
33393,0.026092726083828087
33399,0.24069056843543502
33402,0.0038713266564681754
33403,0.03792179541980749
33410,0.10815492100730698
33411,0.003587151025596363
33413,0.00379404462300069
33414,0.004300952281720956
33419,0.10409876180625015
33425,0.007215021065410287
33426,0.018141601207921094
33427,0.033290213891748195
33428,0.0033425336282812803
33430,0.0035027250670925463
33431,0.018669601268087626
33432,0.009489134773272677
33436,0.017671024583604963
33438,0.004989971950588556
33439,0.03236896271468423
33440,0.005227277783097808
33442,0.0035020097817096323
33443,0.004890491618597524
33444,0.009754886613229005
33449,0.10986049497616839
33451,0.03247123342651985
33452,0.13897946031073985
33453,0.006726455061750245
33454,0.0034174812285496475
33458,0.01467646570190241
33461,0.00341794703119365
33463,0.004998591865195644
33466,0.006264136220691765
33470,0.07740569230519057
33471,0.057136405982207844
33472,0.01264484600660725
33473,0.0035804789766534623
33474,0.017695083995450132
33475,0.0038278230864815708
33482,0.013731599974428044
33487,0.015891537087329873
33488,0.02799589169137985
33490,0.1151228327845829
33495,0.020877443322395134
33497,0.0035942090477083053
33498,0.004767990666435651
33500,0.004809106938388179
33503,0.004123793209891945
33505,0.01863760017057116
33506,0.0028712519590255356
33508,0.0035344209176225616
33509,0.04609487886422632
33510,0.027517142530582007
33511,0.006756846159273125
33514,0.0037518008503650445
33515,0.004815949102509469
33516,0.013289904887800028
33517,0.02528714597407696
33519,0.18246797209984622
33520,0.06360508154473979
33522,0.03583651273288544
33527,0.0036552458690595046
33528,0.01437376840820155
33530,0.005524935377384907
33531,0.014056913578996192
33534,0.01716366611729507
33536,0.003978413506088422
33537,0.03403367393565598
33538,0.10156966660288877
33539,0.06902182423014944
33541,0.008975588815683382
33543,0.1021362315712497
33544,0.003246511799132392
33545,0.006219409863767268
33546,0.0028986013284652205
33552,0.05767360512597731
33553,0.011153961676369232
33555,0.00395706016490969
33558,0.004217035900869487
33559,0.0030559015399903434
33560,0.010753817797839212
33561,0.026092726083828087
33562,0.15451127480260993
33563,0.006032939241704022
33564,0.003907315669964263
33566,0.004428102560331811
33568,0.04117698039518659
33571,0.02206468498727771
33573,0.006040266138710579
33576,0.0034998466197582183
33577,0.06777882156472192
33580,0.00480756906215634
33581,0.011146863736453565
33585,0.011528637820723624
33590,0.0039061606021840766
33592,0.0603992886855848
33593,0.0065497610387389915
33594,0.0028367346322625523
33600,0.004517689765580116
33601,0.006586089263911431
33603,0.0037492608016413253
33604,0.10279191854451675
33606,0.004015039092919462
33607,0.006891276734208448
33608,0.05530121588928225
33609,0.0728167751051171
33613,0.007595479478472208
33616,0.020138514849056342
33617,0.012514187730906543
33618,0.0074279271754624406
33619,0.003732872330316839
33620,0.0035367941240733347
33621,0.0039337437244629835
33623,0.08628167837021646
33624,0.2131226700164316
33626,0.004021429654297899
33627,0.003794609842773661
33628,0.006535922253580894
33632,0.04019619065830023
33633,0.004213662303000133
33636,0.02928912089694441
33637,0.07330692130885723
33639,0.09547455220434688
33641,0.005342666299467784
33645,0.00397557752990854
33648,0.056822082719645554
33649,0.009732778262103885
33650,0.005228397243863967
33651,0.028449436728083907
33652,0.005279699380031692
33653,0.12211923410337007
33656,0.03354957218883627
33657,0.052288736833412994
33662,0.02581784845532343
33667,0.006520727004940537
33668,0.011933666755536287
33669,0.002841326206700975
33672,0.015725814455917513
33673,0.019570384541829647
33675,0.0030504962079512445
33676,0.008762662434858622
33677,0.15122028639251425
33682,0.004579388605283494
33686,0.03255052513437607
33690,0.007829081086026542
33691,0.0035505418627055697
33692,0.00409666662325613
33693,0.031922202156662055
33694,0.0607675663204684
33697,0.0742647874320889
33698,0.021798311337721064
33699,0.002976237375131467
33700,0.01756201940375828
33702,0.03585694930325073
33703,0.22514879827011913
33705,0.006224722285392018
33708,0.009966991848269751
33718,0.021707056394387577
33723,0.008796508084325843
33725,0.16799752478617805
33726,0.04342733336104264
33729,0.15652990544860126
33731,0.08888394160033075
33735,0.007731871566935697
33738,0.017710064097763534
33740,0.016890398018195498
33743,0.008080146914663288
33744,0.1893282967000057
33745,0.006850649859917604
33748,0.004273517147170685
33751,0.012304577041080126
33752,0.011134342152911736
33753,0.0028959472052023406
33754,0.010509670220954845
33758,0.010718761678157952
33760,0.016341180461034072
33761,0.0038861387338780047
33762,0.004965542617003231
33766,0.13162332675185512
33768,0.008757174015057052
33769,0.24637821546462238
33772,0.004283619254681399
33773,0.21912602812748802
33775,0.005935876552834106
33776,0.04780396222547474
33777,0.011073792935156614
33781,0.03667492171687365
33787,0.0073215403057569255
33791,0.00542757968521547
33792,0.0028845732883926232
33794,0.003973234114533476
33796,0.01018538818297171
33799,0.10679574997349128
33801,0.008307126232324331
33804,0.0035208006090161233
33805,0.0028970133980031993
33806,0.052925607317227626
33811,0.04584019052477012
33813,0.0033124247379384304
33818,0.008482732386334816
33820,0.0028932993200014726
33823,0.017028179195893892
33825,0.003343089510363943
33829,0.126809880405469
33831,0.03525255943014024
33832,0.03693669188198631
33833,0.01017457406620767
33834,0.010997746226103547
33835,0.011990426386458312
33839,0.00410561179227706
33841,0.009154963241680246
33844,0.013353023398532584
33845,0.0038719926700061143
33847,0.007934711972093595
33848,0.08178480499895066
33852,0.08370842889813136
33853,0.009169530846868567
33856,0.008350841070420348
33857,0.07297716456439896
33858,0.018623685341051643
33860,0.07007785437211378
33863,0.0036376367424136697
33866,0.003715155397067682
33867,0.006761857667198875
33869,0.007615811374481839
33870,0.014417416765758594
33873,0.0033403238062721693
33879,0.09899343334126093
33881,0.005839588232607862
33882,0.041053131568951594
33883,0.01948423228786775
33885,0.015145519383244578
33887,0.0843403434493474
33888,0.16924724324422324
33893,0.01278488417440026
33894,0.010253260960381013
33896,0.1519085869173907
33897,0.15303567500665377
33905,0.003543408439216612
33908,0.03204529609344612
33911,0.0068842032604331345
33912,0.0060393454813958206
33913,0.0465805859913503
33914,0.011776082122201001
33915,0.23089474514677083
33917,0.19527076637220991
33918,0.003754122598906189
33919,0.0064806501309313605
33923,0.012576954678746081
33924,0.007740944990237251
33926,0.004612661722367826
33927,0.05509787299980025
33929,0.15674097724726452
33931,0.003729564637824404
33932,0.003397133914984835
33933,0.029469683355751303
33934,0.09446673831831191
33936,0.04065631557135187
33941,0.011286575287254698
33944,0.05236034490000239
33946,0.004338946625803595
33947,0.03502842829287466
33948,0.005091926305667681
33951,0.0038261859385914842
33952,0.0036035521843980184
33955,0.07840701802324408
33958,0.014136193099659623
33959,0.010234957843206882
33960,0.072325124041059
33963,0.0041066830787906015
33965,0.0030512437730852333
33966,0.005954487312821942
33967,0.03622189609738525
33968,0.003111190503259388
33970,0.05663086881551253
33975,0.015372882036811256
33977,0.004475815285973958
33978,0.07028360090829985
33984,0.11457286819472842
33987,0.17450668363989189
33990,0.006549847140358603
33991,0.010831824335721918
33993,0.2003396239162728
33994,0.021803600683314075
33995,0.06699707879001028
33997,0.0037847701460159097
33999,0.03390001460346651
34001,0.02405507282831194
34002,0.04992932828672297
34004,0.003584851490529185
34007,0.007971149889962495
34008,0.010671494867633474
34010,0.07263010090931094
34012,0.10551765213975932
34015,0.007229926908003269
34020,0.013406958013977675
34023,0.00675263191370178
34024,0.002931071418826311
34025,0.0030787935906987133
34027,0.007549487986915719
34029,0.027831141558184374
34030,0.004755308084649319
34035,0.017493176106796633
34036,0.007596522353170825
34037,0.2728205816177993
34039,0.0030151867045493104
34040,0.004098794534662347
34045,0.0067240521938772444
34047,0.006951140981390606
34050,0.007836364551765873
34051,0.0038713266564681754
34052,0.005034826987792652
34053,0.02748509269963574
34054,0.013015081949627192
34055,0.0037888996871001863
34056,0.004076943209439384
34058,0.05279569325514709
34065,0.05710233917772951
34067,0.055206631316975334
34071,0.026092726083828087
34074,0.06363416058160244
34076,0.007374380376377848
34077,0.005615213645187585
34078,0.2739169074918962
34083,0.0028958385698673573
34084,0.026092726083828087
34085,0.0040692389936143976
34086,0.013539857182564478
34087,0.009759858341191724
34094,0.026092726083828087
34096,0.0035240548001154955
34097,0.00819574488669602
34098,0.03474212003914982
34102,0.0036340020834889257
34107,0.005054267567960038
34108,0.0076319953832411054
34110,0.006228115720808426
34115,0.02077568099586431
34116,0.009152196264405678
34117,0.011064070605647547
34118,0.19648132376964186
34119,0.016159322856455334
34120,0.005189221888666905
34126,0.005191618939094194
34131,0.0056969137306602064
34133,0.007262704650027088
34134,0.0028901972649527123
34137,0.04660836610512066
34138,0.009979347607151228
34140,0.0029451737353550704
34141,0.048104204629975764
34142,0.015892851628184657
34143,0.07278835469955618
34144,0.006548047550722778
34145,0.007905590490304856
34146,0.050998722084543015
34150,0.013801454848955754
34152,0.002963863208581911
34153,0.09323552787491436
34155,0.011745806161069301
34156,0.003695410891884195
34157,0.007760888631877572
34159,0.014140940310213401
34161,0.004555808306521484
34162,0.026092726083828087
34164,0.09226828907768532
34165,0.035451462968827646
34166,0.00662255895993646
34169,0.014005494304280634
34171,0.007678241311560906
34172,0.03476085053330758
34173,0.004123793209891945
34174,0.026092726083828087
34179,0.009677646043702635
34182,0.09400067824994357
34184,0.09796806712236318
34185,0.004000404925657457
34186,0.017522482090743034
34187,0.025365711558848345
34189,0.17709976176328426
34194,0.054260083498726484
34197,0.0043654424039276975
34200,0.18478904611984273
34201,0.004106448715586558
34205,0.0045252791304780885
34206,0.009354138823621449
34207,0.0040031789000990045
34209,0.012391556146005187
34210,0.09546398738034376
34211,0.010750821618093168
34215,0.04406818661872086
34218,0.0038388512307941155
34222,0.06409967267747652
34227,0.0035244625421642084
34228,0.0037059179344637373
34230,0.013304020386504859
34232,0.09713098098961824
34233,0.03948920550133341
34236,0.007578863710418603
34238,0.06776928775992883
34241,0.00985331607678305
34243,0.11671115276081481
34244,0.2115798050400417
34246,0.004226698633156528
34248,0.0037314627850304574
34250,0.039336112276976906
34252,0.00548912589170677
34255,0.004022673456541883
34258,0.045870777050357345
34260,0.007139367480234149
34262,0.022481029415767132
34266,0.01418178073238313
34267,0.17654240295774687
34268,0.010730454500074819
34269,0.008782323634966654
34270,0.03081671968683512
34272,0.005799158625297275
34274,0.0029915353193519217
34275,0.01907812090153325
34276,0.19527076637220991
34278,0.029425925723838373
34282,0.09403506484091431
34283,0.013992260308758733
34285,0.11354434072148073
34286,0.04639064154940511
34287,0.012486407239447073
34288,0.010832232327627627
34289,0.01779748841062439
34290,0.05637036107258738
34291,0.0643212305337606
34296,0.005685043795192698
34305,0.09783418039328097
34306,0.08797096056684016
34307,0.15641801875437653
34309,0.03142455359238987
34313,0.034285432535249176
34314,0.0030569625812358523
34315,0.00620497054324916
34319,0.09981707044044806
34320,0.007011122327927722
34323,0.040237845433383435
34329,0.12027475734309828
34331,0.0453084071105496
34334,0.1940270349592754
34336,0.10224352720311387
34338,0.008557684930381974
34341,0.046073624127262944
34342,0.018291222245471153
34344,0.17171029974177057
34345,0.004036880442171478
34348,0.0034419257842514795
34349,0.004262889340784191
34351,0.2935504153891972
34352,0.107235527157821
34353,0.00856781325874953
34354,0.10281685759862352
34355,0.006046386644857324
34358,0.0038285017575489175
34359,0.011821478431402906
34361,0.030071292816927317
34362,0.003722980938128192
34363,0.0411311434217474
34366,0.005579485353684935
34368,0.01561349687926582
34369,0.002874100428198811
34372,0.013849230119209908
34373,0.05909106283886091
34374,0.21420537851580196
34375,0.01098094087433909
34376,0.015716862825640502
34377,0.0030211908724106285
34379,0.015177148562376175
34381,0.006138239527608712
34382,0.010399034414631709
34383,0.004869708024482649
34385,0.0036170521297726856
34387,0.1826906050138773
34388,0.006111574788633064
34389,0.20563359894652644
34392,0.004098594991542408
34393,0.0035001448088818185
34394,0.018153948037174614
34395,0.003625299906273833
34400,0.12920919679471718
34401,0.011632848678453612
34404,0.01660748445894311
34406,0.01122332916281193
34409,0.017257674977167233
34416,0.14199032444052115
34417,0.0038818472182521268
34424,0.05669490618670137
34426,0.004329331977431408
34427,0.003564763674486559
34429,0.005602711772644332
34430,0.021039821686583138
34432,0.0029021343226897376
34433,0.0036965537487788705
34437,0.016861637381870687
34438,0.005191169019656111
34439,0.05216358561142456
34440,0.003305293092590694
34441,0.00499725250856936
34444,0.05459613075818632
34447,0.26466350544630285
34448,0.005901192380648378
34449,0.05922155305551944
34450,0.003262253993694524
34451,0.002929752126997283
34456,0.05241151159579923
34457,0.0076345796823031045
34458,0.012512683942359635
34459,0.004406797680814016
34460,0.003798353311720846
34461,0.029410593048214206
34462,0.00745864094996316
34465,0.024113883992072437
34466,0.04058272829715319
34469,0.1623658976481618
34470,0.0767653724234046
34472,0.01698949729342202
34474,0.0029478976580591377
34475,0.01470222825131859
34476,0.16847910556883094
34477,0.004726938547603669
34479,0.0030689093573942334
34482,0.13707107660781642
34483,0.00438769950128392
34484,0.008568066626426498
34489,0.036471212248520915
34493,0.05011260952874405
34494,0.006781177035248631
34495,0.008594365335271185
34496,0.03620976549511186
34497,0.26694705161853777
34501,0.003980262752389433
34502,0.02206728619351595
34503,0.03504677691164333
34507,0.005234299548708456
34508,0.054704293739429054
34509,0.014855986325873425
34513,0.0037704019316588105
34514,0.004861862679850952
34516,0.07998492458425353
34517,0.01918923310855315
34518,0.004552411250626862
34520,0.00385945976123892
34522,0.01635915996653603
34523,0.0047243908442906185
34524,0.008550946886885466
34528,0.0036429475752724795
34531,0.01963279875443939
34532,0.00685048192492006
34533,0.00491645978128431
34534,0.025040978936628492
34536,0.002949813029426941
34539,0.005306668220056464
34541,0.0037188861811369867
34543,0.067428262911809
34546,0.005315492467222694
34549,0.0035907804111095644
34551,0.2283990741725936
34553,0.005565325447810748
34554,0.0374132036479112
34555,0.008853151579536178
34556,0.010273747629393143
34557,0.013801984326181991
34558,0.00530096256819748
34560,0.07543276442344982
34561,0.08708337245440415
34562,0.047240074748121565
34563,0.2890294877307948
34565,0.004141256551084579
34569,0.015660018015036654
34571,0.007507531107467062
34575,0.0033059996554422083
34576,0.19473465719533106
34577,0.0036834146544548873
34578,0.04283862966675047
34581,0.021206806764119585
34587,0.01832796457416174
34588,0.07506529825606409
34590,0.004547537897619784
34591,0.02609251507697888
34594,0.004998303105757494
34596,0.08357193075236458
34597,0.0039068643564312625
34601,0.02109906958538296
34605,0.0029380646382587495
34607,0.00805253900867723
34608,0.13110331653952578
34609,0.005231675725795784
34610,0.1736493097781073
34611,0.003024454843037068
34612,0.08495565897268924
34613,0.016146491758634446
34614,0.01700923209999497
34616,0.004030808478185427
34618,0.007167127282478396
34619,0.03459537651067348
34621,0.006060522420824283
34624,0.025040978936628492
34625,0.018310573691900717
34627,0.040471805364654084
34628,0.10361161459760362
34631,0.07456155099751038
34635,0.07575732065315209
34637,0.013327107562694574
34642,0.04199774379607015
34643,0.003922296380156523
34645,0.05725041402701677
34646,0.03161228770783461
34649,0.0046592833061422706
34651,0.0073096772845396354
34654,0.03153108009595723
34655,0.026092726083828087
34657,0.012608884655090045
34658,0.026092726083828087
34660,0.045910619645493776
34663,0.027488917955882142
34666,0.04199774379607015
34667,0.003883203116149241
34668,0.03637402292701928
34669,0.05505389256677105
34670,0.13960301250737095
34671,0.009004483452417649
34672,0.003532963964905646
34673,0.055514581856711154
34675,0.180408701125239
34677,0.003973036659938867
34684,0.010955739542498675
34685,0.00392530896538427
34687,0.0037744397229530153
34689,0.006724580435574348
34692,0.04402576965876257
34693,0.10201681393636984
34695,0.011245439901503004
34696,0.09225500370145026
34697,0.003435310218730825
34698,0.0038083682444549753
34701,0.04611514349575898
34704,0.019831003985160897
34705,0.04890169973036144
34708,0.0202805779112823
34710,0.023166240219169822
34711,0.011323932426017801
34716,0.013828729759157736
34720,0.010252200624168298
34723,0.03911167227943327
34724,0.004194866794671769
34726,0.005209667622120983
34729,0.014131931341603187
34731,0.0029059247598273684
34732,0.012580813538158916
34733,0.017357130540374185
34735,0.043037068633616525
34736,0.027873602059929652
34738,0.00606261197120447
34740,0.005081346943203848
34742,0.1476902102019933
34743,0.0029510097565340117
34744,0.009877099160835876
34745,0.008081338054814213
34746,0.004111610210133428
34750,0.07160640834843145
34752,0.014087064568127325
34753,0.013294185550420995
34755,0.04036237301097779
34756,0.002930788587829547
34757,0.025487266508781647
34758,0.02366434769200444
34760,0.07797620854177975
34762,0.004738775983618618
34767,0.04802803155392006
34768,0.22324329853205893
34770,0.032517954084976784
34771,0.019571197904089226
34775,0.004048538107310015
34776,0.0034513495009848216
34777,0.008775726539640495
34779,0.0028902081859006317
34781,0.004032072564130811
34782,0.004246269424147454
34783,0.009105125586046776
34785,0.004288747736052276
34788,0.007629978505468334
34789,0.021073069015407765
34790,0.0035946329462159415
34793,0.005538408078709261
34794,0.008821351020699026
34795,0.19771694030100176
34798,0.0037821376020853617
34799,0.010257781404946256
34800,0.029431651106910952
34802,0.10724790472108632
34804,0.004496639328702905
34805,0.004544376354414592
34808,0.021462607860903416
34810,0.006697871277969271
34813,0.006868749094971097
34814,0.0035571010445614552
34815,0.19527076637220991
34816,0.002956003521730422
34817,0.018318051086862387
34818,0.009053753131419005
34819,0.038018456228971195
34820,0.006846531869154234
34821,0.010222962641922715
34824,0.003020053447828945
34828,0.006072708258134756
34829,0.004132716552002568
34831,0.049627373389719426
34833,0.00362336958236661
34836,0.026092726083828087
34837,0.007253940394366304
34838,0.011168736744680989
34840,0.004190334659659705
34844,0.0034598447697377537
34845,0.026092726083828087
34846,0.011744797881917152
34847,0.0037731488017279514
34848,0.015833054983505297
34850,0.10556258268655519
34852,0.00769707013846778
34853,0.00818953050478505
34857,0.007635918907075687
34858,0.04399878370215675
34860,0.05492933296588876
34864,0.002860461262089391
34865,0.006505749965752971
34867,0.00947831744329553
34868,0.023207876230065382
34870,0.02563140864272985
34875,0.004554562815418933
34876,0.008349311954552163
34878,0.006620100796665928
34880,0.010172366459521763
34882,0.009725299879146965
34885,0.003418816248519263
34886,0.002949433136827675
34900,0.006059440741772214
34902,0.004180898130011262
34903,0.004555414040694381
34904,0.10123308006882385
34912,0.008007367507012239
34913,0.03632146115237126
34914,0.14250683243575793
34916,0.026092726083828087
34917,0.03404808132963759
34918,0.0057724530809294475
34921,0.033990926158786655
34922,0.005505985122878108
34924,0.0779541216834759
34926,0.0031973148930092015
34927,0.031179426299260193
34928,0.00912935572253539
34931,0.009826087946132394
34933,0.006355200704475187
34934,0.0032082460584245717
34936,0.036672600660162924
34939,0.004571240877687019
34940,0.0035351582838787595
34944,0.038975822546757924
34950,0.004129946958332386
34951,0.0047152140508273785
34952,0.017589759280579948
34953,0.04443799087805071
34955,0.004961844110626107
34958,0.003511831432011838
34959,0.0037358277720349084
34960,0.005056740579187234
34961,0.00457555912310396
34963,0.10134518187309224
34964,0.22444224875179397
34972,0.004117094814149411
34973,0.019581206307577377
34974,0.007383458966018492
34979,0.036407668166623906
34980,0.0035674186290329075
34981,0.013444773883426377
34982,0.006170741105094233
34983,0.004270377107679415
34984,0.009852848536180871
34992,0.0035684688543615494
34993,0.020861190422943335
34995,0.00285932560201167
34997,0.025592457910266108
35002,0.005490081596687431
35004,0.22084500870941726
35005,0.07575732065315209
35006,0.02936394545116942
35007,0.014132607531157101
35009,0.11577269913552213
35010,0.04644352309842321
35012,0.09074743596784476
35013,0.026092726083828087
35018,0.01354546958401876
35020,0.0039851981547815605
35021,0.049781921307567374
35022,0.01350797416829148
35025,0.006772895133750775
35028,0.014932982770836864
35029,0.0036916388827897793
35030,0.007424519880600368
35032,0.04903201662407446
35037,0.021376919091232925
35038,0.029461991777907807
35040,0.0036480970105597383
35041,0.019487111861507197
35047,0.11335246538867126
35048,0.009871769768292864
35055,0.023205564720394662
35056,0.0039160592081964535
35057,0.02182994310764141
35058,0.003003260666511655
35059,0.002962881481575398
35060,0.035459030897713475
35064,0.0029011652105749705
35065,0.01105728767555382
35069,0.009053953972198513
35072,0.004189837408060682
35080,0.018171801887125222
35081,0.009903019831622464
35082,0.012966127252153785
35083,0.009792590257662976
35088,0.03242431789338404
35093,0.015183785686319732
35097,0.0034882580192678128
35098,0.013593866994511584
35099,0.06002520555357751
35100,0.005106148170311306
35101,0.002957706472688402
35102,0.0036348274605851895
35103,0.0613432990817484
35105,0.046375497898200536
35109,0.08484963955912682
35111,0.040227205118282004
35116,0.003039240493549328
35117,0.005870936616690169
35118,0.06335884547778887
35119,0.005492799995372312
35120,0.018361628052773867
35121,0.005533751196350222
35122,0.018643219288044743
35125,0.03837477429793556
35126,0.00411309566155286
35127,0.005549354356293222
35129,0.0036604695351221367
35130,0.005989521628895615
35131,0.21344122596000029
35132,0.00788326269228441
35139,0.017488662808782078
35141,0.00486636650707331
35143,0.003785430766761492
35147,0.0068356887695839265
35149,0.21712472596712165
35151,0.0040698432044020015
35154,0.01447784161931993
35155,0.10264138126767547
35157,0.009468562447598139
35159,0.006799135780533281
35160,0.006217907724942037
35162,0.019378759803985554
35166,0.01870148036748935
35167,0.005449227589628039
35168,0.004267041997590107
35169,0.07975779461855162
35172,0.03685653137562652
35177,0.010880695021135199
35178,0.011634583490615939
35179,0.1097519960008883
35181,0.13491491751303195
35182,0.009006945323701582
35183,0.039651458325871934
35184,0.01467583089851086
35185,0.007484887440368963
35187,0.05836617831509158
35189,0.015183482313737577
35190,0.0394057843516523
35191,0.21053074606384148
35192,0.0032025348256946415
35195,0.17337092655283082
35197,0.010249086287868346
35200,0.18315491016445073
35201,0.1044867206985881
35203,0.004115097445461134
35204,0.1126406314299822
35205,0.015556048714450443
35206,0.04552557402102971
35207,0.021255347625396537
35210,0.00361001160016056
35214,0.015339276359819905
35215,0.03341406727958587
35216,0.0028297077722766665
35218,0.007526480215646463
35221,0.08283924026819924
35225,0.008708331609106218
35230,0.04574080643547995
35231,0.005538005514606071
35232,0.034073034577171146
35236,0.012551612691659036
35240,0.00329647796582894
35243,0.021786035521475403
35248,0.02847315419121845
35249,0.004544752210935046
35250,0.006659174972911272
35251,0.006502084686052399
35253,0.026092726083828087
35254,0.0040227289271815144
35255,0.026111067569820293
35257,0.029517719610247555
35258,0.05677033543885735
35259,0.24108752865680055
35260,0.12297401896394768
35263,0.07536121250312078
35264,0.03803913610344105
35265,0.1920795882142341
35269,0.05862076101562121
35271,0.014227376881912824
35272,0.009829802490313616
35274,0.0038387115495961644
35276,0.003024330970350227
35278,0.0029278194590555383
35280,0.03972123064883881
35281,0.003828133439925777
35283,0.26737868503005424
35284,0.02465268682236784
35285,0.02006052144032019
35286,0.0895655472727065
35287,0.006930689802973383
35288,0.0029591592388435646
35289,0.008787588047296268
35291,0.0032054481731335033
35293,0.03957159941898438
35295,0.003724963015284953
35298,0.038605001241199435
35299,0.16972203096490737
35300,0.034292929728053964
35303,0.058292346703407355
35305,0.002831063504321612
35306,0.026092726083828087
35309,0.278528344174194
35311,0.0038559048679746495
35312,0.012095406084016734
35313,0.03281525021381312
35314,0.020543998851760746
35320,0.044693181018369894
35321,0.0035748156692421333
35322,0.03152797936354643
35324,0.21967506967249
35325,0.029692222753359115
35328,0.004776543173733812
35329,0.002971693607040883
35330,0.03094717981874888
35331,0.013492640330497503
35334,0.1774888910773423
35335,0.003668752294098647
35337,0.11935537136288503
35339,0.016827756897821004
35343,0.003211798228482052
35344,0.010227178092223075
35348,0.0042360084706055045
35349,0.003963354238005541
35351,0.004937108413302358
35353,0.003128415443811989
35356,0.29186810076483544
35359,0.07112338807149761
35360,0.03960714707983481
35361,0.2881975865844762
35362,0.11501888304868357
35363,0.0036960916934501726
35365,0.15451127441598833
35366,0.00898773289125154
35367,0.0038019908080229015
35368,0.005128090816691965
35369,0.22269818503621241
35370,0.2348666403235664
35371,0.003272337645544268
35372,0.06088512123017905
35374,0.003816063837329131
35375,0.028392982135628127
35376,0.004077547367806941
35380,0.05279569325514709
35381,0.008799767765203047
35383,0.03025409362192345
35384,0.011982777406792622
35385,0.29582585170338815
35387,0.0162499761054331
35388,0.020111998829511615
35390,0.01412175632314838
35392,0.008630649212990458
35393,0.11885865276501784
35396,0.07575732065315209
35398,0.0036500185508184266
35400,0.02302668394357762
35403,0.007124417846372504
35404,0.009193588713779231
35405,0.003998543599598358
35408,0.21643518597802305
35409,0.005349392538628524
35410,0.005634865320857994
35411,0.1648974354245002
35412,0.015217746011870365
35413,0.06652965335191743
35415,0.020107635679645363
35420,0.003914695899798903
35421,0.0029342662046064646
35423,0.10437736455226129
35424,0.0038550403470936014
35425,0.003014041684403892
35432,0.010980896787141401
35434,0.02806170237930867
35435,0.004163680689567231
35438,0.0029720794212311948
35440,0.0028997923208829756
35441,0.011725680426486177
35442,0.29620280261853577
35446,0.0035172065128274738
35448,0.02077360011958621
35450,0.004169679001727311
35451,0.08809232904363166
35452,0.026092726083828087
35453,0.03966958946849917
35455,0.04764292374518408
35457,0.102785845454159
35461,0.013112684878476508
35465,0.003861188161077207
35467,0.005401870613408722
35471,0.06457416720951405
35472,0.003975565636404876
35473,0.007138341083252583
35474,0.021645438520770218
35476,0.013981388695663342
35477,0.003210704976689282
35479,0.0030239344099836874
35483,0.012641561550788041
35484,0.051425920207604225
35485,0.012288125229775543
35490,0.22266862450749653
35492,0.031054532292915504
35494,0.12956303169989736
35495,0.20053822476807906
35496,0.043764637935133875
35497,0.19194412541916175
35499,0.002925047857626654
35500,0.11782015079492031
35501,0.005418509929026084
35502,0.02156292731009205
35504,0.02438945481048339
35505,0.10602619163981644
35507,0.01801686985100795
35511,0.08076946212065877
35514,0.034037732719393816
35515,0.003758644710554036
35517,0.007244519362887473
35518,0.0737054606419147
35521,0.0029269119547078773
35522,0.007303801834584069
35523,0.01492367119949742
35525,0.003412276024270833
35526,0.10580451671775136
35527,0.4023868498252268
35528,0.0686609570748933
35534,0.17272209983491796
35537,0.013795421193142393
35540,0.014801221239076227
35541,0.19524840526516005
35543,0.07401256539825875
35544,0.016298659847107183
35546,0.00346975267850801
35547,0.03175131694261103
35549,0.036346274074532565
35551,0.17895758634524958
35552,0.0031328866186648135
35553,0.011730028449195304
35554,0.07133480695202
35556,0.03762653720116719
35560,0.004297391755286062
35561,0.005485733227060236
35564,0.008384055125355219
35566,0.002992111249554315
35567,0.00490471419534797
35569,0.00388912683542103
35570,0.04522098973972827
35572,0.14296761769603505
35574,0.003843031341661489
35578,0.005566465073284132
35579,0.043872560280598494
35582,0.005760209419417821
35584,0.02933055730748436
35585,0.039292346039369444
35588,0.022058415328175547
35590,0.006177849468684564
35596,0.0044893831834975275
35597,0.004655228295884255
35598,0.003519658203763366
35601,0.003585302919691696
35602,0.0723782416021573
35606,0.040879025776526204
35610,0.03394632801332695
35615,0.004838192304953248
35616,0.0035238265183756006
35618,0.12952448917477488
35625,0.013241686886128624
35627,0.025436865425755406
35630,0.03385660046866217
35633,0.005357665071246232
35636,0.00290660859497394
35639,0.04382529540874306
35640,0.003194349718512993
35642,0.2019743504143016
35644,0.018412331285027825
35645,0.032153980769705444
35647,0.011767566841714679
35648,0.01165968595115341
35653,0.01694490433087741
35659,0.003234199330853651
35662,0.004054948873815201
35665,0.015942248924883953
35667,0.08385027920687298
35670,0.005428820299283268
35671,0.19822001410724227
35673,0.1755553725352921
35674,0.025040978936628492
35675,0.008819295197341153
35677,0.009868489314710077
35679,0.01762156910496201
35681,0.008880072357331419
35684,0.006804311310534384
35685,0.0032287552938266447
35687,0.18123338894139107
35688,0.003995015793388045
35690,0.01461055850346584
35691,0.025040978936628492
35698,0.043961611290846095
35700,0.01745767459459153
35701,0.007167967941422043
35702,0.05434780488788253
35703,0.003317614377100794
35704,0.021456171581405878
35705,0.009968764837822629
35707,0.05062260032441945
35710,0.08051476233141941
35712,0.00420584351017544
35715,0.002949433136827675
35720,0.06789805950059691
35722,0.03411737624979757
35723,0.011523209461285284
35724,0.026644402834672825
35726,0.037262802496716194
35727,0.015582911300777798
35728,0.003212084328629192
35734,0.004502616277476408
35738,0.0048015812904997745
35740,0.05319587319778204
35741,0.006027291193631214
35743,0.003532438662845831
35744,0.003607318646233808
35745,0.012366689228109485
35746,0.006559755197925186
35749,0.10141210755588487
35750,0.005716886504172462
35751,0.00353325097829949
35753,0.07369871984761961
35754,0.006043867379555123
35756,0.012651386709150048
35758,0.05993598379114733
35760,0.0062196838127085855
35764,0.015968713347519568
35765,0.01145602718284069
35772,0.013176707054845764
35774,0.003600239804407482
35775,0.004282690258398574
35776,0.0062949817259996136
35778,0.025210998303367663
35779,0.05724682660225403
35780,0.007817769742691343
35781,0.002978764517904819
35782,0.0032022992669676876
35785,0.007955879892437016
35788,0.013356873979158475
35790,0.014111451615458593
35791,0.018308067288305054
35795,0.003847105863820183
35797,0.1384204781309583
35800,0.03483143657754102
35801,0.009431224105620539
35803,0.011135376393431484
35804,0.07953107324864657
35805,0.17530406647839472
35806,0.004426874390474922
35809,0.009489654577023393
35811,0.010171016121231462
35812,0.0038552128398146573
35813,0.0060533102047460674
35814,0.004574408214468627
35818,0.003792476129664466
35819,0.026092726083828087
35822,0.02305664164123885
35826,0.008783066643520637
35829,0.005768410645109402
35830,0.20052124413288563
35832,0.010143775604233452
35837,0.004620617926805927
35838,0.07906457568671825
35839,0.012109617272721111
35840,0.0036491223064415066
35842,0.004484768118315276
35843,0.0034377696842907944
35846,0.010017769044691779
35847,0.0036987064747062036
35848,0.03224422358339925
35851,0.007511405664927319
35852,0.005407859254360915
35855,0.19711166393435436
35859,0.00824108328256045
35860,0.10861691163792796
35864,0.005265989805581076
35865,0.06496292107635476
35867,0.00388815976172537
35868,0.01174955203382602
35869,0.005396835211961768
35870,0.028161477602385156
35871,0.05677358982211418
35873,0.09165838446263516
35875,0.013997772492402494
35876,0.005063568956969181
35877,0.009960357778998207
35878,0.10653096643337101
35884,0.019833330981370655
35888,0.17667071761218733
35891,0.019371050981578833
35892,0.014722267036097945
35895,0.02064744284011849
35896,0.00848325097133745
35900,0.015937156498399257
35902,0.0032685490939793824
35903,0.0041832812404295015
35909,0.029218674851930374
35910,0.03032326845640539
35914,0.18188834987411107
35915,0.015285329507436869
35916,0.01619105563900758
35918,0.06887093247336293
35919,0.005096692498382017
35920,0.0035553383841476164
35924,0.012424440272248378
35928,0.004077128902863045
35929,0.08313986795653294
35930,0.004265888404889335
35932,0.012572261953451387
35935,0.040250838856114954
35938,0.0037329383737054554
35939,0.004114299667992922
35941,0.01639509462847816
35942,0.06784240803198968
35943,0.12056350112257942
35944,0.011988347471549105
35945,0.05279569325514709
35946,0.12054376255688407
35947,0.009263756947665854
35948,0.17909394747184298
35953,0.0051362482224081366
35954,0.03480585818085749
35957,0.0036929370531114895
35958,0.006377964341369291
35962,0.01903801246537748
35963,0.003209125395565549
35964,0.0029757319836429762
35966,0.018921199987335106
35968,0.10479248782571657
35969,0.010182407894381467
35970,0.10946773533524681
35975,0.004413744165275443
35976,0.014775398050312097
35978,0.07754538734698907
35980,0.24523404079607125
35981,0.010996184826111985
35982,0.004584217759218128
35985,0.005565069528413727
35986,0.01894647637804686
35987,0.0892675011808906
35988,0.09071598615632318
35989,0.005515631057610541
35994,0.0029044835645460976
36000,0.010442275378981843
36001,0.010965286314020493
36002,0.0029583136946235663
36004,0.005512156522625988
36007,0.2453586891654782
36008,0.0037129630095156076
36009,0.051388714944239536
36012,0.007637861367896167
36014,0.011120389003709414
36017,0.047197241749024066
36023,0.004037495208991718
36024,0.0044239244946914814
36026,0.026092726083828087
36028,0.026092726083828087
36030,0.033234537525265104
36031,0.009024888143646999
36032,0.003196305904575016
36035,0.01703118094459382
36039,0.011730944280308969
36040,0.0028506019536837556
36041,0.003624876026190503
36042,0.18207853070213284
36043,0.02540254416795178
36044,0.0448679417951909
36045,0.006217754780843274
36048,0.003064112474169925
36050,0.010718625800258584
36052,0.25578295087126096
36053,0.0032426039821896865
36054,0.005563504401511396
36056,0.042461292263747764
36058,0.11960428420413216
36060,0.02426240575159121
36061,0.031573886138229736
36063,0.0044475697025166015
36064,0.00387432605779889
36067,0.19561007681120002
36071,0.0029592228434919448
36076,0.006204225548233194
36077,0.005354811423169139
36079,0.008782575715365708
36081,0.01409543717388943
36082,0.007398249405585483
36083,0.004754692513688031
36084,0.006130787028405555
36087,0.005743371464137613
36088,0.038937931673750516
36094,0.01292548476443919
36095,0.23343761261807797
36097,0.022753106053994613
36098,0.01749246105006414
36101,0.03385404582209218
36103,0.1931968596150586
36105,0.17533465056353995
36106,0.011864657033865803
36108,0.003179975643439448
36109,0.014633261679670523
36110,0.003541740553159248
36112,0.029187727559476438
36115,0.0030347626657243883
36117,0.00878127517018689
36118,0.06596735600310301
36119,0.011286305139853198
36120,0.011965421162140178
36122,0.1759137861226793
36123,0.005307767040020002
36125,0.003531893894620233
36127,0.015334158555735916
36128,0.0036080238610500105
36129,0.00447793144134674
36130,0.04198539116551262
36131,0.013702210003042052
36133,0.0033083209590977166
36134,0.03942877895622573
36138,0.1749254230692012
36141,0.004504180351145076
36142,0.02091928042385088
36144,0.009160991025959358
36145,0.014919280770577225
36146,0.02888237418313094
36149,0.031828899492958675
36150,0.015264756181821926
36153,0.008697479056230452
36156,0.09237954452109456
36157,0.12199819762787763
36158,0.003779951643339787
36160,0.00997833558789754
36165,0.021828847094218732
36166,0.004340354124200694
36168,0.003099327829198245
36170,0.05733928279831035
36174,0.011988347471549105
36177,0.07866175407755453
36181,0.013867660444243285
36182,0.005850285271880201
36185,0.0035399325534613228
36187,0.004873378196854446
36194,0.17272847588417573
36196,0.0036765244295815292
36198,0.009165429116150176
36201,0.014112723460257232
36203,0.01059017568990876
36204,0.0537312486847711
36206,0.00966846052921335
36208,0.002881710708634306
36210,0.044515832761845675
36213,0.2156967277283678
36216,0.006105769701169245
36217,0.0120604551085689
36219,0.014882348934075817
36222,0.002967525691679126
36223,0.005319107652568334
36224,0.009897330706289353
36225,0.017658611471876914
36227,0.06782711290350335
36229,0.00913842170510444
36230,0.008735093564912436
36231,0.026092726083828087
36232,0.014378433524108518
36237,0.01870817574311852
36240,0.011096903750020358
36241,0.010909000531081785
36250,0.010358363717464573
36255,0.08258185942888416
36256,0.018824877624650634
36257,0.04349350157783256
36260,0.0040081119840147655
36262,0.026092726083828087
36263,0.0034397759866182554
36267,0.07629162502560231
36271,0.0058199857635039725
36273,0.005207322646946582
36276,0.30071118146611553
36277,0.07199162245588558
36278,0.04688505565377971
36279,0.0028778341189118098
36283,0.003916694519125929
36285,0.2666786780005921
36289,0.006832024380612624
36290,0.21982974762262572
36293,0.008377994757072056
36294,0.0029580752045438308
36295,0.005136612530146262
36296,0.005161224659647824
36297,0.003640149588819069
36299,0.011190474410959475
36301,0.02118746958672194
36303,0.003959688464603569
36304,0.31186595618070573
36305,0.004512004817105936
36306,0.003552572523659868
36309,0.09841161563244032
36310,0.01615909779743943
36314,0.06372369952919199
36315,0.037499973652754946
36317,0.004190306986412453
36321,0.003798715245518363
36322,0.029290919111738305
36324,0.018274392956423732
36325,0.009042404593790762
36326,0.004679504643893638
36327,0.053862407747067666
36331,0.0029670880130365823
36333,0.017667953740427678
36334,0.026092726083828087
36336,0.2322864854279098
36338,0.15409946419106202
36339,0.04212574542984234
36340,0.003362239584907403
36341,0.01369085042790725
36342,0.07342311339713842
36343,0.008682941315796425
36346,0.01574270274901904
36348,0.05205302082534117
36349,0.004344194847411252
36351,0.23587896623059482
36354,0.003590920842811587
36355,0.0036497781909288606
36358,0.007398701242845002
36361,0.003989724887951748
36362,0.027596107079735695
36363,0.007303129644568906
36365,0.026092726083828087
36367,0.03838889742885367
36368,0.22630620833277454
36369,0.03146843747362707
36370,0.06909802493735663
36371,0.014758920305609572
36376,0.00354874364199954
36379,0.10783673635759704
36381,0.18246797209984622
36382,0.004659914828427287
36383,0.019376105412303703
36384,0.1009196302795556
36387,0.00389561585425138
36389,0.030476742511216577
36395,0.1305304029201817
36396,0.2120314576935169
36397,0.007749326200680351
36405,0.029449910551087078
36406,0.040409857680428624
36408,0.09383728065007443
36409,0.009966695198267463
36412,0.02112428487010156
36414,0.04341188287287369
36415,0.03406218581229693
36416,0.0029703637393439586
36417,0.17292659790056905
36419,0.011632618654890958
36420,0.04395027320605004
36421,0.003816210409362536
36424,0.010529474516395859
36426,0.09947154163454804
36427,0.006380428109003812
36428,0.010566620862419432
36429,0.007969615239478136
36431,0.0893177784312586
36433,0.007138838135618619
36434,0.17808935944912022
36438,0.0059631000957108705
36439,0.006823848121947707
36440,0.006691694517020436
36443,0.005694535413053097
36445,0.03878068308085926
36449,0.0033240512457106655
36450,0.0034887564786895194
36453,0.047874296868583244
36455,0.005035299547956562
36456,0.010374267286730519
36457,0.008701285688154222
36459,0.0033615832792829765
36460,0.02635557744434379
36461,0.004122427372045725
36463,0.22887255167992274
36464,0.03459537651067348
36466,0.014338520207100407
36470,0.17805524034048845
36471,0.011404401285884894
36472,0.01718790162363121
36479,0.00987751703449458
36480,0.01008769886487123
36481,0.005804968991194601
36482,0.0102451312811535
36486,0.003446588162895142
36487,0.0050109372514344185
36488,0.1973495941119234
36491,0.1109611284364
36492,0.022817362657319783
36494,0.21448105049858016
36496,0.002967525691679126
36497,0.0371441410442563
36498,0.0036570929781314944
36501,0.006528652101340938
36503,0.01045540215865316
36504,0.02357074746670155
36505,0.0062560011755258835
36507,0.22504166917078886
36509,0.06248924121305263
36511,0.01255512291401674
36515,0.007669180353623587
36517,0.015591696591795066
36519,0.0040582003225938705
36520,0.01820348592190196
36521,0.004313253168988469
36523,0.02710404785095372
36524,0.010239000745771415
36525,0.010431350573365228
36528,0.03599140036840368
36529,0.07530637190702107
36533,0.003128398686943393
36534,0.008612528099613005
36535,0.011767583661365414
36538,0.01173696443074511
36540,0.01129334187358967
36541,0.010478362140186605
36542,0.022221372369192107
36545,0.01649024122215255
36546,0.0049941628439310526
36553,0.008267025929277064
36554,0.002895670020823817
36555,0.05279569325514709
36557,0.0879289533094165
36559,0.015508369541612652
36561,0.018896857274571827
36562,0.0029066582527298196
36565,0.07059288337895814
36566,0.0030357143799824853
36567,0.007590635638458868
36568,0.0037489554333527443
36570,0.017348434560168286
36571,0.003997138749982872
36572,0.010227360724873132
36574,0.04209127961598068
36575,0.11905481042478214
36577,0.018784494736395287
36581,0.003510475072344562
36582,0.003543883668220552
36584,0.08490821678597651
36585,0.012474284013766185
36587,0.005863527577670088
36588,0.025040978936628492
36590,0.01381240349193728
36591,0.03821670989368172
36592,0.002882536637231916
36594,0.03371336677939244
36596,0.03250768665952867
36597,0.0028871508651373383
36598,0.004129946958332386
36600,0.1584172563673707
36602,0.005557965687865371
36604,0.011855069476042241
36605,0.1946050879949888
36608,0.005781432442664532
36610,0.004313297065745205
36611,0.012289502427337975
36614,0.2367205670658925
36617,0.006424457268059318
36620,0.01579611139346417
36623,0.061770726966141276
36625,0.01484188418932116
36627,0.00733784251832798
36628,0.07640094253399408
36632,0.0704938298557715
36636,0.0029947296839730833
36637,0.011506795715815537
36638,0.00329479452201089
36640,0.045211570096251104
36642,0.006017358672890077
36645,0.016225595823272022
36648,0.005421477799819908
36650,0.004947855208073955
36651,0.015539959779813437
36652,0.0035202761231824154
36654,0.01809333517332563
36657,0.002971959903984676
36658,0.003133016283070734
36660,0.09604879224419607
36663,0.019632221126282694
36667,0.0038431606377289642
36669,0.06719372140602459
36670,0.0037169746157689272
36671,0.0038757287909979236
36672,0.010168245744818345
36673,0.011994716748388324
36675,0.06194321307692814
36677,0.004651252089585742
36679,0.02559829590100973
36681,0.0037765604757601925
36685,0.05499581502548988
36688,0.002974926269644833
36689,0.006407538372984409
36690,0.0298530471925238
36692,0.0034744047621357546
36694,0.003914532348328543
36698,0.002957653210077003
36700,0.004013178387797064
36701,0.07803309302787767
36702,0.010237750011619444
36703,0.010310260886345138
36705,0.06198039719500685
36706,0.005173588936728556
36707,0.010254126889738787
36709,0.00516734123527286
36713,0.012130957420047302
36714,0.0037831502383067527
36716,0.005342980255684509
36717,0.022122597873052232
36720,0.0035777999898351587
36722,0.08649949214911216
36723,0.01715388456449102
36726,0.010919984054596182
36728,0.008092297796618237
36731,0.0038858142573877812
36732,0.23815215059436007
36733,0.0038781866302274744
36734,0.004382673892345767
36736,0.02438124188523681
36737,0.07785988237468063
36738,0.03404060872970346
36739,0.011302681150219403
36740,0.014095830726974054
36744,0.012999428992168851
36746,0.11413345940818086
36747,0.00457254403307846
36749,0.16133194889319855
36750,0.017902940211517896
36751,0.06270698573921658
36752,0.012936787751705685
36753,0.03444372623376405
36760,0.00997277850486275
36761,0.013599478561279285
36762,0.1973495941119234
36764,0.030654172716266772
36765,0.003461218523109823
36769,0.05162507734227077
36770,0.003935279895544247
36773,0.04665544740557428
36774,0.10089530738012267
36775,0.002927465399411831
36777,0.14729244837853667
36778,0.0035774662916773442
36779,0.004155935002036841
36786,0.00411943999107865
36787,0.012884115491670895
36789,0.0038685957807258575
36791,0.17063501223394886
36792,0.01888835401195183
36793,0.0181903734856308
36798,0.006293493171925052
36800,0.18246797209984622
36801,0.00570541510564018
36804,0.005851903671250239
36805,0.020741801392709678
36807,0.010899627166121601
36808,0.002944474773040781
36811,0.0733881366255502
36814,0.07044719680649482
36816,0.12536893174866412
36819,0.010065698230256806
36821,0.008699065232424417
36822,0.0032400539001856774
36823,0.014587679460500448
36827,0.010242040339535081
36829,0.07617889779374623
36835,0.009288420974598645
36837,0.23953486025700194
36838,0.09896559018945197
36840,0.014178837297523573
36841,0.18294341243409554
36848,0.004066081229020566
36850,0.0030471560387498424
36855,0.04707253217205757
36858,0.03379926012834974
36860,0.0031732696543890025
36861,0.011087794294163117
36865,0.09344102716235372
36866,0.07147549790687463
36867,0.023544656690115268
36869,0.005586405295126734
36870,0.0032493721849625747
36872,0.09567791488156477
36874,0.046256338740897886
36876,0.006585876773015481
36880,0.009867581493321877
36881,0.08414415890156046
36882,0.06267529913724645
36883,0.025040978936628492
36885,0.015447630746783141
36886,0.04466796559623355
36887,0.00312241793156381
36889,0.01652072199960808
36891,0.006403372750797855
36892,0.036771616352325835
36893,0.0028711858623403134
36895,0.0035323502186578766
36896,0.026460836336999444
36900,0.017188662298847267
36901,0.012059562054906728
36903,0.006123959007850969
36904,0.00499812865295025
36905,0.003078663241741233
36906,0.008026054208713483
36907,0.09050419242503843
36909,0.009008790068895775
36910,0.0037839588611551372
36912,0.003034384445343323
36914,0.07823222266861535
36915,0.011370859859862066
36916,0.09370581612141038
36917,0.003685039835857799
36925,0.22840519417522356
36926,0.004107785777764254
36927,0.022479583051324137
36928,0.0052645241306470995
36929,0.011318864601970131
36930,0.009716829669208255
36936,0.03459537651067348
36938,0.004525532271383932
36939,0.004230100869923373
36940,0.2223881453322389
36942,0.002946401256335257
36943,0.0077201092651794645
36944,0.03012904577486383
36947,0.0030418232487752937
36948,0.006297382052157546
36951,0.23798995019020172
36954,0.01597523755543113
36956,0.03204361287547974
36957,0.003761900964210658
36959,0.004721658812727444
36962,0.01495725545134745
36965,0.010178846219782857
36968,0.07760463246706253
36970,0.06311676948996166
36972,0.030437879496620048
36973,0.04655920325453744
36974,0.0035433962032526026
36975,0.03930128565789716
36976,0.005519889046105514
36977,0.0402666953179471
36981,0.0573981117914652
36988,0.003200956940634689
36989,0.038562429700987985
36990,0.004761536717373617
36995,0.046934753051286936
36996,0.00340414010234803
36998,0.11663028966895705
37001,0.030293765161005185
37003,0.033366913315424934
37005,0.034145972717684846
37008,0.015097514234477185
37009,0.2513321676587798
37013,0.015390949291843542
37014,0.03304218020167656
37015,0.05815076523610621
37016,0.004446625831769751
37020,0.009650925605860585
37021,0.004938951819699599
37022,0.026752224331178624
37024,0.0030899711929842106
37027,0.0057900663504589925
37028,0.15320406655099372
37030,0.11773806289155012
37031,0.026148811725385322
37032,0.0048621238499691405
37034,0.0036777780425220007
37035,0.006612083706302348
37038,0.08626633768561705
37040,0.006607734072951233
37043,0.007237061776092612
37044,0.05477101999770288
37045,0.036989663241365996
37046,0.0342309866243934
37048,0.00472651763011323
37049,0.07797479035678806
37050,0.026092726083828087
37051,0.07575732065315209
37054,0.0031943237510879087
37055,0.0054843710590637106
37056,0.026496901954259033
37058,0.00419933279423085
37059,0.021779333327129245
37061,0.062923983019909
37062,0.010455711499332221
37064,0.008046535851462864
37065,0.010254252150407688
37066,0.08562503654024654
37067,0.04814568301489571
37069,0.16291808836959923
37073,0.26321520584891506
37077,0.009005949323648262
37078,0.0034615276031852073
37079,0.011881455182522057
37081,0.03801772960913887
37082,0.0041109334917764214
37083,0.015578797449662618
37085,0.02337693586554535
37086,0.013250786144542281
37088,0.026092726083828087
37092,0.0036834672920633515
37094,0.011660411691588456
37095,0.006106427407240265
37098,0.03320994685738517
37099,0.0032195604514416573
37103,0.003040904303713579
37104,0.005986379690757876
37105,0.04727666383120736
37106,0.007280924814111384
37109,0.01557664502729004
37112,0.2030000417414741
37113,0.026092726083828087
37115,0.004423736738921709
37116,0.019432125753613458
37118,0.030338437102744392
37122,0.05295582800797024
37124,0.005271773897704875
37126,0.010367141698326032
37127,0.011402959667019177
37129,0.005574636873976251
37133,0.21150312017786566
37136,0.0029514309876943518
37139,0.003733319028800475
37140,0.003700482927164637
37142,0.006444374953639529
37143,0.006215754681032247
37144,0.004203259317300284
37146,0.0035681720240327347
37148,0.020769930116800707
37151,0.0032306071616992477
37153,0.07175402282610581
37154,0.004273405823184359
37158,0.0033686296370610542
37159,0.006355988557283189
37161,0.03459537651067348
37165,0.0030345685789920527
37168,0.004749710718743076
37169,0.011132472901218366
37173,0.017716243348023984
37175,0.0029973400215080564
37177,0.003722710473900822
37180,0.006033391899622044
37182,0.009089262385763325
37183,0.18305873374329637
37185,0.006127840175810144
37188,0.011985547291014313
37191,0.2534477220879845
37192,0.014711985933313337
37193,0.008708473068761319
37194,0.0036981422394841094
37197,0.03992202684361203
37198,0.0047215489216451524
37199,0.07043810550098785
37200,0.21086925591810524
37202,0.009470874081799455
37204,0.012459998305238308
37205,0.005194069963655508
37206,0.011444780779015406
37207,0.004369854913384628
37215,0.03168533713478737
37216,0.004093221482193976
37217,0.1995671915572851
37218,0.005759857777019429
37219,0.0033788952638086262
37220,0.19770343085743095
37221,0.035709351706496605
37222,0.19562038667017426
37224,0.0167997403564241
37227,0.004028892451014822
37229,0.003731614366612571
37230,0.013223248731765688
37231,0.0512286567544035
37232,0.003701788105335478
37235,0.06858738964574715
37236,0.18005695948627992
37237,0.049057784230223514
37238,0.005154922268422972
37239,0.020640676065721182
37240,0.2031428837280708
37245,0.0033328598515773114
37246,0.08292486813082925
37251,0.0028737456487203544
37252,0.021116784721376052
37253,0.16228894909211858
37254,0.003118301779005647
37255,0.011735190424709946
37256,0.004158300909013086
37261,0.13163912706664374
37265,0.011214135077256007
37268,0.004273253146924373
37270,0.017008531861005545
37273,0.05276215594258737
37276,0.0827788372175008
37280,0.0032774105372846024
37285,0.018123368982980045
37286,0.010909249897689082
37289,0.0184455205858677
37294,0.029018687608912058
37295,0.004512079993004643
37296,0.2735070021951817
37297,0.01160029106655145
37298,0.0030419421072190216
37299,0.09459983824334142
37303,0.004423336138573569
37305,0.00794767610549429
37306,0.015382386167782789
37309,0.0035115625122448804
37310,0.038869626953837354
37312,0.013091101575414016
37313,0.025551260400052057
37314,0.02645345365340565
37315,0.18909851477726577
37317,0.01975239443155092
37318,0.019449918116712275
37323,0.20183987866986616
37325,0.002901792048126243
37327,0.022973562550005135
37328,0.004035521864973636
37335,0.002950140610821586
37339,0.07652166773023401
37344,0.004841468578931105
37347,0.02856375679953611
37348,0.0119499278130248
37349,0.014704565926589152
37351,0.0067240521938772444
37352,0.004115446974592649
37353,0.009311575496903035
37354,0.0033787211318839464
37355,0.02921508870700884
37356,0.00720666201956327
37358,0.16378721397552448
37359,0.021282027336417878
37360,0.004885699568946319
37363,0.03305219273567419
37366,0.1290464814940377
37368,0.003911197140503237
37371,0.038406994599238464
37372,0.0034582150418691416
37374,0.002980531256536462
37375,0.005329348477032325
37376,0.06282186371581289
37377,0.00282013415531403
37378,0.018432147821249398
37383,0.0055422474750046035
37384,0.1765144700938871
37387,0.02132731030987711
37391,0.06059556862497834
37392,0.0037867654384672
37396,0.0053588335547866805
37398,0.005595272590030375
37399,0.004570927674763158
37400,0.005090393740697644
37401,0.020690178591055177
37402,0.0070757061754249595
37404,0.026808556170567495
37406,0.028128335534740784
37407,0.017826822384879728
37408,0.005385121414508505
37409,0.046406583214577066
37410,0.0031995996505854813
37411,0.17008843862832052
37413,0.048406340602740225
37417,0.016672148412786972
37423,0.003252251234785189
37424,0.003539777878015745
37425,0.010296397470905135
37428,0.020043849391470674
37432,0.1268899622243907
37440,0.13372628318313423
37442,0.03414853548156049
37443,0.0036101562568303857
37445,0.02161370955116356
37446,0.03884833624021621
37447,0.0404851995864273
37450,0.0923899230654671
37451,0.0031441054678723493
37458,0.07240683183295347
37459,0.0036502192664821386
37460,0.013628020008362988
37463,0.02304217016022375
37465,0.09361374899211232
37467,0.025040978936628492
37469,0.003247079568169887
37472,0.0066984841780329445
37474,0.2775585194134104
37475,0.17472197264456898
37476,0.005995025339325817
37481,0.050101835205935655
37485,0.004371494717318816
37487,0.08859736330438743
37489,0.08176542467289417
37490,0.1419195120755932
37491,0.05715260760247401
37492,0.023925769136655096
37495,0.01828417639903633
37497,0.18211555142921337
37500,0.01245496350447335
37502,0.06530572533195397
37503,0.0028641679732116765
37504,0.0032898478434097377
37505,0.0034614485862520315
37506,0.012738339141754226
37508,0.09240552613795326
37513,0.03932461799102206
37514,0.01535277228726849
37515,0.009276216317219173
37516,0.029001445987738707
37520,0.01373053222277756
37532,0.06818977420925065
37533,0.06399141865906233
37534,0.018318894381730767
37539,0.031180167542005872
37540,0.011205909076752426
37541,0.003461771065046097
37542,0.27093842607456176
37543,0.29562293750421215
37545,0.0267934325060476
37546,0.009067576086941788
37548,0.00877338242244631
37550,0.003390786786936885
37551,0.017560451272578333
37552,0.01123263959145349
37553,0.004129484872573145
37555,0.003620933588293612
37557,0.0029483108919553746
37558,0.022872539190927382
37560,0.004010329918992913
37563,0.004677432336549078
37565,0.24713696764984094
37567,0.012054727542082687
37568,0.0054806684667418944
37572,0.007724933973256839
37573,0.02094081269505415
37574,0.04775905293773924
37575,0.0053665408667873445
37577,0.003028970158620121
37579,0.003300101169350881
37580,0.004075909855228273
37582,0.0031631359503037156
37584,0.02799777791213098
37586,0.003733318981281413
37588,0.00916592634476706
37589,0.014653297493468005
37591,0.02040886115939413
37593,0.022201898336603677
37594,0.005000106628096501
37595,0.018798272981534754
37596,0.00297761350153755
37600,0.00603328969467964
37601,0.04628215230595904
37602,0.07869852182259074
37604,0.028567764812066958
37605,0.100046132762548
37607,0.04876814248391536
37610,0.20916765691945088
37611,0.04199774379607015
37614,0.005564397479889354
37615,0.0038008716353794716
37617,0.030444664525559224
37618,0.004037782732381619
37622,0.011486015787451113
37623,0.09518718200980093
37624,0.010552835785314208
37625,0.01525144462547968
37626,0.03092901405028878
37632,0.030355513204920727
37633,0.006775136343613321
37634,0.004813396252284251
37635,0.011897132698056798
37636,0.029770051821526405
37637,0.008704763576791969
37640,0.003671136901703121
37643,0.03466246692533067
37645,0.021652506909292303
37647,0.03246153804668915
37648,0.06542469870995837
37650,0.006615030354233529
37652,0.03396226475048783
37655,0.005511669284252556
37658,0.12863181786154876
37661,0.004747264129198944
37669,0.07680223290769954
37670,0.07890150757186389
37671,0.06846462521976805
37672,0.06790787423834532
37677,0.008573815287121787
37678,0.012926926583037547
37679,0.0129648406791565
37682,0.02280014260788737
37683,0.0038861387338780047
37684,0.005470392911827094
37686,0.0038550403470936014
37688,0.08922574960638043
37693,0.024429090932173242
37694,0.005365411725886322
37695,0.00450055202418344
37697,0.00820335795032009
37698,0.05829945378426711
37701,0.0035312604429940165
37702,0.004036981189068335
37703,0.07516349345134238
37705,0.005753862989381136
37706,0.008326893357138591
37709,0.012959043795857349
37711,0.09989616706855216
37712,0.08796538615056552
37713,0.007340408992347205
37715,0.01292625516075696
37716,0.0053699112029472725
37717,0.018823879054423672
37718,0.04038881520783557
37719,0.003211019925951072
37720,0.07986531697951695
37722,0.004170582071710608
37723,0.008015634056571276
37727,0.172705569980714
37728,0.20281413582234456
37729,0.02152157239846908
37733,0.01009302350046117
37739,0.007157891788937951
37744,0.04174352868736262
37745,0.0028310103148672674
37748,0.08262046996856208
37753,0.003978516911728513
37754,0.007219851008951327
37759,0.009662986237730474
37761,0.00918558729374489
37762,0.23445456818299615
37763,0.005460641572213918
37764,0.018328529895450876
37770,0.011873696726905478
37772,0.013531024994629657
37773,0.005429688634571671
37775,0.19233077920490887
37777,0.022075613174089685
37780,0.003987982614903395
37781,0.006440963713268594
37782,0.04261049958865989
37783,0.14022054146115956
37784,0.0204303241242113
37787,0.01008557620498207
37788,0.019919485483712168
37789,0.005892363721270884
37792,0.004622050406646924
37793,0.004370914428386812
37794,0.0135711438303238
37795,0.01726474963270287
37797,0.01121490822406255
37798,0.0029024954066789186
37800,0.005366704090937828
37801,0.004123793209891945
37803,0.2744481677925696
37804,0.007278363449168259
37807,0.007518717376702729
37808,0.029710989825450947
37812,0.15098891867521916
37814,0.009882867391737687
37815,0.004066634874449219
37817,0.005180382879110978
37819,0.004314159241438314
37822,0.006567123085238426
37823,0.03459537651067348
37825,0.009479861284416798
37826,0.005740621112098967
37833,0.003690761384088118
37834,0.0668503310002008
37835,0.004032832558343822
37836,0.030970470895222695
37839,0.009966176311721153
37840,0.008806231917877182
37841,0.05756528112527457
37846,0.01910202421176776
37850,0.0031887622210132445
37854,0.016031386763827253
37856,0.1321288740110349
37857,0.0036909731555228122
37859,0.0278657035946943
37860,0.09297742784390689
37861,0.00389404546068061
37862,0.011599010202862513
37863,0.030958955582692717
37872,0.07113346315862762
37873,0.004172405785118614
37876,0.003656508361634678
37882,0.014997176436154508
37883,0.01267960579625471
37886,0.10798742857817024
37888,0.015173074908450802
37889,0.046000336973551305
37891,0.010143012470495644
37892,0.00295110594735302
37893,0.004018782966796947
37894,0.003941816885951311
37895,0.005102837376474283
37897,0.00956146700577838
37900,0.003936714414821946
37901,0.00374479390394752
37902,0.0035405996225562316
37904,0.004590341498861109
37905,0.010909612284935645
37907,0.003578283023325347
37909,0.062923983019909
37913,0.011499592784356352
37914,0.003044686742652913
37916,0.03656011531328043
37919,0.13629756071667437
37921,0.0036472172389820563
37922,0.0038550403470936014
37923,0.012230311692341862
37928,0.22358926633179074
37929,0.028770547764391946
37931,0.014188127957662416
37933,0.015261771375994337
37934,0.0034392014687201207
37935,0.3021708764382521
37936,0.008637167124434438
37937,0.08389392060945619
37940,0.003915181461866649
37942,0.003949974981845209
37943,0.005398792837403893
37944,0.04878756193878657
37945,0.004846471222805959
37946,0.003436422450585135
37948,0.014740285240877081
37949,0.0033061309004855078
37950,0.05713546974659712
37956,0.014128144123943672
37957,0.01976730992580203
37958,0.010396307423219507
37959,0.006947375387551427
37961,0.08159374123580894
37963,0.01029216043656149
37964,0.003558112208249776
37965,0.04777634495046414
37966,0.004671696889046075
37967,0.018769928693752172
37969,0.005437362401703101
37971,0.012580771066263142
37972,0.025864598850496825
37974,0.011377550783758081
37977,0.010228098134353962
37978,0.10632079280756976
37979,0.013307688251691234
37981,0.03338365677328003
37982,0.04342349589079063
37986,0.03410188134162278
37987,0.0041647080324429065
37988,0.012805230443939258
37989,0.005989335687073201
37991,0.18966576902293214
37992,0.00825672616453798
37994,0.004053889093381767
37995,0.003987590556889356
37996,0.01472352982404175
37997,0.006265938038304874
37998,0.0030733469675298945
37999,0.008701298625384369
38000,0.00518734766737931
38001,0.008784330814033469
38003,0.0033419993829739538
38005,0.05381646320905348
38006,0.06533358322988485
38009,0.004225684764568347
38011,0.007721544004780374
38012,0.02119498395087026
38013,0.023976919934197503
38014,0.011853364622288814
38015,0.026092726083828087
38020,0.019634745840251322
38021,0.016167903812690492
38022,0.0030587217512336976
38023,0.2250233372943763
38024,0.005610777428776351
38025,0.003462609269135914
38027,0.020352347937701947
38028,0.03909923637668122
38029,0.03508457391488527
38030,0.18136776311799022
38031,0.013490391238291176
38034,0.099439323483686
38036,0.019751276724392086
38037,0.24101217443520387
38039,0.0035150161436307767
38040,0.009865611069452792
38041,0.02493292085256446
38043,0.0033725033151821644
38045,0.0043813432230215025
38046,0.019482307917825473
38050,0.005628051647181375
38051,0.13694610187448852
38053,0.0035694715345175277
38054,0.12934296071362703
38056,0.011606573375752634
38060,0.005650089780516709
38064,0.022195114930455614
38067,0.10894293911483707
38068,0.11729433386951799
38075,0.21898427899840245
38080,0.015501148637262986
38081,0.006019871826241614
38083,0.0043834299818231925
38084,0.02446545158133755
38086,0.022192812819669085
38088,0.029841131019738454
38090,0.032394952986679444
38091,0.0037161568931240287
38092,0.00926850668473457
38093,0.12920919679471718
38094,0.00698592886153242
38095,0.011156214085825934
38096,0.035526360177518514
38097,0.003600728650666832
38098,0.0038090796725454507
38099,0.03497191978198638
38110,0.011746251003746364
38113,0.013304182633451804
38114,0.030495927050488467
38115,0.01708854382870152
38116,0.00800937827209277
38117,0.003630683210533967
38119,0.010379934114230166
38120,0.0036552458690595046
38122,0.13468253766685995
38123,0.004610189458595622
38125,0.0035006273782670293
38128,0.003494266204259874
38131,0.1164715421037741
38132,0.007767709546223532
38134,0.049863146909447875
38136,0.003932531693930295
38138,0.18802184812897946
38139,0.007448369218024183
38141,0.10253929876472948
38142,0.015740594747136186
38143,0.010455089255812608
38145,0.08527897539882609
38148,0.020984996222038282
38152,0.009659427057273668
38153,0.007827551679751354
38156,0.0038587170646167887
38159,0.0035357975334065145
38160,0.02138322485992043
38161,0.008762192911148478
38162,0.07325937654530533
38164,0.15374021947562871
38166,0.011744243625560221
38167,0.0032594381574538246
38170,0.02558167796665046
38171,0.023302157082126563
38174,0.026092726083828087
38175,0.21111768862923572
38176,0.011729924750140246
38178,0.014676324379590138
38180,0.04917333998428732
38184,0.010640566663154468
38186,0.0038693348004416035
38188,0.007593467892048212
38189,0.006130916739868676
38190,0.011732850415717307
38191,0.003766388622594867
38192,0.004271778752332241
38195,0.031321349104786844
38197,0.011189488941945575
38198,0.035109378406597086
38203,0.2497465994151253
38204,0.013722747199335332
38205,0.04509102271570733
38206,0.176620954776048
38207,0.03764829619435141
38208,0.02826263711899339
38209,0.0066124100999173305
38210,0.005308144271862329
38212,0.06680307886350008
38215,0.08590919683405068
38217,0.0304976677294956
38220,0.0235586838069265
38225,0.00900672823330236
38226,0.008937235115436832
38227,0.053707780207840894
38229,0.19874084765749914
38230,0.007862341799578574
38231,0.007108399790763169
38232,0.0035480487931306317
38233,0.004360405789502873
38234,0.006040917013718753
38235,0.009211890722675553
38238,0.0038676370793281306
38239,0.03387526578225597
38242,0.015619522267230576
38243,0.20134887604507212
38244,0.06051234389481203
38247,0.00423547249806239
38249,0.00290893248032225
38252,0.013463947249251054
38254,0.00290660859497394
38266,0.008894764298306016
38267,0.0331294408006902
38268,0.005910268559115463
38269,0.09619356501070608
38271,0.0105823918349921
38272,0.0298164558163599
38273,0.016781523387935152
38276,0.004068536405193248
38278,0.034197038123316884
38279,0.005264254201620912
38280,0.009132346602276277
38282,0.007210723384257852
38283,0.00786318965679239
38284,0.004494359967190832
38285,0.023324600907699233
38286,0.003015958151202463
38288,0.007399259553105421
38289,0.004944901435353212
38290,0.011724517563195489
38292,0.04541467308107271
38296,0.024352038352056935
38300,0.17340602759089255
38304,0.2566243226594029
38305,0.0596659586414401
38306,0.12628190540079193
38308,0.003352685733692311
38312,0.034300408825028404
38313,0.02775890324015152
38314,0.05910465002643734
38315,0.015432184962734737
38316,0.0067820329334954315
38317,0.00631118498435817
38327,0.09090270598433961
38329,0.009896356108165144
38332,0.0035446621177131995
38334,0.003899451274607631
38336,0.03551266100763126
38337,0.0028983831511280147
38338,0.009973960144857333
38340,0.006973645528910591
38342,0.010789442912011291
38348,0.1771974842253553
38349,0.0038572808169143815
38350,0.008871616711790768
38351,0.005824705263947444
38355,0.08507280787807733
38358,0.11723597876785344
38363,0.006621304800129168
38364,0.07465648545446263
38366,0.0060808092905095396
38367,0.00404070743332728
38368,0.03158243321086356
38370,0.007245117318961677
38373,0.0110218063435113
38374,0.03472587534662723
38375,0.007825120279343198
38378,0.22551220984346182
38381,0.09804152131507592
38384,0.04176862005818153
38386,0.004335988619795159
38387,0.009680388991835886
38388,0.014761010829478099
38391,0.010150206125252198
38394,0.03471897884713759
38395,0.009991962302003258
38396,0.0192619896104519
38399,0.008280458539721433
38404,0.007490997610530994
38409,0.08263251666902573
38412,0.28616251332586523
38414,0.013096096987280861
38415,0.07575732065315209
38416,0.006707394700628557
38417,0.01118697470920998
38418,0.008589422954663691
38420,0.26963281592383803
38422,0.03263548328561756
38427,0.32936081407756834
38430,0.020640132403593723
38432,0.009136951644799761
38433,0.17809567126671597
38435,0.04169807870280952
38442,0.0145613762401624
38443,0.0036032005385075645
38445,0.017588422428391724
38446,0.06603191051917524
38448,0.008873039976950844
38449,0.00415293418875517
38450,0.0029785430015661866
38455,0.19846498127578252
38462,0.010552337380439935
38464,0.017026127558944462
38466,0.023928842006482005
38468,0.016589867260510715
38469,0.00871698549725396
38470,0.0032288785038001966
38472,0.03126572025340788
38473,0.014018355423857305
38475,0.008751462746344058
38477,0.020057443801123998
38478,0.20360125032484389
38479,0.005657262173688743
38484,0.054859649134780204
38485,0.2554220432208638
38486,0.003120144773626434
38487,0.004446790771768622
38488,0.0040444985026564205
38489,0.012709473216493447
38490,0.013659097789184026
38491,0.005052679977559195
38492,0.02352804161869223
38493,0.0036090766316295353
38497,0.007499611841773014
38498,0.03427428522946138
38500,0.06088710145396671
38501,0.014851779328042276
38502,0.006619683656551115
38503,0.07279498487074346
38506,0.0039976474614312075
38507,0.1990956067115618
38509,0.03758422990498849
38510,0.0950112899088397
38511,0.01363734229555032
38513,0.009359447002876133
38515,0.0039400369467631445
38521,0.0032546841962481613
38522,0.041167880055030186
38525,0.009335953929060321
38527,0.005817584190658006
38528,0.029834471648506975
38530,0.002894478618926798
38531,0.01278245453730242
38532,0.003013450941240319
38533,0.004868349710067955
38535,0.22078448279567367
38537,0.014229566749365109
38538,0.005122405021096287
38539,0.014667791492301342
38542,0.01722889190475471
38543,0.0035053513600451494
38545,0.05694951128835231
38546,0.020196033412393344
38547,0.042177091014594756
38549,0.002963170246974125
38551,0.03692600985773208
38555,0.031911318735410824
38557,0.00763224584409396
38558,0.005909632187782269
38562,0.10909111869647696
38564,0.02759906676121342
38565,0.043106205585089576
38566,0.04824382750606484
38567,0.005702485408204475
38568,0.04781674732014942
38569,0.005393844003061048
38575,0.048171318245594216
38577,0.07524048612667052
38579,0.03977758259777414
38581,0.005074947517769971
38584,0.011865776399697886
38587,0.021326294759152733
38588,0.010295171183083329
38592,0.06180926754054963
38594,0.016857957091451204
38596,0.0359219900438896
38597,0.008355152124511723
38598,0.003517300279026176
38599,0.038194745761997786
38605,0.004433607053113673
38608,0.003624062554378576
38609,0.07938494116140785
38610,0.039333812604246794
38611,0.004024621019477774
38612,0.008682868183664445
38613,0.040684988165830424
38614,0.01092825501564043
38615,0.01644342868497235
38616,0.012351186173126577
38617,0.08368385593848615
38620,0.004098500325141461
38622,0.06073936140561672
38623,0.01935695162420104
38625,0.01830348974935342
38626,0.011601658321954226
38627,0.0057392442974327235
38628,0.042939494604246536
38630,0.003725908219721705
38631,0.00491525375972064
38632,0.004603103560629727
38633,0.005294305291863791
38634,0.005734524309993507
38635,0.008544570356130373
38638,0.03834710448235471
38639,0.026343593319434897
38640,0.03541250772693098
38641,0.0030081523087102362
38642,0.036901415039552354
38643,0.0029409433020098504
38645,0.0589880471499076
38650,0.016111449633869793
38651,0.0496729741747719
38652,0.011136104965340359
38653,0.005203761763116243
38654,0.008597837893687425
38655,0.004170590636815545
38656,0.0033434919408085215
38657,0.002937743260467824
38660,0.011955260606230943
38661,0.205954642052441
38663,0.003951771795651088
38664,0.019285496487160998
38666,0.008715417738147005
38667,0.005476322695171732
38668,0.0337478564868212
38671,0.003570710887458993
38672,0.006748047799039098
38682,0.16958443757139052
38683,0.004343833808967189
38684,0.006692571631285442
38686,0.06562133179484134
38688,0.05038355236803546
38689,0.005420689054179268
38690,0.1720069750841237
38694,0.0040117709717197355
38695,0.005994147559461159
38696,0.0057647091884926675
38697,0.003639049089334986
38698,0.00376898813719978
38699,0.027966537579020814
38701,0.007814584157479775
38703,0.20165370969842414
38705,0.003907098481664337
38710,0.17501803186207118
38711,0.06263842809111489
38712,0.04078314811214421
38714,0.0032259468024587864
38716,0.007500692215344355
38719,0.03011822051108053
38721,0.006671840277123743
38722,0.01933009561794207
38724,0.0030500707901393326
38725,0.030074229187532983
38728,0.2907890078308177
38729,0.00330505907717726
38730,0.05566978888540971
38731,0.003935661832648547
38732,0.004456653134978179
38733,0.00336577325812911
38734,0.00345998610076816
38738,0.0037161521792347337
38739,0.0037982296088163604
38740,0.2236131901843111
38741,0.18699004524296456
38743,0.1403283774922874
38744,0.006395589552877551
38746,0.01189670979923391
38747,0.005008517168519862
38752,0.0029827412964999653
38754,0.09710907634677143
38756,0.003434784158570288
38758,0.008363298644202134
38759,0.0666534474780746
38760,0.3147252356181709
38761,0.06949560612144896
38762,0.05470329190115248
38763,0.0069312337657988716
38765,0.0029387981315330556
38768,0.003265341915476122
38769,0.010228020575746207
38771,0.017498552999275028
38773,0.009008375427097296
38774,0.0038335820274347765
38776,0.0037470258398835726
38778,0.035001625209288026
38782,0.003526000348008358
38785,0.00645007399368376
38787,0.004066392143747356
38789,0.0364702003099221
38792,0.0029858484411342447
38793,0.22175869223089403
38794,0.0680733154042585
38795,0.18693545278726778
38796,0.0037136828693896135
38801,0.002903624999854014
38804,0.007588035539415553
38805,0.007131170977798843
38807,0.09171204011453347
38808,0.005197439532859807
38810,0.21944097487065237
38811,0.03465880341995917
38813,0.005042545172825738
38814,0.005329349651488779
38816,0.004693158985171104
38817,0.009298980301482119
38818,0.009770349991335935
38819,0.00740634901476183
38821,0.006991785132660359
38823,0.018028628640451794
38825,0.15902745593103576
38827,0.07536494864902855
38828,0.0029583558107362505
38829,0.011849562418251013
38830,0.00288556243267213
38832,0.005540120425090526
38837,0.0030015350473203465
38841,0.026092726083828087
38842,0.007856459097966948
38844,0.004859346191565863
38845,0.06686294940358017
38847,0.10147694416174677
38850,0.056081879523331775
38854,0.03422078424095242
38856,0.01860026373836345
38858,0.1964581374304704
38859,0.0599682190104056
38860,0.04765438940996713
38861,0.018133961115255465
38862,0.0028646152188384383
38865,0.017643866685426557
38866,0.0032068092197636193
38867,0.006591734393457528
38868,0.08684986973500056
38872,0.03147875515254403
38873,0.025185902851269037
38877,0.055092652200403755
38878,0.021570077250892543
38880,0.0035774832568815137
38881,0.026092726083828087
38887,0.0044043209347076045
38888,0.08301813157563373
38889,0.01602700221323924
38890,0.011525803584398189
38891,0.0052666247801831855
38898,0.0035935279923768864
38904,0.005215689650375996
38905,0.006444374953639529
38907,0.1535251179802144
38910,0.0039549824992594655
38912,0.09283874387077148
38913,0.0029868315603652387
38915,0.004782818730501111
38916,0.006804704093422214
38918,0.006737813912494719
38921,0.022121863397477667
38923,0.04199774379607015
38925,0.0034649730391812647
38927,0.0030449297888793816
38934,0.0037408843485859863
38936,0.01803595132456921
38937,0.003584256321567196
38939,0.0034471169767771974
38942,0.04209218362599581
38943,0.0037751829819168956
38945,0.006752886136937631
38946,0.004469828069958999
38947,0.014825465100102426
38948,0.0028696161244355263
38950,0.04023020608598866
38951,0.008664622470233401
38952,0.6471524436209034
38955,0.0030160012851609265
38956,0.11134190064550487
38957,0.004100305767225421
38959,0.009226152222266767
38962,0.01677657988814
38964,0.03255715747231371
38965,0.04343508025859289
38966,0.010049204923446058
38969,0.19527076637220991
38970,0.22650767272605032
38973,0.00885413023715456
38975,0.003703382032491975
38976,0.014518794196751773
38977,0.00491719027186529
38978,0.02360813518144663
38980,0.23066551030139815
38984,0.08330333014564274
38985,0.026421906595341122
38986,0.0038043520355324646
38989,0.028891354995035135
38992,0.005727306280528152
38995,0.08044548552196086
38997,0.03009615241831979
38998,0.0046474024803827224
38999,0.011054534345535107
39003,0.15911023645420572
39006,0.006108453379413688
39009,0.111120637894516
39010,0.07306223490278207
39011,0.01025338603807048
39013,0.06138869086209709
39014,0.00848060114479854
39017,0.025181832858213193
39019,0.06596440024127215
39024,0.06148353070367434
39026,0.012367636002169929
39031,0.17364165507133458
39036,0.03543544049085702
39039,0.003547603181968979
39040,0.01839134023187294
39041,0.005137136169195791
39045,0.009451583585760455
39046,0.009657055197380549
39048,0.007962697574916473
39050,0.007393857326090318
39051,0.007052022267905315
39053,0.00900891951612776
39056,0.004457797410044678
39058,0.1895327253542309
39059,0.003516732143983671
39060,0.003818796292450809
39061,0.026092726083828087
39064,0.2917965842400013
39067,0.03162084949141416
39069,0.028672020537603416
39070,0.0529040091572896
39072,0.008091153076735136
39073,0.005880930446253514
39075,0.0033034809182978194
39076,0.007384093356170705
39078,0.00692734594834833
39081,0.05021060903630221
39087,0.052964400444900375
39092,0.006423802419824954
39094,0.00938277994673651
39096,0.0836791667115706
39097,0.007321774852040676
39099,0.005111742259873884
39101,0.012474949051493345
39102,0.05677680319282513
39103,0.0037470258398835726
39104,0.01289680775331863
39105,0.11184277964181268
39107,0.024527996718585875
39108,0.11896882580324727
39111,0.13349538893930077
39112,0.022131905555533425
39113,0.01814636709167483
39114,0.0038751732362704524
39115,0.004067378486990736
39116,0.12349682458087825
39118,0.008346365978911594
39119,0.005673676946687262
39126,0.014329377965835884
39127,0.003631040385845919
39128,0.0229016810531327
39129,0.2341287263054033
39133,0.0544838841118097
39135,0.015628602289172067
39138,0.03141172921923372
39141,0.1920795882142341
39149,0.058324097769648336
39151,0.003234777997907098
39152,0.09051750299424267
39153,0.07132777140098093
39154,0.020006199572633224
39159,0.026092726083828087
39161,0.003936243134882962
39163,0.009903019831622464
39167,0.09677732765152323
39171,0.07588762067469848
39173,0.00334907048954117
39177,0.20321000748277632
39178,0.021171859779120988
39179,0.004671203363321954
39184,0.05644206221910641
39187,0.0328458600648999
39188,0.003403667864963943
39189,0.029428730795065222
39199,0.30108635889962004
39201,0.01767155278251908
39210,0.027243954117048268
39212,0.02079137491797037
39216,0.011801108166233552
39217,0.024666266075739397
39218,0.09140736588042202
39219,0.00376340385794559
39223,0.005122834304656992
39225,0.003340336904930967
39226,0.031786719181620425
39228,0.09506608355339789
39229,0.017769194794364666
39230,0.00449684666500608
39232,0.01886361564579292
39233,0.004020930200883429
39237,0.005371326540984393
39239,0.005211182860497709
39242,0.004728172465596496
39243,0.010445016694928502
39245,0.04498906549321812
39247,0.05279569325514709
39248,0.00819567089025451
39251,0.005870313281451915
39254,0.11704807659005843
39255,0.0039358804155331635
39257,0.09833240875777367
39258,0.004617190397719119
39260,0.004016012239995823
39261,0.0034501283376228093
39262,0.059299056923574775
39264,0.03750452615613674
39269,0.017360563801991028
39270,0.013504107390376134
39272,0.010414204942204887
39273,0.01639779842085525
39274,0.0069333376125594245
39277,0.025040978936628492
39278,0.02004158520454112
39279,0.03515506683954225
39281,0.021975602540284318
39283,0.007330945596795361
39293,0.025040978936628492
39296,0.008717009264110245
39299,0.006541278184815501
39301,0.007642218061671411
39305,0.21897002966467
39307,0.029786345723592948
39308,0.18293339871982153
39312,0.013751811162361696
39316,0.2548940643062961
39317,0.010609309573134518
39318,0.010572424625266601
39319,0.015541534835326606
39323,0.01132157939691721
39324,0.003190279680669889
39325,0.0028771562689498447
39330,0.002955410161487027
39331,0.0034351500342078953
39332,0.004620300471758152
39335,0.022684073230968518
39337,0.03756745512939824
39338,0.1318314961324837
39342,0.0029244854990747825
39344,0.0037026892035436814
39345,0.00675485122471803
39347,0.017154877497427848
39348,0.08548079779992812
39349,0.057979391223827
39350,0.04316615366819195
39351,0.09209238780329088
39352,0.006006181555890197
39353,0.014482106290356359
39362,0.008768421533336746
39363,0.009694853502853675
39364,0.004362613466474719
39366,0.0036308235001643084
39367,0.09133654821754661
39370,0.2736163378053152
39373,0.005025350311269355
39376,0.0037929137886675416
39378,0.05115925288243123
39379,0.11910175130070928
39380,0.012078715084874158
39381,0.021568532405920063
39383,0.08949142932471904
39384,0.00347910077384385
39387,0.0037326393894516106
39389,0.037299403015269746
39393,0.018261360042261178
39395,0.19126847479597836
39396,0.0029524369146595444
39398,0.003954349637409768
39401,0.008573456539750338
39404,0.006244778298908783
39406,0.11640916364447124
39408,0.007415242074423573
39409,0.005599334144408132
39411,0.04199774379607015
39415,0.03856839501447326
39417,0.024642583180072668
39420,0.004110928535660232
39423,0.004057934364077707
39424,0.16718888128584253
39426,0.11127703172355354
39427,0.1419904859732344
39431,0.031132887119389798
39433,0.003620843579823938
39435,0.028507790301296288
39436,0.0052049957247003575
39437,0.02243538980575603
39438,0.08128082504943915
39442,0.13087848344420913
39443,0.0038400725412350697
39444,0.027835912566297003
39445,0.1920795882142341
39447,0.003908607440988532
39451,0.004530723504301392
39453,0.026092726083828087
39454,0.004953579545925764
39457,0.009874706182360927
39459,0.018888305703609796
39460,0.050542300261847375
39461,0.01826594004225213
39462,0.004035258549085635
39463,0.19295765191818748
39464,0.003970991269952062
39465,0.07575732065315209
39467,0.014872528360760676
39471,0.09079095136747205
39472,0.005540399114816486
39474,0.007889245971143115
39477,0.004468352514833793
39481,0.005149815445933562
39483,0.18699004524296456
39485,0.026287565971137572
39487,0.007938433328682716
39489,0.0038505948403526635
39490,0.09216777142466345
39491,0.03773852367265697
39492,0.004825901461179403
39493,0.004175661115522104
39494,0.0029235182591846698
39495,0.003718131271011349
39498,0.0034265615794456927
39501,0.0037008540305254224
39502,0.003959455085069612
39506,0.003443764625116682
39507,0.1593138921492533
39508,0.0053456287440786605
39509,0.22248748386481498
39510,0.08410122062830463
39511,0.010234444650262669
39513,0.003697958584775431
39514,0.01464205203674194
39515,0.01567519077504573
39516,0.007455517049245246
39517,0.00576887579392201
39520,0.1248159343315295
39522,0.007046581540368605
39523,0.003811571952251008
39525,0.0029609963431782523
39526,0.005459428719535855
39531,0.004442787854185535
39532,0.003951868948526436
39534,0.0238871232781729
39536,0.03422895777731772
39543,0.003762500070626657
39544,0.007391410965259391
39545,0.0030603651020909496
39547,0.027533035897302167
39548,0.04815512866972471
39549,0.004187165123566195
39550,0.003823527822212139
39554,0.09486162189602121
39555,0.019337303204239105
39556,0.062128956843621366
39557,0.003763901951218148
39558,0.006781690204967455
39559,0.17456868789580268
39561,0.18897186335703936
39562,0.0248862473261108
39563,0.0038220239868786876
39564,0.011743678575603251
39566,0.04840611664975105
39568,0.0039665869029146695
39570,0.016210298625456084
39571,0.008440482744636974
39572,0.06116732667167627
39573,0.007923172189810862
39578,0.0029315450929867913
39580,0.1251299145044097
39581,0.0034920347024166866
39582,0.026325753102994617
39584,0.03558193064101645
39585,0.0033118490710371444
39587,0.01139253149360005
39590,0.036913646817798164
39591,0.0087753473956053
39594,0.006038814115398062
39595,0.04614782871860738
39596,0.17815737626703235
39597,0.014985300165449671
39604,0.02570530068999614
39606,0.010241594966612621
39607,0.010554739083454725
39609,0.05031124676386915
39610,0.01896666245055758
39611,0.06187145568533727
39613,0.0028443120883518734
39617,0.0036887419598595843
39619,0.21328290026828323
39621,0.01301888989089848
39626,0.004547323885643124
39627,0.04783370277868338
39628,0.006030135271208152
39629,0.003645484788845874
39630,0.00404253470814446
39631,0.022578976400023897
39638,0.08822225902384098
39639,0.050804608276057844
39641,0.0033668497352181397
39642,0.07696675046698682
39643,0.1820244965913114
39646,0.0046281095422909925
39649,0.0037470258398835726
39650,0.06670393091130969
39655,0.002934388257731497
39656,0.03225551836811478
39660,0.009732327064951172
39664,0.033198947715544234
39665,0.10766039036660498
39666,0.10020469079609794
39668,0.05628896387606327
39671,0.021175063276008325
39672,0.053645236896932305
39675,0.008031184686493548
39676,0.006912306553452218
39677,0.01710755191027854
39680,0.003422263508721061
39682,0.08894941722720512
39683,0.008778633636803103
39686,0.26382390444883275
39687,0.20143512070162561
39688,0.0059998359670593825
39690,0.04980558239953985
39691,0.0460986500926795
39695,0.003315347552177575
39697,0.0035696678401783634
39698,0.022560183961021753
39703,0.025040978936628492
39709,0.07961044541381744
39716,0.13149164343553277
39717,0.08361945898024552
39718,0.037201760206882546
39719,0.014659474767170836
39722,0.0029725172310745064
39728,0.007153430962469272
39729,0.052409212135207724
39731,0.003034897449083873
39732,0.004055941571399897
39733,0.0034075008395473747
39735,0.08963072499165933
39737,0.01049215140495392
39742,0.006806680180570486
39743,0.006782517510284041
39744,0.10139275472149356
39745,0.05021037728436635
39746,0.027499705550115282
39747,0.0036733851792683197
39748,0.004117515764755988
39750,0.010521242058248295
39751,0.005200153484514316
39755,0.02166735180060039
39756,0.005481966810129777
39758,0.0036307817879731447
39760,0.006376344467609305
39761,0.00616129343376735
39763,0.0036500185508184266
39769,0.12590019903489144
39770,0.24605014926260133
39772,0.014358230964197154
39773,0.01130528612969837
39774,0.16755537743385376
39776,0.010053353266535121
39777,0.005616874287319583
39781,0.016922505726051154
39783,0.008780449142828425
39784,0.036588647109244116
39785,0.013549597774434197
39786,0.061266411523538074
39787,0.023330474015778056
39789,0.019634761381948196
39790,0.007173172983749184
39791,0.0034824144173624333
39792,0.051661287409763904
39794,0.023470087819276026
39797,0.009875243785276922
39798,0.003607734646025296
39799,0.003595648304357009
39800,0.0037413531950563485
39805,0.01001839744609578
39806,0.009667875349235402
39807,0.004538968684459261
39808,0.0039414675368472886
39809,0.0033049510611351707
39814,0.0063235095699530975
39815,0.0309361481847271
39818,0.0030599069635525076
39819,0.006931902180882334
39822,0.00351178644280287
39823,0.038392311320514926
39827,0.0037428755843395265
39828,0.006842909823280351
39834,0.007760113773441603
39835,0.018812966125053246
39837,0.035331385458613224
39840,0.008137519484209026
39841,0.00368753941591103
39843,0.003128112910882652
39844,0.010067469417958207
39845,0.008703798732105847
39846,0.07470104174659543
39850,0.004142880750566011
39858,0.0029678306109387617
39860,0.029955666079281913
39861,0.0038949101527115467
39863,0.016976006172337618
39865,0.027586175236032455
39869,0.005206363233703526
39872,0.0043002895545679485
39874,0.004036641184450487
39877,0.006086892698602591
39878,0.015499141552642006
39879,0.008813596977974313
39881,0.003780128799938246
39884,0.005185155059357195
39888,0.008958472528904025
39889,0.0987251805970589
39890,0.014657979004262654
39891,0.09352586832996429
39892,0.2008359102268081
39893,0.29667881754207287
39895,0.01038617190040374
39896,0.014144220553750352
39897,0.006371248579642913
39899,0.010554526287553464
39904,0.006342922440299025
39905,0.007561997852317459
39908,0.004333133557962286
39909,0.012844403463797734
39915,0.2005732993591157
39917,0.20663552560371953
39922,0.04181845085781763
39925,0.03105410812341474
39927,0.11319175975129796
39929,0.012157282580278357
39933,0.007064479500146162
39934,0.0028414533049258444
39939,0.008920907508412703
39943,0.012995181707572231
39944,0.07252492814042254
39945,0.0823833450876309
39947,0.12105854790433193
39956,0.01100643175794748
39957,0.012247776132110505
39959,0.013213059358265984
39960,0.20037173314349033
39962,0.009871319978268279
39964,0.22532901963758858
39965,0.008697405988277614
39966,0.0070696152726472845
39970,0.026092726083828087
39975,0.013616838974509066
39976,0.005820470854389503
39979,0.0036243041947803083
39980,0.003147089644764465
39981,0.18364211794356264
39982,0.006212230777175676
39984,0.003966594790345485
39985,0.003360864545862484
39987,0.0059895977834911315
39988,0.008779953057399767
39991,0.15259295405940682
39992,0.005498911001487539
39993,0.003501142209535077
39996,0.006444384697052211
40000,0.015266822044621563
40002,0.09997513454192006
40003,0.0032859566464352834
40006,0.014705731790283656
40007,0.16686622178483007
40008,0.008129421615232774
40013,0.005011270048497153
40015,0.0036163149086932303
40016,0.06805187537081352
40019,0.00421046925107502
40021,0.006932705657037019
40022,0.03513951107764468
40025,0.014054662013740974
40029,0.010704867753988047
40034,0.01303558411056506
40036,0.09934115981516063
40038,0.003500024824955039
40039,0.03546682295583744
40040,0.15051105854172406
40043,0.04200225545711306
40046,0.006175238624693901
40051,0.009780528537004089
40054,0.010071300854254537
40056,0.0076152141384363495
40057,0.030107933390197152
40060,0.005842144040813448
40061,0.008030472851557297
40062,0.0036339247955725854
40063,0.011303699966935206
40064,0.03720954265678292
40068,0.00597542535920831
40071,0.0030437623849553118
40072,0.015751138656654017
40073,0.019065455761379763
40075,0.011246447785447289
40079,0.0037413287500009085
40080,0.00558449055398308
40081,0.014062808742479864
40083,0.039499760669932514
40090,0.004860268374463456
40091,0.03204529609344612
40092,0.0037704199779414987
40095,0.01100211362579502
40099,0.12680811320172036
40102,0.005151747543639716
40103,0.07500382455529304
40104,0.008651938796152154
40105,0.00491666289570966
40106,0.026092726083828087
40111,0.01923795765925049
40117,0.0032398377621892537
40118,0.004051448438605152
40119,0.007585172391142704
40120,0.003828401271114266
40124,0.003955369703831353
40126,0.0036114646597810575
40127,0.003996648607614829
40129,0.023090688734520647
40132,0.004841396364438068
40139,0.004241035085997774
40141,0.003230732623083139
40142,0.0040007285767376865
40144,0.005854931258324993
40145,0.12232981060090362
40146,0.037884614922738515
40147,0.004052741173799828
40148,0.015577793233394943
40150,0.009903019831622464
40154,0.003083298215507266
40155,0.0028886096301509933
40158,0.1599250321539005
40159,0.19541955160547106
40160,0.010790095683335816
40161,0.0037759580689170564
40164,0.009741249487011714
40165,0.12318031535458189
40166,0.0038790828124604074
40168,0.009381976123620878
40169,0.00533008458114068
40170,0.002988298530914584
40171,0.010658787449313756
40176,0.0037176104990781825
40177,0.04199774379607015
40178,0.20219086833201716
40179,0.010924651550801487
40180,0.0034527547102663637
40183,0.024053942172313613
40185,0.0065408702552760935
40186,0.178155445963874
40189,0.2767971846622445
40192,0.037943083581940554
40196,0.00371220277447644
40198,0.003810359859912508
40199,0.22314913369908937
40200,0.010126748364363145
40206,0.04304847461769414
40207,0.009612891774146617
40209,0.1736615700031206
40210,0.02362697412776591
40211,0.003718131271011349
40212,0.003679573024841296
40214,0.0059068202102740735
40216,0.004738190658098692
40218,0.054951247676397356
40222,0.21556377868672294
40223,0.004621776121654183
40226,0.003197581429468968
40232,0.0071824944392360835
40234,0.08525846528772062
40235,0.006079815163087725
40239,0.04980970724161689
40241,0.17648252332852132
40242,0.02947511783142316
40243,0.06497241645613576
40244,0.0035473582149848464
40248,0.003695673786377384
40249,0.004168037380730152
40250,0.06660567943613331
40251,0.01580626452904548
40252,0.1767022435138391
40253,0.005412777384233888
40254,0.005284566781678797
40258,0.06843813209373183
40259,0.004267570083404451
40261,0.006095714078009604
40262,0.008437120362794624
40263,0.20219086833201716
40265,0.003718131271011349
40266,0.024097259376831905
40268,0.19255471723159678
40269,0.02827653375062577
40271,0.00386091614429216
40274,0.0050229008094518695
40275,0.21052577437600642
40276,0.004270430712920606
40277,0.08267916127353801
40279,0.005281758647787487
40280,0.10385266917529516
40283,0.00404616867739029
40284,0.08183885519181311
40286,0.20294520519736825
40287,0.09797066314695463
40288,0.004538599526176354
40289,0.02364115340643086
40291,0.01002539609387588
40292,0.006705140454052083
40294,0.012564788683985646
40295,0.003707219632237739
40296,0.04912021883641607
40299,0.0208296596824273
40300,0.003138265432725575
40301,0.2334523896283508
40303,0.030358304403780314
40305,0.015675643146042126
40306,0.0029462349300450265
40307,0.0049665754277879405
40312,0.03164222528563303
40314,0.06870133545220655
40315,0.0644505978067133
40319,0.3085378548408069
40321,0.004251309270825387
40325,0.1189899713066835
40326,0.004241243104231555
40328,0.006947089441084677
40333,0.05119153899771202
40334,0.009662112461543658
40336,0.0038988395063371986
40338,0.014111838681987012
40341,0.003318801970820354
40343,0.009689062404804402
40345,0.008570385909393408
40347,0.004684445122696135
40348,0.016999798886843737
40351,0.003947367590012332
40352,0.010388595743454387
40354,0.009868127133260796
40356,0.004617295554252768
40358,0.003081258861327596
40360,0.2575909144814234
40361,0.0031228579870154175
40362,0.005766092097467689
40364,0.010281484452051069
40366,0.003966285456960216
40367,0.018001640962804787
40373,0.0035526285777836945
40375,0.029465930161338937
40377,0.007139629640791182
40382,0.0076277789782386455
40384,0.00870924553964464
40386,0.003356381765099819
40388,0.3744858722840183
40393,0.003339237021318115
40394,0.0035519487755315037
40396,0.02559029382436569
40398,0.009602712993480294
40402,0.003293660366145241
40404,0.00315810538834352
40405,0.003981605291784309
40407,0.009050087478671595
40408,0.11647344814843072
40409,0.0035535589351605463
40412,0.03459537651067348
40414,0.005480061853600299
40415,0.0041007917943955575
40416,0.008642187462812001
40417,0.0043099453318369875
40421,0.020612461384317812
40422,0.016331146225633992
40431,0.011843467128548411
40435,0.07821930787175468
40439,0.004458654667296659
40440,0.003506126857848869
40445,0.006361335276725881
40446,0.05146063189612805
40447,0.0350509019133252
40451,0.0036548983416192964
40453,0.021791821604035692
40457,0.0433640413462578
40459,0.005148689509738
40460,0.004762674160155859
40462,0.003608482557307568
40463,0.04419348677521399
40464,0.006831744676118473
40470,0.019476300598122036
40472,0.0038064122997106616
40474,0.006369113800846321
40476,0.013487071825117852
40481,0.008950008189060173
40482,0.005216872655253528
40485,0.00784369322444752
40487,0.23194130264589538
40492,0.017161961333982494
40494,0.003269660489274964
40496,0.01320559667463756
40498,0.022091970901406306
40500,0.18929685787806286
40502,0.005030803033666485
40504,0.008784096456665155
40506,0.0039206108403637835
40508,0.005994123912235381
40509,0.011949906445410437
40510,0.00333259574626844
40511,0.03676366245786571
40512,0.00531935520774875
40513,0.003504295687440477
40514,0.004444329020410628
40516,0.0054608931512875976
40518,0.0047205804528637684
40520,0.04080952268860512
40521,0.01611901927410543
40526,0.004011383048723242
40527,0.0028967421068627226
40529,0.0037239802108679967
40532,0.03448017652817549
40535,0.021135957206791622
40540,0.04889370580856394
40542,0.08001406811025003
40543,0.01267914597106799
40545,0.00349664764866763
40546,0.010380670011144712
40547,0.1067254275014145
40550,0.03422944440384384
40554,0.0036844122682709703
40557,0.13142791692700675
40559,0.0077211503009003216
40560,0.012188993072283003
40564,0.026092726083828087
40566,0.008304271092365739
40567,0.06413414863059169
40568,0.0037355717629616206
40569,0.03204529609344612
40571,0.009451583585760455
40572,0.060473764148525934
40575,0.014036133551975518
40576,0.17631642974849365
40577,0.01411065231935701
40579,0.03301045247365587
40580,0.010379364002433977
40581,0.0029388109526845407
40582,0.027389361321560685
40586,0.00831426876738385
40588,0.009326633560316695
40592,0.011851432849468331
40594,0.15234453977699336
40595,0.023273439553804173
40596,0.008489781216923056
40598,0.005291455518635419
40602,0.05868625552841986
40605,0.02669276797656829
40607,0.03067008333464878
40609,0.17673486346658768
40610,0.04750179208426951
40611,0.014665989167178269
40612,0.023518346132974675
40617,0.004041827766895916
40620,0.003613706772201581
40621,0.022612522241415328
40622,0.020665559444652662
40623,0.003133203730812529
40627,0.04378663111475782
40629,0.008300744027497656
40630,0.005690176468295296
40636,0.020167587199666416
40637,0.021895329677397206
40638,0.01035045647080379
40641,0.0037096509740944584
40644,0.005039892203279548
40645,0.0038555079688179384
40651,0.02459154293950353
40653,0.04018269520076715
40655,0.005496605783198038
40656,0.012740880691812692
40657,0.026092726083828087
40660,0.039520009580925324
40661,0.0029673529650185433
40663,0.003966282425486932
40664,0.003954242858715438
40665,0.04220452356245497
40666,0.0800344874652314
40667,0.005437231199897485
40669,0.008703574215871996
40670,0.022080202871276572
40671,0.015064883604995865
40673,0.06252190952006279
40674,0.026092726083828087
40675,0.006064014846749855
40679,0.03653720352348402
40681,0.006966754424872556
40682,0.008986079662718603
40683,0.23557445168109967
40687,0.003329349981189352
40691,0.010205692552435268
40694,0.00390742100538258
40696,0.007913680258603248
40699,0.005716886504172462
40701,0.005767706120101717
40702,0.004210379882119612
40703,0.24994574453016496
40705,0.016340112611068578
40706,0.009760228333591121
40707,0.050593732325962086
40708,0.0035521355992952346
40713,0.08186493471174612
40716,0.083442595992875
40719,0.023651406119326382
40720,0.003552143485142221
40721,0.003029099137756407
40722,0.06319069858417475
40723,0.020553869729303755
40725,0.02199689794269344
40730,0.05279569325514709
40731,0.10402537667444375
40734,0.0036649867610339055
40735,0.006505732903398501
40737,0.003241328077418443
40739,0.0073432990839880155
40741,0.19527076637220991
40742,0.031026298668570883
40744,0.11510579954161837
40745,0.016000415832146953
40749,0.003938331664967549
40750,0.0029263567697570005
40752,0.04507733619916669
40754,0.005072465023079891
40757,0.01560655551971282
40758,0.0034174599131443334
40761,0.004388898851280653
40762,0.023512847183620674
40763,0.03237515731837927
40764,0.01900864593941458
40765,0.008533420513879736
40769,0.0040076934332197115
40771,0.004598471271512767
40773,0.015217345718885096
40775,0.0227940245028198
40777,0.04200292069756693
40779,0.26212370463692264
40781,0.055326079894846704
40783,0.039365578106515864
40784,0.014127702946034547
40785,0.005360932742983397
40786,0.03459537651067348
40788,0.0038818148784587297
40789,0.19541955160547106
40791,0.008807888012150999
40792,0.05722081629644245
40793,0.01006753260296848
40794,0.0033708077073116996
40796,0.010859188545828702
40797,0.0030505185529375797
40798,0.04492671376589723
40802,0.003547585484537934
40803,0.005668726704110239
40805,0.24394401894868858
40806,0.0070277539936266535
40808,0.08257657698896434
40809,0.03118561052444493
40811,0.0365850776313272
40812,0.007447428608196249
40814,0.0041490753312087535
40815,0.15656961424362112
40816,0.20516259775247755
40818,0.015870588222350147
40819,0.22196587580513463
40820,0.03399589469228654
40821,0.00420669695774759
40822,0.08574772106810384
40824,0.003026537969884952
40826,0.010389402191856136
40827,0.0036018990845924992
40830,0.1421964287683775
40831,0.2226847008482752
40837,0.0033434411682078382
40840,0.010659992031883678
40842,0.003055024038833423
40845,0.004286611541889772
40847,0.060512355100547824
40848,0.004789847083078468
40850,0.00815028691793151
40851,0.003594931154291157
40852,0.039284996533452764
40854,0.031001061539708268
40855,0.00853958361969058
40857,0.004193061664230977
40859,0.008423646910069388
40861,0.10117303166064992
40862,0.009903019831622464
40863,0.015728824032269193
40864,0.005926869548619894
40865,0.039446557688488364
40866,0.004600969318699924
40868,0.0035638932261116904
40870,0.0030151867045493104
40873,0.17235584420231057
40876,0.0032783456788937995
40878,0.004066284015206928
40881,0.0031152500726862897
40882,0.09900734562949572
40886,0.005522356245049745
40889,0.04898752066086094
40892,0.011989049923973916
40894,0.02609757440436863
40895,0.004261107791742776
40896,0.02601683539742366
40898,0.005256438254198323
40901,0.004665995124787625
40904,0.005719442722589978
40906,0.004108259729431789
40907,0.014706016013043664
40912,0.035673483961773486
40913,0.026092726083828087
40914,0.008015186536924507
40916,0.006868019332323389
40917,0.0033339531200962803
40918,0.0038275714881681605
40919,0.012480083210547938
40920,0.056747040581845695
40921,0.049931053135293155
40922,0.04245435473252148
40923,0.003644901877246282
40924,0.09965234569268405
40925,0.007313470889577709
40926,0.017835533008775304
40928,0.005521630251030485
40930,0.07464867232134939
40932,0.007076647306610747
40935,0.014160277805754701
40939,0.05024622895193
40940,0.07855983961320395
40941,0.033258051107178103
40942,0.095066007540736
40943,0.11689229346974618
40944,0.008245873201588923
40945,0.004760949300010542
40946,0.005235042037363112
40948,0.004382086075478291
40950,0.006271479651851935
40955,0.00422953402528943
40957,0.008782209479297459
40958,0.011049090965100003
40959,0.0038915380817274546
40962,0.01936803602317696
40964,0.09099866107931331
40966,0.07347106397763174
40967,0.07075451851482407
40971,0.0030341888406193573
40973,0.0053057393653575076
40974,0.22641637059565536
40975,0.0029764572044947628
40976,0.01820030228160781
40977,0.09008290632278568
40982,0.04915382375802537
40983,0.13650945017996566
40984,0.003505280478079791
40986,0.0075923990529774285
40988,0.11387571800188133
40989,0.14076922172305173
40990,0.02908895161693174
40991,0.003319845845359376
41007,0.030249043973617783
41008,0.13723558367079441
41009,0.04176813448674696
41010,0.014865069841877465
41011,0.010162950253709814
41018,0.012208865507451089
41020,0.04109304794533175
41021,0.004220403927313556
41022,0.19240659120854567
41024,0.009950951284547191
41026,0.24170956878648417
41029,0.004557365657422086
41030,0.010980854819683151
41031,0.008994607009240596
41033,0.015726719578136907
41034,0.004172348826439241
41035,0.00387398301026651
41040,0.012348501462270704
41041,0.0047522869656779635
41044,0.0172459845189972
41047,0.009772392726074133
41052,0.003985697941673004
41053,0.010249340244548691
41056,0.0807514170106236
41059,0.007263634935881504
41060,0.0037751360626755515
41064,0.03607323443778568
41066,0.004336076076115578
41068,0.12843928229432014
41069,0.023595417983011586
41070,0.032674491748086905
41071,0.003600728650666832
41073,0.02213875643935193
41074,0.017085935361736894
41076,0.008379627080441113
41079,0.1876905499965302
41082,0.009862423608500146
41083,0.012839529349220113
41086,0.006969856116899232
41087,0.007103256096405043
41088,0.01337915417298477
41089,0.09198101064040083
41090,0.06265300198898137
41091,0.004009915163233217
41092,0.1983926100311102
41095,0.04331266750061307
41096,0.0031580142047437474
41097,0.009768539054803347
41098,0.008765188401472513
41100,0.10402541854765035
41104,0.010060860892845648
41107,0.009354510315708432
41110,0.028416939411589393
41111,0.2049739363836702
41114,0.005348805930924713
41116,0.0036838597190011683
41117,0.0058077528246408
41119,0.007032416560152868
41120,0.03153121926204487
41121,0.011946969694169555
41122,0.007736469226123857
41123,0.1674277490665676
41125,0.015600125448755286
41126,0.010026429788800794
41128,0.003447110076648399
41129,0.013742367473143759
41130,0.07105547937008012
41133,0.21607318325178104
41136,0.14706049160542228
41140,0.01783767094074797
41145,0.014650597140816407
41146,0.0039213835090294155
41147,0.051346074967078506
41148,0.004052041627168677
41151,0.03531170040595828
41152,0.037920563780701376
41154,0.053431779794051
41155,0.009189351008573298
41159,0.11650851894594641
41160,0.004005342757975
41161,0.01183932283351532
41162,0.014776341269114866
41165,0.0030762397971156423
41166,0.005397581397125728
41167,0.19750823512966734
41169,0.22197625697048284
41170,0.003860376033475413
41171,0.15598774641322877
41172,0.026092726083828087
41177,0.003244895935535057
41178,0.006680952385527716
41182,0.04238201366510584
41185,0.007707126357022749
41187,0.05802588052741555
41190,0.005666502284588337
41193,0.0667862104250709
41195,0.004188190803789154
41196,0.013296614668973878
41201,0.11006184471940055
41202,0.016713113324742734
41204,0.0048487321599085895
41208,0.010164127392826456
41211,0.022233701595272246
41215,0.04134913435411333
41216,0.007308873233556264
41217,0.04179008263655451
41220,0.007930514211853363
41221,0.03750511003162938
41223,0.06007660713847384
41226,0.08708669825980489
41230,0.0052148920052715935
41231,0.004006567256663265
41232,0.009245066891082912
41233,0.005224722444626093
41234,0.0032440469792875478
41240,0.02929114514362161
41242,0.012952095920975033
41243,0.01260924315628796
41245,0.15625401853219337
41247,0.014196699546072944
41248,0.003629483642326102
41250,0.003092920728300302
41251,0.006927114436772532
41255,0.16558120673698778
41256,0.004924808373108576
41258,0.01111516837915527
41259,0.0136126389719129
41261,0.014132186952993835
41262,0.0049379254471054795
41263,0.00857407341577416
41265,0.0033136505134784703
41266,0.003161188010019277
41269,0.0038431124746794287
41270,0.07575732065315209
41274,0.08272939818894462
41276,0.009386560055454555
41278,0.04204862181669784
41280,0.07002939346609591
41282,0.00519770620933895
41284,0.035083125635073924
41286,0.06822935821379261
41290,0.009854079250944963
41291,0.003670536763370308
41294,0.005069555247021787
41297,0.12641901122183058
41298,0.09310139671197164
41299,0.2060346270819203
41301,0.0669557403211581
41302,0.025040978936628492
41305,0.004314266979695752
41307,0.003027021436738681
41309,0.003308370657145323
41312,0.004412620716428929
41315,0.006577964581971323
41317,0.013226960576903986
41318,0.003984384067328189
41319,0.003630935256045328
41320,0.04018944676090002
41322,0.035340656074461525
41324,0.029815354020767112
41326,0.0035392050169579074
41328,0.005501020889715386
41335,0.007684299324421362
41336,0.016874816821057417
41337,0.03656072367191388
41338,0.026092726083828087
41339,0.04269156865583205
41341,0.007612049519216271
41343,0.007937273814860538
41345,0.0476767076016298
41347,0.010142065424894327
41353,0.0029856627389282333
41355,0.004027549039877055
41356,0.003758354129880855
41359,0.11039475183142414
41360,0.07844393789857648
41362,0.034308342497567916
41363,0.0451525116193877
41365,0.04598722251724532
41366,0.0032432507146615045
41367,0.0030618155491113986
41368,0.014230275913070084
41371,0.002943789581267073
41373,0.01503974171350652
41376,0.005232576370851716
41377,0.024819248441490305
41379,0.1678507140100423
41382,0.010716401924858081
41383,0.09797903838458817
41385,0.009005651299347753
41386,0.11502628393303341
41387,0.03375243412167858
41388,0.004241185971596757
41390,0.0029478976580591377
41393,0.06547180544978397
41394,0.010456600256106396
41396,0.17533465056353995
41397,0.0075128144203490425
41398,0.026092726083828087
41401,0.03165404306406792
41402,0.14610774695190246
41406,0.0036201754564580764
41408,0.039073803895654735
41417,0.008795641861989558
41420,0.00813764229634791
41421,0.0028301434397440548
41422,0.005044920644429195
41424,0.19527076637220991
41428,0.20030684887362116
41429,0.026092726083828087
41430,0.013633341093160955
41432,0.15118441565989377
41433,0.004657504283890955
41435,0.0037921762506875085
41437,0.006354497483821432
41439,0.02341668433602143
41441,0.01392693020106268
41442,0.00298818099414739
41443,0.004829517659800588
41444,0.051078368060441734
41447,0.013279294486489781
41448,0.012390859769628415
41450,0.15497112770453914
41452,0.0037620807251025944
41454,0.0029293984880147295
41455,0.00419999913802914
41456,0.009670533930599627
41458,0.010553466880431918
41459,0.0034627744146330554
41466,0.004374866724270442
41468,0.006536166088626308
41472,0.13115305111751777
41475,0.00528428464863248
41478,0.05547209412467586
41482,0.014542308664880639
41484,0.004035640824156144
41485,0.04606971168493508
41488,0.0333770566256526
41489,0.008331490551564156
41493,0.0029481239036809816
41495,0.026216025900446735
41496,0.2065468370538634
41497,0.033409045775863386
41498,0.003956279431519747
41500,0.008168372492893513
41501,0.004042092692806289
41510,0.12218650002095637
41511,0.03406218581229693
41514,0.0049957515839389914
41516,0.020797777991419356
41518,0.017935285738892266
41519,0.0034478087067710945
41520,0.23325988751227064
41521,0.006069227149466299
41523,0.08327902535892974
41525,0.06344273726711158
41526,0.14579953265206266
41528,0.01123555155001171
41529,0.003718131271011349
41537,0.01067130635913088
41539,0.0038205636751214023
41541,0.01866229890518073
41542,0.12249573022997849
41543,0.07678617398659116
41545,0.006765201015591983
41546,0.045906299292979555
41550,0.038788352544841684
41551,0.005632611992879938
41552,0.004266217932886368
41553,0.19182409915098683
41556,0.04990435784310583
41557,0.3028367402378875
41558,0.014226731049107896
41561,0.040433629543493915
41563,0.003908518144169253
41564,0.012218634873329626
41565,0.004022673456541883
41566,0.044421902426988784
41567,0.006468999317729358
41568,0.0033066682479673576
41569,0.009005503660576768
41570,0.0051677459557132235
41572,0.15057323320734387
41573,0.011253227163084117
41577,0.007229698518885546
41578,0.00546121605317207
41579,0.006661564867580171
41580,0.02749792701976298
41581,0.0074721896758490475
41588,0.007873860573165328
41589,0.009474177617499229
41592,0.012709692306279967
41593,0.03564859281546669
41594,0.01488830616285529
41597,0.010203263183528252
41598,0.008347133215011371
41600,0.003352206701280923
41602,0.0038320776080767974
41603,0.003592904105709566
41604,0.06618270912556028
41606,0.00488932503029729
41607,0.029313252339494715
41608,0.013939157521283099
41609,0.03866123793816165
41611,0.13388113313301922
41616,0.01834392088586097
41617,0.1770144177926683
41618,0.007496723487075019
41619,0.022920424535791094
41620,0.006142995806842243
41622,0.003162067264525078
41623,0.10572191485941147
41624,0.011537807188772776
41625,0.022030920308462244
41626,0.031565204013307736
41627,0.017918521057316367
41628,0.04932531743894228
41631,0.005952521817088967
41633,0.0031053935606469092
41641,0.20062707413546713
41643,0.009519165650669783
41649,0.03333081486949731
41652,0.024859680351122994
41653,0.0623404060623003
41655,0.003890951155513498
41659,0.016275135015144007
41660,0.004112041434908625
41661,0.06270934648502809
41663,0.012970798067641936
41668,0.003548483961643949
41670,0.002935105987799894
41671,0.009462836247742815
41672,0.0035568157368309613
41673,0.0032088843878792144
41674,0.00955625298075971
41676,0.04337814223583304
41677,0.04548298089047664
41680,0.014779949916388972
41681,0.00307406485192143
41683,0.01048691615942461
41692,0.003641320779521633
41693,0.04461125072032086
41694,0.19768248590372556
41695,0.0028358910243511544
41696,0.03443485331582139
41697,0.025939773630195347
41698,0.00474330935439336
41699,0.0030853860534895143
41700,0.0035808326039254326
41703,0.0033854425616225508
41706,0.029347107105469575
41707,0.003252571136680809
41709,0.13814181274138213
41710,0.006718308682950223
41711,0.004715153760754504
41712,0.031272229078883045
41713,0.04595845081327509
41714,0.01562680933935951
41715,0.19700412745757698
41716,0.003536689923855348
41719,0.07505662488323367
41720,0.05596082146371054
41724,0.003616418163826239
41729,0.016565797164162822
41731,0.009965316074088055
41734,0.003532573068847675
41735,0.009391854182931984
41737,0.012501722931262503
41738,0.004002097691762253
41739,0.014335317744295722
41740,0.003982151569693416
41746,0.003802032865773085
41749,0.01299914185558128
41751,0.1765518959814906
41752,0.007880164929087757
41754,0.0037297627558235753
41755,0.014212088946159284
41756,0.003997599197040562
41758,0.029907024862052697
41759,0.08516645858250567
41760,0.17627658776193006
41761,0.04968644177835399
41762,0.030782482767839677
41764,0.021687479951194646
41767,0.004075372601203884
41774,0.0034196004321559673
41775,0.011156349973743748
41778,0.18350681941382152
41784,0.06356067813070773
41785,0.010944705824893805
41788,0.023250581567278755
41790,0.009588166772359151
41792,0.03432431156852272
41794,0.01651915710386247
41795,0.20219086833201716
41797,0.003867587437920287
41798,0.09086268085020509
41800,0.026092726083828087
41801,0.008073047052948737
41803,0.22097184464631905
41804,0.004417040211706019
41806,0.00393355689579128
41808,0.07857488975871077
41814,0.0036923775393779535
41815,0.11266632398281139
41816,0.09352881310446469
41818,0.004714437289638383
41820,0.12700265774808012
41822,0.014318648766134779
41826,0.06866274590956505
41827,0.1396655246238337
41830,0.25099327826142837
41831,0.039403451229087026
41833,0.1122008953618562
41837,0.019828612658931332
41839,0.00383710374391241
41844,0.26033339512895426
41846,0.009734155754160046
41847,0.003923663722281234
41848,0.023694312382423328
41849,0.003486139550165066
41852,0.005290128977016835
41853,0.006673387482454819
41857,0.007058034587360995
41860,0.03601954872435872
41861,0.013197054074418514
41862,0.014801058560759825
41864,0.15191816893988092
41867,0.053075748798468506
41871,0.022399220514766893
41873,0.021413083366203695
41877,0.007581159141557758
41879,0.004014684214479018
41881,0.0028621536615950852
41883,0.027990721046543
41884,0.0036072670009522465
41889,0.004569033248943413
41891,0.007751914240431902
41892,0.025040978936628492
41895,0.04118916537404159
41898,0.00588483067729876
41900,0.00473762203200024
41901,0.029592818624752215
41903,0.02320664488151762
41905,0.006409268288988305
41907,0.004185323893120547
41908,0.01574042931311352
41911,0.0034245714277570667
41913,0.0035921670006256053
41918,0.1542875477718501
41919,0.10817923084891772
41920,0.00726422002454712
41921,0.22165684316014928
41923,0.003471169810366996
41927,0.007514273361235559
41932,0.09307278293067194
41936,0.0037661625046351206
41937,0.02241315640654716
41939,0.06103480805507875
41940,0.0830311575290572
41943,0.04074159439265295
41945,0.0034500887260538837
41946,0.0478811944291674
41947,0.010638650650348034
41949,0.0164199680183598
41954,0.005226219154482512
41956,0.20516508987422102
41957,0.038591981338298394
41958,0.0034788194286300483
41961,0.23403739558370798
41967,0.04199724637084442
41969,0.06490634330231448
41971,0.006281368514932421
41972,0.08352508147532778
41973,0.004258783281633853
41974,0.007174355225476296
41975,0.056617196662842414
41976,0.002908098503414644
41978,0.2600019505471772
41979,0.003713739089959222
41982,0.003480029538560816
41983,0.0033581638331213596
41984,0.0562362978653146
41985,0.0514413346986625
41986,0.028202182560236884
41987,0.03605135485814437
41988,0.0884531009477811
41991,0.03217400529860845
41992,0.010647964420062085
41993,0.010572483171086984
41994,0.0038785048268248556
41997,0.18479812646644267
41998,0.012723447299746055
42000,0.005870148186268593
42001,0.062480307924937355
42002,0.028770043159261693
42005,0.005779821952035983
42006,0.008035679618219804
42007,0.0035865461933296283
42009,0.006555964146268499
42010,0.0569061056201527
42014,0.06508933845853034
42019,0.038609698657788336
42022,0.003591293657111566
42024,0.0036129932767491315
42025,0.003954210057848108
42027,0.010899006560076193
42030,0.00468462542603663
42031,0.004372595537023905
42032,0.01731284506255083
42033,0.17654240295774687
42036,0.15234453977699336
42037,0.003519570178917076
42038,0.012002953405955459
42042,0.010534828058735214
42048,0.22438582406389687
42050,0.004834749932796873
42053,0.00388996534672247
42058,0.003914310142384472
42060,0.056656601721527436
42061,0.008946663503051839
42062,0.030476172228212004
42063,0.01911462851316913
42066,0.15191810018545132
42070,0.003635344724281553
42071,0.011857497128477043
42072,0.029556116157117396
42073,0.004055467708831352
42074,0.017625351749771513
42075,0.004541629044283422
42077,0.014214454666422332
42079,0.04374398476493152
42080,0.2615165160557181
42083,0.03021823894220938
42085,0.12126025979575958
42086,0.0033091554404287913
42087,0.24435645352870913
42088,0.022425735542886342
42094,0.18993195795293819
42096,0.07019751310187479
42098,0.010906420608210716
42099,0.010248750325041951
42102,0.04483167080178883
42103,0.003371224705192476
42104,0.1889000630791749
42105,0.019459764729999694
42106,0.004037150649488011
42109,0.021632554530929975
42110,0.0036310061378052967
42111,0.004138841622238581
42113,0.0028465276924374947
42114,0.10318858259974731
42115,0.021488338144515947
42116,0.1727560287942314
42118,0.015512391351673592
42120,0.02853718849988846
42121,0.010248693683002836
42122,0.010246559832736118
42126,0.03564006109348529
42128,0.006351078886802876
42129,0.05279569325514709
42131,0.07427679233390096
42134,0.006102174057727425
42137,0.004122045963545511
42138,0.02170426723600464
42142,0.014952621088904218
42143,0.00396052124984242
42144,0.0043550893343307934
42146,0.03563513607407058
42147,0.011913505284671808
42148,0.0029252539700972244
42150,0.014214602930096227
42151,0.0059661570571217576
42152,0.005125539014686483
42158,0.0036640894807262294
42159,0.0028722999803053404
42161,0.006730431028277157
42162,0.13082507316928024
42164,0.005422071555928297
42165,0.06003317881357212
42166,0.010666314337274123
42171,0.0552105509795419
42174,0.18361979714566035
42177,0.008747238299071435
42179,0.009574250861449064
42180,0.015264757882203921
42182,0.07184674293640612
42184,0.03423339510209506
42186,0.014624225994344077
42190,0.0029640302698180363
42194,0.0033301965936473545
42196,0.033235371014000786
42198,0.004751059435733003
42199,0.044635068298938804
42201,0.005229796908653838
42210,0.055899317910372955
42211,0.030832679544356
42212,0.004014499865105408
42217,0.24591804200646353
42219,0.0065606324755930505
42222,0.0034466720168900952
42225,0.010613692378842994
42227,0.0037380794507897446
42228,0.06708457798415618
42232,0.005420689054179268
42233,0.010040933812894871
42235,0.008770691200591457
42239,0.008552191325189824
42242,0.010552885043830664
42244,0.0442511504640812
42245,0.0889824490536227
42247,0.03641954938503258
42248,0.04246863767677627
42249,0.11097449130937757
42250,0.2864992216870041
42251,0.04627756795568113
42254,0.00506761761870109
42255,0.21184531692141112
42256,0.0037715058097990022
42258,0.04308208858503197
42259,0.003272833903655825
42263,0.06824587152194521
42264,0.08756776167457973
42266,0.0039574555649730244
42267,0.012692222750606762
42268,0.022535209674089476
42271,0.011474135474449587
42273,0.0036441925279109538
42274,0.004203419567905817
42275,0.005646320491594461
42276,0.003787354964466523
42277,0.02982147244045292
42278,0.19521199475964116
42280,0.007877843527098229
42283,0.006892092105435995
42284,0.00555755819306853
42287,0.009833338784745693
42289,0.1538717870574447
42291,0.021455994833630462
42293,0.15319335497279857
42295,0.21281701445739376
42302,0.017035882288561368
42306,0.11594347410409124
42307,0.06311252764148982
42308,0.244183741521976
42309,0.003287860103141999
42312,0.14282266148023298
42316,0.035075224043954724
42319,0.027063762451384817
42321,0.008863700382238902
42322,0.10702244866404553
42323,0.2017997968587227
42325,0.014025435667005579
42328,0.0028253914197033624
42333,0.008186181586787689
42336,0.1079731742257541
42337,0.0032903558805783386
42338,0.013173189561118303
42345,0.026092726083828087
42346,0.003959153004272242
42348,0.0646188786590839
42352,0.0028635441183598974
42356,0.10229379373078569
42357,0.003918194885635263
42362,0.00405156541769472
42369,0.010616884228497962
42371,0.013250434277118616
42373,0.03826146665359472
42375,0.00716287586130159
42377,0.006185880392529834
42381,0.0037230755227202193
42383,0.09523953731371368
42384,0.14577689139137012
42385,0.029166072195327655
42388,0.03459537651067348
42390,0.004277487152501809
42391,0.00410413341102097
42392,0.2395496430169414
42393,0.003446819523109663
42394,0.0057021688939881245
42395,0.021237875897922226
42396,0.003090839887066103
42398,0.012575707576398547
42399,0.013529224536260822
42400,0.03422937211134441
42401,0.0032358631073892198
42405,0.01611685377208093
42406,0.026092726083828087
42409,0.04184997809950437
42411,0.050648161771589366
42414,0.004329771810057235
42415,0.16079105438572752
42416,0.010622264751705338
42420,0.003816538929385938
42421,0.04415363299872191
42422,0.0559043050525971
42426,0.11049340481165991
42429,0.027079805865249024
42430,0.0032668582122446156
42431,0.019043061882522732
42433,0.010810688014396497
42436,0.01139479525965694
42438,0.258864122529653
42440,0.04574296024823067
42441,0.0040507020052803515
42442,0.0038380809431964717
42446,0.006282737108826704
42448,0.05507653213248552
42451,0.004552259100860642
42452,0.11699076623177472
42455,0.05014294739560622
42458,0.075246207850518
42459,0.05540096054852
42460,0.003606563685560881
42463,0.0029196012376638894
42464,0.005641995922588942
42466,0.16302138777016162
42467,0.007513358722127576
42468,0.08164970892028807
42472,0.0033962735947832977
42473,0.030171004026752254
42474,0.01806946691225428
42475,0.015697568998972514
42476,0.004029291489678559
42477,0.004135686498764193
42478,0.04626271414502051
42479,0.016333087134463457
42480,0.022398000936788256
42481,0.0030922665231775752
42482,0.07366722388359268
42484,0.007461451618349987
42485,0.022083209007229373
42486,0.017530404614507247
42491,0.06358106793536276
42495,0.019828979526482205
42496,0.010271330329176528
42497,0.03214861315426384
42499,0.003972980389062855
42501,0.05455304070106327
42504,0.026092726083828087
42505,0.020844516354872673
42507,0.047570903996418896
42511,0.0337402788449273
42514,0.04665779370923332
42516,0.023663668659017246
42517,0.003177648274875232
42518,0.16402561517198153
42519,0.0535417677491344
42520,0.06125089067433489
42521,0.00533578801877533
42525,0.0198640876751827
42528,0.00771166750345343
42529,0.0037313886858149105
42531,0.02681254984233001
42534,0.02385567019000162
42536,0.0034341420557798693
42539,0.004066168183178573
42542,0.0160758480653597
42543,0.01309946167900738
42545,0.0067273473581941
42548,0.022885338771721334
42549,0.19430752918831556
42550,0.06800757818568355
42553,0.003970401768245549
42554,0.005184408441233519
42555,0.009562621022950864
42556,0.05570134761490952
42557,0.06609875394708652
42558,0.3400761083470664
42560,0.011465743643942202
42564,0.02186181779585789
42565,0.011796834846367232
42567,0.19686680071885393
42568,0.00853985008007121
42569,0.006374224316497416
42570,0.005566953939267236
42571,0.12402883026959274
42573,0.0708977557709189
42575,0.02075663407557451
42576,0.0030354452099445274
42579,0.00316389085388149
42581,0.026285219911855198
42582,0.17469765915061172
42589,0.18870485787691105
42590,0.004199304081637769
42592,0.0046503340167443515
42593,0.23922583083708757
42594,0.04018182925294472
42596,0.010129968367580176
42598,0.003632046228001835
42602,0.03458106177775727
42603,0.008832178460122186
42604,0.0030351843475617695
42606,0.08698546743927871
42607,0.00987318292218528
42608,0.09352661811631921
42609,0.004595017652981698
42610,0.003595596521725933
42611,0.006917320372287537
42612,0.12236825914624017
42613,0.005317528684044003
42614,0.009237970016559856
42621,0.013083332537838598
42623,0.03228374865222247
42624,0.0150675593429422
42625,0.0037080984374020754
42630,0.0228849707401258
42633,0.004157351299894301
42634,0.04889693328016167
42635,0.009903706576484485
42636,0.03737114686159345
42637,0.11843233843625135
42638,0.005962224935354571
42641,0.012068880791825455
42642,0.030829387608880595
42645,0.005290747752562863
42647,0.010674707852290992
42649,0.004085807856189661
42650,0.006196837311286655
42652,0.04700544849670849
42654,0.0031897755852420113
42655,0.013076712770087756
42656,0.05439086328007852
42657,0.029279533750119102
42658,0.007087175974164653
42659,0.010011076773825997
42660,0.040290324422493584
42662,0.07973156723056354
42664,0.06245723992665582
42665,0.010929613671181955
42669,0.030569309279452294
42670,0.17228677529338576
42672,0.16343603578362773
42673,0.06783951968788686
42674,0.004539801400672302
42675,0.012815206978643537
42676,0.022653795242906838
42677,0.0131579145630134
42678,0.0028957918199263998
42679,0.09336238535250697
42686,0.0039072460389152665
42688,0.004622312754942103
42690,0.0039325221764025245
42691,0.0063563435605205445
42692,0.00372601151459083
42693,0.03030333508663232
42701,0.00987678848675629
42703,0.004376564611130427
42711,0.016110396191437247
42712,0.011897110836769588
42714,0.04497622526289397
42715,0.014641868921250271
42720,0.0030684838372396963
42721,0.09038043036496134
42723,0.005420689054179268
42724,0.013826984276424628
42727,0.009101386378641088
42729,0.004194863480082946
42730,0.0307373786226775
42731,0.006899636437117599
42733,0.029802440735757454
42734,0.06487444146382976
42735,0.08818661002025968
42737,0.021857945903693433
42738,0.00877129512746495
42739,0.07165560723456653
42741,0.02613069167088935
42743,0.04387613395474419
42746,0.015605765529338421
42747,0.011233118900564807
42750,0.026354998694528335
42754,0.0033228957931185133
42755,0.060716924595478644
42756,0.0033010273406045023
42758,0.0035792347984509093
42759,0.007499644372074257
42760,0.06339879192249129
42762,0.007432716000604874
42763,0.00483727435835082
42765,0.005764988829656511
42766,0.00349939518299892
42769,0.017648417412091368
42770,0.044193991680668
42772,0.03423143963681333
42774,0.009694742677892366
42775,0.003693971403868809
42779,0.010899428256446669
42781,0.05659368543495518
42786,0.15431671032215996
42787,0.013694462433566727
42788,0.008715997305866093
42789,0.05756299855403357
42790,0.005899057292650296
42792,0.23707720888333428
42793,0.003429749791920042
42795,0.23185942445580227
42801,0.0038572622997480833
42802,0.03809211391207456
42804,0.025180470875919403
42805,0.009368824057145812
42810,0.0046785941425196995
42811,0.006779259998532092
42814,0.013124610456822994
42815,0.18278538819509565
42816,0.01832446362105081
42819,0.0030387051534377847
42823,0.0028024783775341252
42827,0.003513467666903228
42828,0.10890467881162937
42831,0.019253676467943782
42832,0.004127126189203776
42833,0.010535525403381648
42834,0.0029767872803458002
42835,0.009689835133675185
42843,0.005970603187083622
42845,0.003540821118190018
42846,0.033298861569047565
42849,0.007168917672186713
42854,0.018777342845448373
42856,0.029136460783375544
42857,0.002908628781390065
42860,0.03455930292570089
42862,0.008772099008026906
42864,0.003023080993891203
42866,0.022219312572384603
42869,0.0043556979981095685
42871,0.005735163579005852
42873,0.04600535137823619
42874,0.004984811170389537
42875,0.003768006255154885
42876,0.0029555790821315076
42877,0.009451583585760455
42878,0.0034189843694962837
42879,0.006210680499091746
42880,0.043166653967398785
42883,0.08150709723332919
42884,0.003250355291516979
42885,0.006743685145285976
42887,0.06596752429547315
42889,0.006505295743505594
42891,0.19541955160547106
42895,0.003978902211461065
42899,0.02670528244884433
42901,0.030223630226065876
42902,0.0035724169033770096
42903,0.17312578445585933
42906,0.002871678947351455
42908,0.01904709487650271
42911,0.025040978936628492
42912,0.028767612509565978
42913,0.010563281760658662
42917,0.029716995918617446
42918,0.03970375514124798
42920,0.057701742481998664
42921,0.014049906698427638
42926,0.014406075082119415
42928,0.003360146239935705
42929,0.02325424169535216
42930,0.03495724531224871
42931,0.050354366472854545
42935,0.0033356428184087893
42936,0.0037543388726795535
42938,0.058452184719975056
42940,0.22243973771707415
42943,0.17269815152432533
42945,0.013329109420695526
42948,0.01485028217018409
42949,0.0061360942587384065
42950,0.003000931658617928
42952,0.22532795004764528
42954,0.003995015793388045
42957,0.014238918649199668
42959,0.005177012159203567
42960,0.003026542930697074
42961,0.04624372742581552
42966,0.036471212248520915
42967,0.0031592301361381588
42968,0.005430430443746697
42971,0.0038643618154461414
42972,0.01023323920639329
42973,0.11786971987589283
42976,0.015339400932610851
42977,0.024059906863411546
42978,0.006162204594225705
42979,0.08775267420312075
42980,0.016616536802053078
42981,0.008693833883008253
42983,0.020155217315067458
42986,0.004114925572852657
42987,0.007871890231427116
42991,0.022238382899401755
42993,0.16025735259441043
42996,0.1052972427491887
43000,0.010098765875708125
43002,0.014431673821304771
43003,0.12920919679471718
43004,0.012889831713479823
43007,0.004397643589511602
43009,0.022094181102227432
43012,0.03399598980513276
43014,0.0070426876313987
43016,0.004018106241161688
43017,0.003910243873558602
43020,0.00878086673023395
43023,0.0030154604329341384
43024,0.014726182964491071
43025,0.005543762017034904
43026,0.04670147343018808
43027,0.009649098874020568
43030,0.006006091462307172
43031,0.006031446574728263
43033,0.052974516663343706
43034,0.019702612709102247
43035,0.07556159657905284
43037,0.03930857772839017
43040,0.020670294869022856
43041,0.1860500935450259
43044,0.23483117845712964
43045,0.04223005063410572
43046,0.009228900113793247
43051,0.02018598445761692
43052,0.014440215291853816
43053,0.00844171301387774
43054,0.011967938954264255
43057,0.0028442916076456028
43059,0.17121391333456498
43064,0.0061315690371017625
43065,0.026092726083828087
43068,0.004359356569108916
43070,0.029732473847747836
43071,0.06146609325898723
43072,0.0034590638253659185
43073,0.05562541889713619
43075,0.003942654601407464
43076,0.046292525320644526
43077,0.06037728840519659
43078,0.007071841444583258
43080,0.006327788462113592
43081,0.14235612232269057
43083,0.026092726083828087
43088,0.038839916078215325
43090,0.009563008132088963
43091,0.05219497238721494
43094,0.06803118696288692
43095,0.022884191677212683
43097,0.003933700187371423
43098,0.054377201246125016
43105,0.05925707886917535
43107,0.08447355314748414
43108,0.2072243186363732
43110,0.09249797056018078
43113,0.0406555666827445
43114,0.01412453207690904
43117,0.10731301684297191
43118,0.03036042303477626
43119,0.021413063741553752
43122,0.009476999858708075
43131,0.0514468872832153
43133,0.003992037742493689
43136,0.006494015436472685
43137,0.003929888109888099
43138,0.041793695513966216
43140,0.011890996331628722
43141,0.1727560287942314
43142,0.2219851523352922
43144,0.004359481731509276
43145,0.005205730832844778
43147,0.023302277832413256
43151,0.016035258176208406
43152,0.002834762090122758
43153,0.007456022119225405
43157,0.052991482400111624
43158,0.0043466235210304445
43160,0.005557934499501713
43161,0.003113116442548889
43163,0.007338006735126215
43164,0.0030349338798265524
43165,0.0030280924285480434
43166,0.0313764854403466
43169,0.003957223065003345
43172,0.06507062044098033
43175,0.019858659200402036
43177,0.0034258327612743914
43179,0.011115186073627204
43180,0.006184331782649245
43181,0.0094393345370471
43184,0.0040232246380032585
43185,0.0036454613093844274
43187,0.003579357535077138
43190,0.014502889806783752
43191,0.0030353112973580763
43193,0.035620863462349335
43195,0.020555843069815803
43197,0.006290573846114284
43198,0.23696894201674695
43203,0.010351622410425764
43204,0.013506530125170764
43207,0.0070772012563412885
43208,0.015807257348111874
43210,0.06387016156322349
43212,0.11540663283055938
43213,0.004057012580366653
43214,0.008145711257174879
43217,0.07049523867821761
43219,0.0028854444447480214
43220,0.03972520423801554
43222,0.0048046375571739845
43223,0.003951568807756881
43224,0.016805663437310766
43225,0.15192576934686808
43226,0.2296152609595546
43231,0.0034752632784174464
43232,0.036471212248520915
43233,0.02361170781763224
43234,0.20597679016763507
43235,0.02589831661130609
43238,0.0033976394012880597
43240,0.21680931323178904
43245,0.03496866569842104
43246,0.0051074675045047
43247,0.004015769549825582
43249,0.011158501018001562
43252,0.21370477632455334
43254,0.08836289275222112
43255,0.022330158368504112
43256,0.009763901663853028
43257,0.009445611637941054
43261,0.0077805811704095215
43263,0.006658350486581604
43264,0.11661098158693896
43265,0.031399533140800046
43266,0.07349900204735216
43267,0.024939143389539405
43268,0.0036433019614547186
43270,0.04540615914852172
43272,0.06636534031487246
43273,0.09711543970672745
43274,0.006818796452842305
43276,0.003920692554739769
43278,0.03171810228275722
43280,0.00930850707119102
43285,0.03771382183076336
43289,0.03707206724896467
43290,0.0040022274855471
43291,0.004359796850962149
43292,0.01879507082347082
43294,0.018328147133270994
43296,0.005861268442595052
43298,0.010606531180896352
43299,0.003786733581965846
43300,0.00472939321540144
43303,0.06210016961962149
43304,0.03795539847384542
43311,0.005814013980091843
43312,0.003461673959336314
43318,0.003402167399153022
43319,0.004512915104137856
43321,0.010494803289536201
43324,0.003529864870556004
43327,0.017087490756394104
43328,0.006464603800202878
43329,0.056105291883528606
43331,0.03470044758892704
43335,0.03947560522823717
43339,0.2031428837280708
43342,0.09974554223725567
43345,0.0064722196293105945
43347,0.007993155232179656
43348,0.03713732248925672
43351,0.019695951150585568
43352,0.006209609441504008
43353,0.005433951476068602
43355,0.003542811773829404
43356,0.003923663722281234
43357,0.18864036623110655
43359,0.010981043038614205
43366,0.013223868586542589
43368,0.0031061927774349157
43371,0.006485269960057361
43372,0.017832675886897513
43375,0.0194140794760382
43379,0.005652657945064911
43380,0.07811645853852343
43381,0.009009906838076133
43383,0.03951902367986165
43388,0.004182574219680729
43389,0.18699004524296456
43390,0.004300375731170358
43391,0.00854426097941461
43392,0.0031663960997143207
43393,0.0037552290574587996
43394,0.13407373268351158
43397,0.025335816700669693
43399,0.1192212024045253
43402,0.014705493364365083
43406,0.0032911406982141173
43410,0.04660598701251677
43413,0.003510828701496336
43414,0.021443807606042066
43417,0.004299709584861414
43418,0.037764886967510285
43421,0.002943206073375268
43424,0.006519990261718516
43425,0.10035579046325643
43426,0.0035474457491978394
43427,0.009845173576422188
43428,0.02861396067869697
43429,0.02654473801649311
43430,0.054747699898027385
43433,0.04539632568675868
43434,0.014580865259294992
43437,0.0673801052130654
43438,0.02343422743303359
43439,0.026092726083828087
43441,0.036443158656932144
43449,0.004611820680013753
43450,0.23339929505454185
43452,0.028655118309352037
43455,0.010226201242402198
43459,0.004082322401918623
43460,0.013807137050123758
43462,0.009405042716552372
43464,0.005913476475336586
43466,0.01721149537426708
43469,0.022660040554307443
43471,0.003965956311554295
43475,0.14935466727159652
43477,0.18699004524296456
43478,0.01606036587673162
43481,0.029518213619507707
43482,0.11897619819189877
43484,0.004586661944967682
43487,0.014827110810292692
43488,0.21641606263246616
43489,0.003623791719568677
43492,0.003692599002759331
43494,0.005575282657014387
43496,0.21976566867467412
43497,0.012475369252363058
43499,0.009877831455716548
43503,0.23341081651103537
43504,0.012033277705204655
43505,0.1538929293752109
43507,0.024927834757726235
43508,0.005440996999540623
43509,0.00618915547415802
43510,0.004058589417068834
43511,0.004199302790261561
43512,0.0035146511161126565
43514,0.006152744542441283
43515,0.003301734026069625
43516,0.018293139938749998
43518,0.04199774379607015
43522,0.015311477068120851
43524,0.08769796448905692
43526,0.05905756154314463
43527,0.03149656907517198
43529,0.0055083786630387285
43532,0.008384819193247675
43533,0.009673550032925445
43539,0.026092726083828087
43541,0.003530843288989849
43543,0.015246404883908049
43545,0.0035202090417888353
43546,0.09590899513087613
43547,0.06553716022936996
43548,0.06351125640719922
43549,0.08764280433470865
43552,0.09035048546383237
43553,0.006846233762515222
43554,0.08561545749818546
43558,0.020644335790233892
43559,0.035673483961773486
43560,0.005529505522698816
43561,0.0032714696733187067
43562,0.00328880354268281
43567,0.003987722067732182
43571,0.007778351168186649
43573,0.08863791653982053
43574,0.21284552954699834
43575,0.0037470258398835726
43576,0.004814062468919948
43577,0.0036488816688220894
43579,0.004383931215597001
43583,0.002954010031232397
43584,0.054491568382827926
43588,0.06520386620302007
43589,0.003792177729845148
43590,0.0029846951368056136
43594,0.003619140055073768
43603,0.01113766030369264
43605,0.004967772851699436
43606,0.0042430867928818375
43608,0.028979538478296738
43609,0.020942600581254137
43610,0.035084368025312146
43611,0.08320684907982984
43613,0.00956561814396986
43614,0.06838076126825607
43616,0.003693945300050465
43617,0.003607948333483636
43622,0.08576062865622286
43623,0.1771974842253553
43627,0.007883116518795232
43628,0.01826267755605831
43629,0.22513686440454383
43635,0.013904763051142879
43636,0.07102652911276433
43638,0.0035979555376287214
43639,0.002874978944230095
43640,0.16142341160622767
43644,0.0362517036484749
43645,0.004184949381558109
43646,0.007047206391298788
43647,0.003937626699771244
43648,0.0029049658652394207
43649,0.01847294840767506
43654,0.007675541908872106
43656,0.010214397334899492
43661,0.01046877809861678
43662,0.19295988672876327
43664,0.0054255324175587726
43665,0.05279569325514709
43670,0.01409401245819732
43671,0.005371314657674869
43672,0.014413214692068544
43673,0.009830797174723632
43675,0.01328343571879202
43678,0.013959748083919777
43680,0.003981412019469555
43681,0.03256114029398132
43682,0.028230426563147823
43685,0.0035939212043983957
43686,0.006507086181618367
43687,0.018423054024751546
43691,0.07878240783228684
43692,0.0047914991104911165
43695,0.05625464337066467
43696,0.07602830652378019
43697,0.15652990544860126
43698,0.01409335594221899
43699,0.07300801621242616
43703,0.13785708727868554
43704,0.012922406926008377
43706,0.007533377985312792
43707,0.026092726083828087
43708,0.00878627884711174
43710,0.020685825229739788
43713,0.02780274065593584
43715,0.007556472411255637
43716,0.010591762862372567
43719,0.010157579935861465
43720,0.0689355816525375
43730,0.06368844876865266
43731,0.1250932898503483
43734,0.004584671445528386
43735,0.020601500353298986
43737,0.05816427791397978
43739,0.06786566649891622
43742,0.019695632175419198
43743,0.005093594743830773
43745,0.12536893174866412
43746,0.006274393049863085
43747,0.20357786570029765
43750,0.01562538840784356
43752,0.061794515052353775
43753,0.12402882920424169
43755,0.006148250497780219
43757,0.006563465196617391
43758,0.00561224935238587
43759,0.007039996695198858
43760,0.0039627234166825015
43764,0.062923983019909
43765,0.00842149366186303
43771,0.055832456805841923
43773,0.013869078002511807
43774,0.0037376058067239864
43775,0.010529303958108414
43776,0.00636477390221439
43777,0.0038543095119798376
43778,0.02476472822015426
43780,0.04020350676993251
43784,0.0037409149652031758
43787,0.02046161595043517
43788,0.018204802115602818
43789,0.034052217725258974
43792,0.01870697102026655
43793,0.00425197927557568
43794,0.0028885381726106436
43795,0.03667688099587738
43797,0.06815987660379517
43801,0.011887624443992972
43803,0.015146274133649084
43805,0.04328497603824002
43811,0.00335483930638071
43819,0.01096255037675957
43820,0.02070082895591826
43822,0.002904374296373026
43823,0.03822382279393707
43825,0.06087453233714325
43826,0.034052820642248904
43828,0.003502132202852711
43832,0.09429162633878829
43833,0.2666803336349648
43846,0.004210041678973861
43848,0.04199774379607015
43849,0.01918057472834733
43853,0.0035289196979481972
43854,0.02713621907925688
43855,0.0035954255319353545
43856,0.014837015097524582
43858,0.0038688464155044676
43859,0.026092726083828087
43860,0.008922264291804254
43861,0.00913125793594759
43862,0.0036293604769999308
43864,0.004604687305413339
43865,0.1853997779610925
43866,0.23501904320524813
43867,0.1972556567091084
43869,0.015720757917459145
43872,0.028061096495716798
43874,0.15136621384858842
43875,0.0037222121768385233
43877,0.08975469777965984
43881,0.0032493245996896873
43883,0.008870120278271816
43885,0.009823982475491691
43886,0.08242195798802249
43887,0.017632639379601005
43890,0.08980352084717852
43895,0.0034242887352164365
43897,0.01106173836733268
43898,0.020341928447777432
43899,0.0145834146417887
43900,0.026092726083828087
43901,0.004609903854188085
43902,0.029839682450465484
43903,0.026092726083828087
43904,0.004420560993281989
43907,0.22159109965832055
43908,0.0029984850572333617
43912,0.009801736265819413
43913,0.045014148616883076
43914,0.003683697513799587
43919,0.05282179788328059
43920,0.013718972434020387
43921,0.010101293711313122
43925,0.0173909685549442
43926,0.005782451121114135
43927,0.011525476198443085
43928,0.0032626049506907324
43929,0.00824062095524665
43930,0.019375629803644975
43935,0.014131664964946887
43936,0.09877854723823296
43937,0.004484424691785837
43938,0.01899656387687662
43940,0.004364105025599213
43941,0.03008735532379736
43942,0.13550213029738103
43947,0.008715901836692446
43948,0.0036748607689088535
43949,0.006299512543804122
43952,0.039608907322262014
43953,0.004041827766895916
43955,0.007597913462547872
43956,0.026092726083828087
43959,0.031355086172270674
43960,0.019406230430007096
43961,0.24606582240312677
43963,0.02156257547148565
43964,0.006161319667777476
43965,0.05540331175839164
43969,0.0038982070053727425
43971,0.0034487815894587767
43972,0.0033938117695606245
43975,0.0029672817258787633
43976,0.29595698638536516
43977,0.02886604467062836
43978,0.003855936167125376
43982,0.004671809557488373
43986,0.0040196321708756404
43990,0.12894747143416546
43993,0.0032525524666355537
43994,0.014127372876438218
43995,0.010546320548270042
43997,0.17303058558374912
43998,0.030303459459552987
44000,0.0515918114191226
44001,0.048969871854880075
44002,0.003942203991774872
44003,0.004512341308351177
44005,0.003729056353706919
44007,0.010521578903364238
44010,0.019011255290442425
44011,0.0042001406727384255
44012,0.0037577575718035086
44015,0.0031393718751996473
44016,0.0030095060212238945
44017,0.01193857230144863
44021,0.01370543265907731
44022,0.01461208355319482
44023,0.05062274100956604
44024,0.01561029565937252
44025,0.09180288208373232
44028,0.0037133991272983832
44029,0.015686038205200925
44032,0.16495049566939818
44038,0.017022871360108136
44039,0.006332231831387047
44040,0.044854700024721
44041,0.0051000740569750345
44045,0.0029684264751372014
44046,0.007825589856516145
44048,0.14543329985224965
44049,0.07811902597251914
44050,0.005873998601568963
44051,0.021962872167221592
44054,0.0036385802579447448
44057,0.19247803730069385
44058,0.009119874751374237
44059,0.013000655725667361
44061,0.004579271213314482
44063,0.06332516918445448
44066,0.003255493920380717
44068,0.0036145677627844514
44070,0.038929090101214765
44071,0.004653580609453736
44072,0.013994981529040438
44074,0.03668666470998526
44075,0.12105158614957665
44076,0.03713472349418267
44077,0.05141004703008933
44081,0.004099510248984255
44082,0.01866864462963528
44083,0.034323965851949224
44086,0.008711156603576766
44087,0.009873766397638758
44089,0.007166416743975441
44090,0.057567107143215494
44092,0.0036708572478332375
44093,0.02233453666990197
44094,0.006272994714796737
44097,0.0072751361387884145
44099,0.04587248982235561
44100,0.004312443563436786
44101,0.037248928525056256
44102,0.010249076010070295
44105,0.00701345527674979
44107,0.016014604691362254
44108,0.007801934399820287
44113,0.020440452396539206
44118,0.0033344675604351838
44119,0.03548774557197079
44120,0.003467656410443426
44122,0.0029675509090508136
44124,0.0051275998407087605
44128,0.0038903563782179827
44130,0.002959753565278813
44131,0.01999388359232353
44134,0.03888800678842307
44135,0.2511927315400191
44136,0.1671136117614258
44137,0.006564416109669447
44138,0.04846689826167064
44139,0.008001562069343979
44140,0.0028473743077990147
44143,0.031949009559108316
44144,0.17138408036504607
44145,0.019412103668794947
44146,0.012692048453142148
44147,0.01096722358855642
44149,0.0029122111559795167
44151,0.0028551384564982287
44152,0.004259887901666585
44153,0.054260305913373955
44157,0.0035831811660664956
44158,0.003715258025935693
44162,0.004153747893739372
44163,0.0029111642811933073
44164,0.0033559220782001706
44166,0.0037359071134902464
44167,0.017092904263114005
44169,0.03976903070921675
44171,0.07386899423848166
44175,0.10589574376762055
44176,0.07443045366221047
44178,0.00517867924964706
44183,0.010192676974908131
44184,0.003860084410471255
44186,0.01956998137939888
44187,0.00694033766551145
44188,0.014071580999954116
44190,0.01172345541979183
44193,0.19158852391033176
44195,0.01723974296363167
44198,0.009273387924286449
44200,0.005223134239390426
44203,0.03366329857497765
44204,0.00592084466134786
44207,0.004933094817252554
44208,0.035621881015570254
44209,0.03707904696503633
44216,0.041874799746305084
44218,0.024754593774979256
44220,0.015589422791465192
44221,0.003732969722832844
44222,0.19846498127578252
44223,0.06234227106964341
44224,0.031012615550809825
44226,0.00933645675840703
44227,0.003938711208469852
44228,0.003985289630845315
44230,0.003816006432117328
44231,0.01738508617565943
44233,0.019105613005700784
44234,0.08234444474246805
44235,0.003573618826680551
44239,0.008808874611706968
44241,0.0033373491150317618
44245,0.014676083039455886
44251,0.0035456335270380875
44253,0.042206135665420697
44256,0.0029719280091099498
44257,0.0041264892830671935
44261,0.01736958597327655
44262,0.003678887166710551
44265,0.003524449598740509
44269,0.009150292960627535
44274,0.10469075980778622
44275,0.20508747811662895
44276,0.004895481160479268
44278,0.02375666767493821
44282,0.0503979556561361
44283,0.09683488403114351
44286,0.006458834494590419
44288,0.005501398578182362
44289,0.005316557962411083
44291,0.07724035629045428
44292,0.004331664823847147
44295,0.006816156034105939
44296,0.030831627327715733
44300,0.12541081727234935
44303,0.005520170823530554
44304,0.10068210990591356
44305,0.02090327981769377
44307,0.003822464522721218
44309,0.09235483395711315
44311,0.04977863711516994
44313,0.07229449983246017
44315,0.003027708645521998
44316,0.005802928934080369
44318,0.014641817520266496
44325,0.0037682811096578393
44327,0.011314443803770757
44329,0.011687548735535026
44332,0.0853607665224264
44334,0.00453129072410633
44335,0.015017798378949114
44336,0.0028789065549198953
44337,0.003162830799406497
44340,0.17533465056353995
44341,0.02023648042886139
44344,0.003622652394593966
44345,0.014825206077237873
44346,0.006259331120165846
44347,0.22403431873727767
44350,0.1505272702825818
44352,0.03423734116874134
44354,0.04590739872157739
44358,0.030564306741642823
44360,0.005523327969418347
44361,0.0029531677347813586
44362,0.003420144420975874
44364,0.04191194271414838
44367,0.06425022616036881
44368,0.0058826505245160475
44370,0.012816133537301138
44371,0.0032937982959715555
44372,0.20178788557263025
44383,0.026092726083828087
44385,0.02007979450375566
44386,0.0348978767867434
44388,0.026889749618722075
44390,0.24763376727739897
44394,0.020832283832595905
44397,0.03877563524194213
44399,0.033800574186007855
44400,0.01622833433697118
44402,0.02265459087214011
44410,0.005919331965783517
44413,0.0029443603340531693
44415,0.02193649691731883
44420,0.003954167859148242
44422,0.004443867426296989
44425,0.006861977094358321
44428,0.013952009995790111
44429,0.03782279578362915
44431,0.015121293978456756
44437,0.06377469439422413
44438,0.033726066033249284
44439,0.004970214375781853
44440,0.022108742758281754
44443,0.004033452629155693
44444,0.07191463610513586
44445,0.06956166717977068
44446,0.03365261355071243
44448,0.0035492241589163928
44449,0.14199033995275487
44450,0.018657382264228976
44453,0.007475511856269031
44456,0.005685525911506102
44457,0.01059591360549241
44458,0.01933287106167422
44460,0.013096003041879025
44461,0.011265659508909672
44465,0.038862357999552746
44466,0.057015582439144556
44469,0.0035422596549310246
44470,0.050794804366330666
44471,0.16343603578362773
44472,0.007931545049154089
44474,0.06883502153163384
44475,0.08354297509969745
44477,0.003135793461121459
44478,0.005330245624940835
44483,0.06651807009041694
44486,0.013580360449257655
44488,0.21106189723377272
44493,0.007985981957314531
44496,0.01162212400584319
44498,0.13160802297167745
44499,0.026092726083828087
44501,0.0070159401617344175
44502,0.006211756190666928
44503,0.0030367164165132575
44507,0.014648885427022326
44508,0.01518439468008082
44509,0.004889247160791904
44510,0.021768498856379468
44511,0.003431542129804706
44513,0.003287349745606408
44514,0.002882936011107277
44516,0.03546797683546998
44517,0.028509068833081748
44518,0.0116390279776685
44519,0.013113159064557258
44520,0.02098003683968638
44522,0.023365526611761705
44523,0.009877341086976866
44526,0.0065407188484750915
44530,0.12274798164132925
44532,0.058644475367237575
44534,0.1250199883099923
44535,0.014994848763357833
44537,0.008354965853482854
44538,0.01144507634024755
44539,0.00605354624285235
44540,0.09065653534371744
44542,0.024000480900738107
44543,0.004912502488950467
44545,0.046066854656246645
44549,0.004294590781292053
44550,0.003517669088627399
44553,0.003613816560465131
44555,0.035978135411225014
44557,0.014676765580802751
44558,0.004148745822003556
44559,0.21218395903172196
44560,0.14944071446363635
44561,0.005245370835541403
44562,0.02728104539475718
44564,0.003648613018598961
44566,0.003880568523855536
44568,0.007935907159412562
44570,0.007258648802774954
44571,0.15531324560664564
44572,0.00315864071348328
44573,0.041774265918671755
44574,0.08088855605315688
44575,0.0031594081055903193
44577,0.004409734825794307
44578,0.026849961974637158
44579,0.21053265973947538
44585,0.004188386082259505
44586,0.022200646748727258
44587,0.002948078905639904
44592,0.007096685610376085
44593,0.008784479335000235
44594,0.19951284830762295
44597,0.04647338087025843
44598,0.10182930008745826
44600,0.003061267760717383
44602,0.0254747440932265
44604,0.0183474509430605
44605,0.003936352487212567
44606,0.004221742955459105
44607,0.030298287601726714
44608,0.007139328094613431
44610,0.01710936237807232
44611,0.09917515451726051
44613,0.017340469623007646
44617,0.01756449827013072
44620,0.0035040177460491802
44621,0.00370872976026583
44624,0.0029380957658406183
44626,0.2281416371756038
44627,0.021010538348513772
44628,0.009659923708604077
44630,0.034398930260511454
44631,0.03860763152912306
44637,0.09320310181349827
44639,0.01770684138398377
44642,0.006734842263687246
44644,0.009639421944678195
44646,0.020179804831751937
44647,0.17121391333456498
44648,0.004221858714941486
44649,0.004843171398331166
44653,0.0051074843513770375
44655,0.2800195706190599
44658,0.003995015793388045
44659,0.0074695627278724775
44660,0.005939376176414656
44661,0.01633972599283982
44662,0.0037732068158371703
44665,0.0033863742272667143
44667,0.06845592204784649
44668,0.003999528173259524
44669,0.004021839228450072
44670,0.003463072573881131
44673,0.012887389894412245
44674,0.02109960340150124
44677,0.08555342161328318
44679,0.15652990544860126
44680,0.0056969137306602064
44683,0.003893160043842192
44684,0.00877976392920678
44685,0.11567895689085722
44686,0.06362224981255789
44687,0.009875733451190504
44688,0.010147367676754481
44690,0.11327691024909446
44691,0.003155435357180596
44692,0.009865134699343548
44699,0.003718802689676231
44700,0.0037324383117425656
44701,0.03494645270108763
44706,0.002952789958772523
44708,0.005544086871472468
44709,0.008373077624407237
44712,0.011873202371943137
44713,0.004087489909643762
44715,0.0650671546364932
44716,0.0035938860374000684
44718,0.11566012665088043
44721,0.01287847700516564
44722,0.061507863143834184
44723,0.0036800570802853656
44724,0.003757909570425373
44727,0.04502062832716936
44733,0.03190529076411978
44739,0.011318973287739087
44741,0.009193330195182375
44742,0.06516601114695618
44743,0.007597308060636762
44745,0.05067862485147774
44746,0.03541504140592037
44747,0.10916731684944071
44750,0.29766547019193884
44751,0.006129266026053963
44752,0.018157484186663124
44754,0.009896807840171433
44755,0.011794628403685841
44757,0.011689726576375063
44758,0.007168393423537117
44759,0.07089701519845708
44761,0.004538088388722571
44762,0.04531922716726403
44763,0.003874196527007352
44765,0.005558106676129006
44766,0.02003038304144048
44770,0.00993334736567332
44771,0.003413279429637481
44773,0.01119192822992184
44774,0.004192088142304188
44776,0.014130430861580867
44779,0.004431890190586583
44780,0.0033002826153955243
44786,0.0487068322676719
44788,0.007677383013723759
44790,0.012721008247081639
44793,0.015737588850500035
44794,0.038049104478972647
44796,0.1509388097291849
44797,0.003035269557072633
44798,0.004332281471541645
44802,0.01565501955432083
44803,0.019249785731063777
44804,0.03459537651067348
44805,0.08051787968281252
44807,0.06010867765088673
44808,0.010290076251211559
44810,0.003212393827454371
44813,0.003970137152453262
44814,0.028221238562572748
44815,0.006102182134556722
44816,0.005606722612502119
44819,0.11678225963917759
44821,0.0035167169146682635
44822,0.16647828148060667
44823,0.010709986012580105
44828,0.1525520589470473
44831,0.2004539965883894
44834,0.014820809932283508
44835,0.009987281911105634
44836,0.0074298867387058215
44838,0.17740646584433298
44839,0.026092726083828087
44841,0.0035941795738643713
44843,0.004284842816841138
44844,0.01157474619426276
44845,0.005079264660047617
44850,0.010121988431680488
44854,0.09358424999148687
44855,0.0028515576408020054
44856,0.029272718829551465
44858,0.004509707117368206
44865,0.002999905965137299
44867,0.011783194144777314
44868,0.003996527244664712
44871,0.01464250723541909
44872,0.03330915219015342
44874,0.009618816237946703
44877,0.008205020974889211
44878,0.007838703082689961
44879,0.0045277600586783465
44880,0.01748093282345241
44882,0.2553790276877699
44883,0.0047658374926270956
44885,0.23221558771522255
44886,0.020361592911952445
44888,0.008487932129353433
44891,0.025040978936628492
44893,0.011000421382760492
44894,0.014162406011329072
44897,0.04373999861837479
44899,0.006354859492846523
44900,0.0038742007890216843
44901,0.015520187212887537
44905,0.02289364061945305
44908,0.0030770907203395755
44909,0.004873186259792473
44911,0.0062751562285948415
44912,0.01533108965780938
44913,0.006032421244651066
44918,0.01749594446652638
44920,0.010253895931437504
44921,0.01642360543837734
44922,0.06771442066878469
44924,0.024353791479129746
44925,0.004098456934174534
44927,0.18766650925551745
44928,0.0035527944311310685
44929,0.036166413061070844
44930,0.003697481047147614
44936,0.009775321436939878
44937,0.005701381911404714
44939,0.013031222016538259
44941,0.011878188415106409
44946,0.006779635695676463
44947,0.1275586988563772
44948,0.011923871309581533
44950,0.003619467382369527
44953,0.062285016863009385
44956,0.07921129603665
44958,0.08216660171427738
44959,0.009358994278909228
44961,0.0388057861028484
44962,0.2207454364924514
44963,0.01723995162647988
44967,0.04020759133840852
44970,0.4248119221284611
44971,0.004782250195906429
44974,0.0037786378377144716
44978,0.05279569325514709
44980,0.01788100272978392
44981,0.003939687043993876
44983,0.08942076002587328
44984,0.18699004524296456
44987,0.026495052933460918
44989,0.006201838396962164
44990,0.003750631085272401
44992,0.004353741273168559
44994,0.008337280276851607
44995,0.0880172457142796
45004,0.00440047507303
45009,0.004034996563856799
45012,0.004056466689139753
45013,0.12068856012920423
45016,0.005288925275179893
45018,0.014121311684242408
45019,0.06159216129284485
45020,0.011267157475447768
45021,0.07884216123985384
45022,0.008841341163205969
45024,0.03226498574188821
45029,0.10825685799375405
45030,0.0035281936599633567
45031,0.004155749528880348
45032,0.025509222742036854
45033,0.011175314333698675
45039,0.057796583768773925
45040,0.0033704954548924187
45041,0.032295957349125624
45042,0.004443867426296989
45045,0.01115045807718963
45047,0.006450470474999933
45048,0.006595637021713504
45053,0.02658038063360585
45054,0.044723670658305174
45055,0.0034525610018645136
45058,0.01150835065541359
45060,0.046442098976080703
45061,0.04321013801286673
45062,0.11187010637369105
45064,0.0037604088069624897
45065,0.020230561983424322
45069,0.010079564453069071
45070,0.0029528016872672185
45071,0.0037830570841856544
45076,0.1995106451867724
45077,0.0035448015768629834
45079,0.003710135957080762
45080,0.0328264710662021
45081,0.0036348180992402316
45082,0.009300860909061253
45083,0.021173818526879693
45085,0.0042061849793279425
45088,0.003787051970997407
45089,0.027866283597061416
45094,0.00415552228725648
45096,0.0038340968442939043
45097,0.002975004497771182
45098,0.02524313729886077
45099,0.06794501859933263
45101,0.005971052157458076
45103,0.0038109998891573973
45104,0.029574926628055605
45106,0.07031899170020038
45107,0.04633404724667761
45111,0.0073113741761555336
45112,0.009382489654056999
45114,0.006847728790703512
45115,0.003681994101856028
45117,0.04340253094752684
45121,0.0036322158971216637
45123,0.035747736512999326
45125,0.05066571886121674
45126,0.03769533243958837
45127,0.003943212832706015
45128,0.010633157903190464
45132,0.051662821136504535
45133,0.012360117996353713
45134,0.009208446093062485
45135,0.02188195542020281
45138,0.0202222347200678
45139,0.035451932771311756
45149,0.005713554523521876
45151,0.20220860380437472
45152,0.21078247912569908
45154,0.0036686956889203184
45155,0.0031512744087335387
45156,0.020908893765710805
45157,0.022626967349017917
45162,0.003475211906569661
45165,0.18693545278726778
45167,0.24535714127184477
45169,0.004380066806546672
45173,0.0038529286583513594
45174,0.006990428115476052
45179,0.005842190602746061
45183,0.1225099993714518
45185,0.0030546004739482905
45187,0.003689772732919668
45189,0.061385001411774734
45195,0.0145613762401624
45196,0.02031945386565555
45198,0.018806997104391897
45202,0.058697926367389915
45207,0.0037057209836062
45210,0.025040978936628492
45211,0.0035191511138761397
45214,0.0037708199762339248
45215,0.029439081848821397
45216,0.004323322430669665
45217,0.035359259464004845
45219,0.004392118948433216
45220,0.08191093650863147
45221,0.006300762788628724
45224,0.0031480372075443227
45225,0.008128534086864586
45226,0.015697568998972514
45228,0.04984798805042541
45229,0.003512948345781811
45231,0.028777390633864464
45232,0.0037407083036146084
45235,0.014447216857935976
45238,0.012964022677843214
45239,0.01185441068637155
45240,0.0037242108829152612
45242,0.19150260696412197
45244,0.0427045802672657
45246,0.005973099546368737
45247,0.0874261814635374
45251,0.0453341829895171
45258,0.009204805503021793
45260,0.003549402356911771
45261,0.003764778214608664
45262,0.008043017633165932
45263,0.18246797209984622
45264,0.013145281371660824
45265,0.005318370499546416
45268,0.005793361361974043
45270,0.2600385657601172
45271,0.09278860427506327
45278,0.01090404827503503
45280,0.006001407669592203
45284,0.017755377184530564
45286,0.2395540172711541
45287,0.0375777157836986
45288,0.008481804445425848
45289,0.026092726083828087
45290,0.06762729937710142
45293,0.09956025540978307
45294,0.0029079022441261507
45299,0.004629179219165992
45300,0.008812560126343093
45301,0.08064102123363727
45304,0.17337092655283082
45306,0.01397897999229375
45312,0.0053882164260224035
45313,0.08272457330648064
45316,0.34036239329184137
45324,0.003100223641075145
45325,0.005558487027482976
45326,0.0029598639419728553
45328,0.08499423770712185
45335,0.014088871974007312
45337,0.020002352562794187
45344,0.004113598794573093
45347,0.02011700684844189
45348,0.10525679975067322
45349,0.0884647150018805
45350,0.09304052028887062
45352,0.019743030975799138
45355,0.04934523482316468
45356,0.012787015833300025
45359,0.05942010168546177
45365,0.033594328161715786
45366,0.19984745882839722
45374,0.004003187123320745
45377,0.002930984246858749
45378,0.011289404089877362
45385,0.0933465763351782
45389,0.010248231056994439
45390,0.2005732993591157
45392,0.0030343525255367002
45393,0.0036889301811645616
45395,0.04031740802952718
45397,0.009189778163976065
45405,0.009857613511275294
45408,0.026608629856356942
45409,0.009567958005666389
45410,0.09878848940241161
45412,0.010063740446147475
45415,0.0035459167524091936
45416,0.0036507045157573755
45417,0.0030643539688414673
45421,0.009472983344914277
45422,0.1321297158873608
45424,0.008760058794955183
45425,0.010555601054650775
45429,0.0029070773505204496
45430,0.017023569283796232
45431,0.08692425765653349
45434,0.009896030294232028
45435,0.006963322871117733
45437,0.16169537924684552
45438,0.010254188293998883
45439,0.009156684496961033
45440,0.06477862039219152
45443,0.39906554654342974
45445,0.01956704843706908
45448,0.003557349018782174
45449,0.0033693671044157927
45458,0.014990222192548216
45460,0.025040978936628492
45462,0.010656784306147795
45464,0.013114857167645818
45465,0.026092726083828087
45466,0.014488041195272193
45470,0.0030653392744746247
45475,0.005413704867771425
45478,0.007746842087512621
45481,0.016814792512697928
45482,0.08028126614436067
45484,0.007351527446700972
45486,0.21026832779630283
45487,0.004509590872031143
45488,0.005959831964668835
45490,0.026273617155249358
45491,0.01087133001868844
45492,0.003727160215861722
45493,0.010229222564774551
45497,0.030248622742841003
45500,0.0070764672809279835
45503,0.008902248084279706
45505,0.015150387507057491
45506,0.023749119823148635
45507,0.03459537651067348
45510,0.014308759845348719
45512,0.27211411876241803
45514,0.25862853215554843
45515,0.003923663722281234
45518,0.026092726083828087
45519,0.009885696086471604
45523,0.005232104147666261
45527,0.019197439784128825
45529,0.05279569325514709
45530,0.026092726083828087
45531,0.013278402245142271
45532,0.005621323243003208
45535,0.005801327505024429
45536,0.11402169093094391
45539,0.015981416621506195
45541,0.003489280697996333
45542,0.011685215694738009
45543,0.049431295151837265
45544,0.008523012962826051
45545,0.0068747310928963115
45547,0.13554154918216943
45549,0.007322248713772974
45550,0.026948989882745893
45552,0.005284187391972965
45553,0.014046935989142032
45554,0.0030051170440761076
45556,0.040761543933966415
45557,0.021489488339462643
45558,0.003493000703478524
45559,0.0029502185876562406
45560,0.0039779040948960415
45561,0.06683261974659141
45564,0.005488375317758433
45565,0.01427793820914932
45566,0.002888003761877942
45572,0.0035966671022086313
45573,0.0033929318773710227
45575,0.04703741226048725
45577,0.005149916904345213
45578,0.007071411664152717
45579,0.14538506047714267
45580,0.2003396239162728
45581,0.008334832134647018
45583,0.009508030863861738
45585,0.0054729029404205895
45588,0.006463360900164769
45590,0.04675372987958523
45594,0.22759744078066335
45595,0.006289904365104701
45596,0.0043036442042256925
45601,0.014345218805427138
45602,0.059973939423463525
45605,0.006008153298627231
45607,0.045906817169743486
45609,0.005543364247229361
45613,0.029709549072280197
45614,0.008420562279955744
45615,0.004192773066861904
45618,0.06729320895069903
45619,0.028268591438765905
45620,0.0030022842674671444
45623,0.003713743044638583
45627,0.00995652161324196
45629,0.0383167172033463
45631,0.008550209323936834
45632,0.027806969294722785
45636,0.0032873741309422232
45637,0.006468205136022282
45639,0.03423506028007833
45640,0.11919688790513047
45643,0.006424207991846241
45644,0.060120171747953456
45645,0.01023814673682646
45646,0.018528777173394025
45647,0.00807732975484466
45648,0.012837477678422917
45650,0.005321503977540233
45651,0.032468878807888686
45654,0.0039249695867119875
45655,0.005529109665457834
45656,0.009869649158988643
45657,0.00629125725186534
45661,0.01236173262560918
45665,0.010172088937536003
45666,0.04930566354254043
45667,0.03400964554728145
45671,0.0037033687407426017
45673,0.01863790002302597
45674,0.07339268350579416
45675,0.003199672034834378
45676,0.012207278638061864
45686,0.0211081858430167
45687,0.009627235020884337
45688,0.003019747578725284
45690,0.004095577908230434
45692,0.006829572918748793
45693,0.004180731865970003
45694,0.005579826267363449
45695,0.05815773255809706
45701,0.06119885403889979
45702,0.00461955400454385
45703,0.014664914164076205
45705,0.014515479974686262
45709,0.002855666440501423
45715,0.0029056951990050514
45716,0.04647736768729684
45718,0.09280209859179031
45719,0.06787647034722101
45721,0.021386138601024233
45722,0.0037844811075076162
45723,0.14149191255647242
45725,0.005377972649345873
45726,0.04245153507625704
45731,0.030963777190138955
45732,0.024397161371280198
45733,0.014432055619189015
45735,0.057884315888609685
45736,0.05609257868256857
45743,0.013011365172000714
45744,0.014656895205059318
45746,0.22021112365905887
45747,0.006827303972759908
45749,0.04324566876554871
45756,0.030650478640498347
45762,0.0028963560572978658
45764,0.002879834544110722
45765,0.0301321022508822
45766,0.007670544535993387
45769,0.0035672315632112647
45770,0.04418782164492535
45771,0.004368729075460629
45772,0.017242743175058448
45774,0.0036497977391866227
45776,0.004077039393640888
45777,0.025040978936628492
45782,0.003718131271011349
45783,0.06799938944739689
45785,0.005864805458385664
45786,0.1714638424186032
45787,0.004209293239913571
45788,0.008746150149668062
45790,0.20219086833201716
45798,0.01459873596470843
45802,0.0310512621114264
45807,0.0039510642035650734
45810,0.003915325186796597
45811,0.003702055914553617
45813,0.12628190540079193
45823,0.31907304638469935
45824,0.004273892698015519
45827,0.007066125258923914
45829,0.07479924850238001
45830,0.05561387646244233
45833,0.01111313493902931
45836,0.0034977070344539237
45839,0.01231158514993857
45840,0.015524604135307233
45842,0.009875154850743764
45843,0.026411574878759874
45844,0.0031276179266977017
45845,0.026092726083828087
45846,0.09430759473625361
45850,0.018241727161730878
45853,0.463990015534184
45857,0.0036897093237162246
45861,0.012653899914820535
45863,0.003528221901058546
45864,0.01412161123338489
45865,0.01020895415230172
45867,0.002954444623079959
45869,0.003538980108425679
45870,0.18540178602251894
45871,0.004123793209891945
45872,0.04732509537885333
45874,0.004911316386866083
45875,0.004223169155484922
45881,0.0036834672920633515
45882,0.038924568834572154
45884,0.014367344280659125
45885,0.026092726083828087
45887,0.2498177150685625
45888,0.0063147843803969825
45890,0.020593542238850283
45893,0.003861450361458384
45894,0.02534397650155375
45895,0.04802100084300092
45897,0.004813492664545516
45898,0.004661829163079786
45899,0.020505558002320096
45900,0.02222688853674096
45903,0.010955699939353379
45904,0.006317967474786851
45905,0.18379972702652808
45909,0.2731362478317099
45910,0.14840216392986869
45911,0.2312700682171947
45912,0.017831502812556195
45913,0.0035700842333455467
45914,0.09506870942667695
45915,0.013948649463186809
45917,0.0036500185508184266
45922,0.006273840908754065
45923,0.026117779938540826
45924,0.009397656635513455
45926,0.003677935839145636
45929,0.02826215915035833
45930,0.0036653084197817904
45932,0.003241651713012808
45933,0.002972289446957232
45934,0.0040030152092171215
45935,0.013095784449509436
45936,0.033241597508915345
45937,0.19832292754906009
45938,0.0028753277660414074
45939,0.0029962214085595355
45940,0.003390229824246762
45943,0.030129986820256985
45946,0.005705392489396996
45951,0.010506190716065518
45953,0.015546561567501255
45954,0.005979710762593514
45955,0.004207115948109701
45957,0.19928601630531623
45960,0.0037391397996875096
45961,0.01600840368788075
45964,0.019600937280882524
45965,0.04346474502982251
45967,0.006629382335150869
45969,0.07419109674688032
45970,0.004126460562334597
45975,0.1915984516167032
45978,0.004838152928378315
45980,0.0030091177520265556
45982,0.01454613345042129
45983,0.004205222337307022
45984,0.0034179952702499037
45992,0.007842827860007633
45994,0.00886424275485377
46001,0.013282356153038424
46002,0.046073634168102784
46003,0.027013921243861375
46006,0.007410641639046752
46010,0.01167480144586421
46011,0.009895501575553006
46014,0.011363048022790994
46015,0.014114553738063145
46018,0.006747365734219393
46019,0.015990612367558096
46024,0.004356454273192532
46025,0.032667036463684025
46029,0.046323845481038815
46031,0.041084282732021055
46032,0.004816374360801876
46033,0.06853949516576598
46034,0.0028838145630134013
46035,0.004197094536749772
46036,0.0036499444397417166
46039,0.003250229692880877
46040,0.018792929392410646
46042,0.2047272195866978
46043,0.002940851697325523
46046,0.0029830386570678714
46047,0.0029860693270402257
46052,0.007995353983391355
46057,0.009791363660780178
46058,0.019478658703316512
46060,0.017608450966915237
46061,0.022332489453803374
46063,0.005183539755754449
46064,0.008593495973019357
46068,0.009130317709624606
46074,0.03436226375864474
46078,0.04661724023839109
46079,0.0028581345857108306
46083,0.002954348740980047
46084,0.0035741136230603454
46085,0.10419370860763096
46086,0.10351638986270446
46088,0.018317549764534296
46089,0.11055534990415282
46092,0.22134907438729823
46093,0.03269440089497356
46100,0.23470455141546237
46102,0.026471075866744968
46104,0.011744882537308259
46105,0.003350407257306419
46106,0.03232024825569319
46110,0.0036907729525876747
46112,0.00612676055730295
46115,0.0045839098330094676
46118,0.0512839865571254
46119,0.012578086636245748
46121,0.00619878124063431
46122,0.003923663722281234
46124,0.02961552768655969
46126,0.012997171828230885
46127,0.00456416920424045
46129,0.00681397124724628
46130,0.008902939356335213
46134,0.04459337934322618
46135,0.0040999971528677855
46137,0.004791809752335319
46142,0.013429037515809312
46143,0.052133567521615826
46145,0.06266745370517345
46146,0.20692422134877567
46147,0.07690282229019249
46151,0.03568419545427302
46154,0.2060279592054065
46155,0.00966775078756326
46158,0.102113988013979
46159,0.012780495615863424
46163,0.06003628936281209
46167,0.0029080206891009116
46168,0.21397584491488644
46169,0.16558120673698778
46175,0.050324544137084204
46176,0.007163933911732685
46177,0.019283932612643374
46182,0.01724638351721338
46183,0.0031728440247757437
46185,0.03826905595834975
46186,0.13332540076824528
46187,0.018428366460246565
46189,0.03827075450655688
46192,0.1438209959381453
46195,0.012056040160622694
46196,0.004957435224419409
46198,0.0055371381661391585
46199,0.006058676370706083
46201,0.0038713266564681754
46207,0.004300155586916811
46208,0.016319084281115944
46209,0.0035331973122227156
46211,0.006498555362326125
46212,0.03716853373002245
46213,0.0420460088578888
46214,0.013028110516284316
46216,0.006088523549177796
46217,0.11971592231610752
46218,0.009891852296519777
46219,0.01904648237398307
46220,0.08625134368650315
46222,0.00352921545907651
46226,0.09768123652795672
46229,0.14930090110769756
46231,0.03142978547837191
46234,0.010193094789542527
46235,0.036685504120142966
46237,0.03489696294424586
46238,0.2455204058004268
46241,0.003800814698521608
46242,0.02965285058186661
46244,0.0038201696723595244
46246,0.03628184879293955
46247,0.06876268124989376
46248,0.01830925259048336
46249,0.005350008303330996
46250,0.003258370135418899
46252,0.012406924347472885
46253,0.0028437380148118195
46262,0.076372793554664
46263,0.026092726083828087
46264,0.03217624500385107
46265,0.010983519098448243
46268,0.20419033436555784
46271,0.006054312662527375
46273,0.011839002303643112
46275,0.2384448653580946
46277,0.12762071485605428
46279,0.24135715689211973
46280,0.005237783208807926
46282,0.0034376062267559506
46283,0.0688944997282136
46287,0.0038700325909468976
46288,0.06391869440381011
46289,0.0035716799957957153
46291,0.0036517330272468574
46292,0.03023923424092423
46298,0.03141488614797552
46299,0.019530089390638942
46301,0.003961958059688814
46303,0.03936159091557258
46304,0.0033282820711422055
46307,0.0036101562568303857
46309,0.0044828051867831595
46311,0.011855250341990033
46313,0.019153574840274603
46317,0.008143297429181604
46319,0.007180769806396458
46320,0.1962467180389201
46321,0.1753710498242028
46325,0.0038557338789568037
46327,0.0030516849911209373
46330,0.016121237921103603
46331,0.02081981575872679
46332,0.0203760508598957
46333,0.004395521315554949
46334,0.06047843353605718
46335,0.01810773863233498
46336,0.06053838764176969
46341,0.006050579673154222
46349,0.03724990362103542
46351,0.01203682661707264
46352,0.017084653416707216
46353,0.012371162577267922
46354,0.009175188380799918
46356,0.20372201089723127
46357,0.007334465492035024
46359,0.02258917053295818
46360,0.03915877762834009
46364,0.010244264684541997
46366,0.034062772070987485
46367,0.008183013198957421
46369,0.03814070822116013
46373,0.1709269785632536
46374,0.013667036229619718
46376,0.004870299795305193
46378,0.006163370491732765
46381,0.0036232756340732358
46383,0.0046584120309477
46385,0.12008583773777956
46388,0.0034620112299488456
46393,0.09317746780488623
46394,0.05425226166036695
46395,0.029286084049106823
46398,0.22841861686322895
46400,0.049393879812585154
46402,0.004031618763470508
46403,0.12409959101127375
46406,0.013496169225388816
46410,0.07591028949410267
46413,0.021902220310107086
46414,0.004391777951603286
46415,0.0035297499348325182
46416,0.0049466598735525705
46417,0.0035999926051296454
46418,0.0033197907988576922
46419,0.026386085714928224
46421,0.053819127324003554
46423,0.029842661086565605
46426,0.01707087352069222
46427,0.03548517750606376
46428,0.013580382582822674
46429,0.08293915603414248
46430,0.030758373996398174
46431,0.021415898210596897
46433,0.01413207634062751
46435,0.006463362300084842
46438,0.015334547414563277
46439,0.0039036887577429164
46442,0.00294477886768016
46443,0.016350272994987664
46444,0.01174695523839792
46445,0.00570399194223775
46447,0.0029934632693858344
46448,0.010844627827341932
46451,0.12004885052128537
46452,0.003781901054158975
46454,0.0029565472775349116
46455,0.009187940607057278
46456,0.02142648356969444
46458,0.00504913728677856
46460,0.062923983019909
46462,0.20595120015936985
46466,0.008325476207746874
46469,0.006818430542594503
46472,0.07612743333328438
46473,0.005142063487056571
46474,0.022491974559493314
46477,0.22254090777938862
46478,0.01647689568751924
46482,0.03821131720474587
46483,0.01959566162865059
46484,0.01669593347344465
46485,0.13133076757172427
46487,0.005153182507289476
46488,0.015142063554649473
46489,0.0037593142848036786
46492,0.003057466476041161
46495,0.00878262118090449
46499,0.00941238777868703
46501,0.2023516214674978
46502,0.0036969804907876734
46506,0.0061299451390098335
46508,0.1647735976680608
46509,0.0037540218962765094
46512,0.011449646694732219
46513,0.003955806106252835
46514,0.005616620700202849
46516,0.0035836147607533546
46517,0.08216892978372482
46520,0.011631109077582802
46521,0.0032012205652523695
46524,0.00986161698211911
46525,0.0037073321949313847
46526,0.013058250947203942
46527,0.0028689209285118573
46528,0.01144346952415898
46530,0.026158117476696996
46531,0.0031842029488933746
46532,0.048295224086132064
46533,0.0037650049253537795
46534,0.12959355437682435
46538,0.004173548731901703
46539,0.041962084161782036
46541,0.009634153626751631
46543,0.003593341887610117
46545,0.013054995820784348
46547,0.004197094536749772
46548,0.03448453066320449
46553,0.12218650002095637
46555,0.025040978936628492
46556,0.02737534879695303
46558,0.003402923185139981
46559,0.016298609341861493
46561,0.0035654662832324416
46562,0.06501271320543069
46563,0.008261249214206469
46565,0.01831864415801212
46567,0.004530302479569227
46569,0.039410061776700686
46571,0.05629166304730249
46575,0.00881799899532958
46580,0.02257626536146041
46586,0.2877541580857609
46588,0.021611919691945158
46589,0.004776846872674031
46590,0.0029177715599475913
46592,0.012012235688118232
46593,0.0036329373872765447
46594,0.0040098160817108545
46596,0.08026289527415464
46598,0.0041791740007303384
46599,0.015640071647543316
46600,0.011510821984241621
46602,0.01954165735478506
46603,0.029470066832258904
46605,0.019239586338933853
46606,0.008581135528106156
46607,0.008577806542854916
46609,0.22543864553814302
46612,0.0060431675380570845
46613,0.016231258182786534
46614,0.003707219632237739
46617,0.018312796036701072
46618,0.036717105070117155
46619,0.004094364946491271
46622,0.03660613658533019
46624,0.09750153322702981
46628,0.051536375082605196
46630,0.03554684522769441
46631,0.004508332224528879
46632,0.03818873643619198
46633,0.21609267218967293
46639,0.010978179290761152
46641,0.006636717683596084
46644,0.029914277969462097
46649,0.003995015793388045
46650,0.007869230326706902
46652,0.004465162034144069
46653,0.0057856383874723095
46655,0.0052276456696755125
46661,0.05255989394071758
46663,0.0030362922897418034
46664,0.005739127471942274
46665,0.0035033934516930597
46668,0.20752357647628109
46669,0.015093575640930822
46670,0.05645978991980226
46671,0.03575204609528199
46672,0.019279006402467293
46673,0.025554497704862476
46675,0.00504941563218374
46676,0.002978302774444601
46677,0.0028658903751168606
46678,0.0060117043319367295
46679,0.013343953627643668
46681,0.004129466584400748
46683,0.01578521921078203
46686,0.004100164074019051
46687,0.010864197542330081
46690,0.0034742070030997652
46691,0.003357671501642876
46692,0.0029335849912492757
46697,0.1546360394844267
46698,0.02956285464250994
46699,0.003906550525404402
46700,0.03917665821287575
46701,0.01334699012825157
46703,0.013472015440418497
46704,0.016166088983922383
46705,0.011612678140025938
46707,0.0030188833326532053
46708,0.19846498127578252
46710,0.07125854082437294
46711,0.11938628540210768
46713,0.006181306646077348
46714,0.19587741014156917
46715,0.05043195700120257
46716,0.02984156788003976
46717,0.005154878891546544
46719,0.1608552884143238
46720,0.0051701650064959965
46721,0.02743949215707746
46723,0.0036293604769999308
46725,0.06373877982225275
46726,0.028549684115842015
46729,0.0030468849758804044
46730,0.018260178335042166
46731,0.056161000601579414
46732,0.026010433391718102
46734,0.05468413810578513
46735,0.004651763136191671
46737,0.018159984514588015
46738,0.23919633115828162
46740,0.028946540777484434
46741,0.005415326060364841
46745,0.026092726083828087
46750,0.08666631264945084
46758,0.026092726083828087
46760,0.0044543327137306
46761,0.01636249874486648
46762,0.13269455380333026
46767,0.002860638124551936
46769,0.19567101474282403
46773,0.012574851853947928
46775,0.01513852065279561
46777,0.023369843335651085
46779,0.011857994263972159
46780,0.02919452935575473
46782,0.03459537651067348
46783,0.024724872588702405
46784,0.044876100223379546
46786,0.19846498127578252
46787,0.003609924480305329
46794,0.005430600635619125
46795,0.004079113459778613
46796,0.007042838399724326
46798,0.0036364333173622807
46803,0.12887530683104567
46805,0.005066021781571557
46806,0.004612457120889486
46808,0.00474098834423993
46810,0.18553289762601488
46812,0.05434979403817322
46814,0.11974086413273582
46815,0.006667011537014908
46816,0.025581832397636402
46818,0.003329890530147907
46819,0.021568757988554923
46820,0.003789328327181048
46821,0.2555533840481647
46822,0.0029283128720417437
46823,0.01348731925966562
46824,0.07001905310663556
46825,0.0033585984887339985
46826,0.06780860931219918
46827,0.011656014980865374
46831,0.0046508312170977
46832,0.19541955160547106
46835,0.03446597727558889
46836,0.06851372550850628
46837,0.0034502323276354523
46838,0.0038961175489015095
46839,0.011015925005392582
46840,0.10804235588730371
46842,0.01920375913618503
46843,0.006150182099228115
46844,0.00765596406237583
46845,0.07911829790165059
46846,0.0738492905020723
46848,0.5116904619073932
46849,0.0651039410382703
46854,0.20933437651588568
46856,0.07855527214381679
46857,0.005291533625746547
46859,0.00295126353841824
46862,0.004238009387188379
46863,0.013408966503714039
46865,0.0452014995918962
46866,0.002832501821515347
46867,0.009574516487855967
46869,0.004230512161521425
46870,0.0028762378343918597
46872,0.02675102116588
46883,0.023169731457752543
46887,0.006652256912517012
46888,0.03177463316606691
46889,0.006590563142289046
46891,0.005742035464630505
46899,0.03517461299286007
46900,0.00334200093747362
46901,0.013314730851347935
46902,0.002894853847833598
46904,0.01417120922569278
46907,0.007682916351683276
46908,0.0033569783234083713
46912,0.002968210380602051
46913,0.003911587004200903
46914,0.020857359198927356
46916,0.03763615850470773
46918,0.0034139403387806622
46919,0.0028326241922197863
46924,0.009033802391299146
46926,0.02042471189976662
46928,0.0037582278565224214
46930,0.011994243889823956
46931,0.04859567778722463
46933,0.004252123137634335
46934,0.04713231829824754
46935,0.023593875363556394
46940,0.2276008012681622
46941,0.04843042888155709
46942,0.02221899685238298
46945,0.1448776086352409
46946,0.08977982739685848
46952,0.0037199909120556288
46956,0.005426734920935953
46958,0.026505392092850178
46960,0.026092726083828087
46961,0.004377804440661926
46965,0.010241414128327663
46967,0.3202073343654992
46968,0.0043400029140866145
46976,0.010466805420630238
46977,0.20057835821118888
46979,0.020710063995404412
46980,0.008731598946170347
46982,0.003586266757319765
46987,0.006101479923819109
46988,0.07318124216887163
46989,0.005065454571037612
46990,0.08610280237582996
46992,0.09195925828630196
46993,0.07708722335964119
46994,0.10315123485710305
46995,0.05498028715154299
46996,0.22666743717733678
46999,0.0028918255356155816
47004,0.019769890765945833
47005,0.02284024936486305
47006,0.08676618384051984
47008,0.003916435179991986
47012,0.01669738937558829
47016,0.08286122652227719
47017,0.0037235534460270257
47019,0.08777899261430203
47021,0.20917087469672557
47023,0.014165889634199553
47024,0.022085878450916273
47025,0.0030493751909342888
47029,0.06643528802667088
47030,0.09964692236239457
47031,0.003929842690541885
47033,0.016034334498783047
47035,0.009291392453687786
47036,0.04199195008127644
47039,0.020956867859610213
47040,0.07021003068181135
47041,0.0034576730259145523
47043,0.008346705020232936
47050,0.0068329600793943695
47051,0.12330638160861328
47052,0.28450895456707914
47054,0.03897820033573507
47055,0.007716930141508802
47056,0.0039982472232061445
47061,0.005039897327185724
47066,0.008705713707108499
47067,0.00878185658658157
47068,0.009966941908036679
47070,0.004085092850950057
47072,0.06865503982696756
47073,0.011752071697012043
47074,0.004951791395717299
47076,0.005500782317913669
47077,0.0035985507485232424
47078,0.0147076616454385
47080,0.003440624247013584
47081,0.02694290039430772
47083,0.03834854642171198
47088,0.08092639274381762
47089,0.0029557470528896136
47090,0.0035651721406663897
47091,0.014666702393093678
47093,0.0034534103986334774
47094,0.007236241573388619
47096,0.031276144415382755
47099,0.015468178445112196
47102,0.003316343098831572
47104,0.0034452731446200347
47106,0.004281582069155757
47113,0.006886478604597294
47117,0.008027112563942977
47119,0.13082372997291847
47120,0.005323231769276157
47122,0.0032482937689292833
47123,0.004474209463784897
47124,0.024817743028094478
47125,0.021556771396395526
47129,0.06601956426934225
47131,0.0033258079967448135
47132,0.007505312004055903
47134,0.07122220464019911
47135,0.33878760021813975
47137,0.06495482506025639
47140,0.034783011502714914
47142,0.031511860301619475
47143,0.015947148410476692
47144,0.026092726083828087
47145,0.005404614569083815
47146,0.20165370969842414
47147,0.010077169595434568
47148,0.003822472067659673
47154,0.033411497111731206
47155,0.08068140813265483
47156,0.034238135002370634
47158,0.05235752252902687
47159,0.003946385989845869
47161,0.0084772933212682
47166,0.017604897078952263
47167,0.01220740656817581
47168,0.0031602086710371
47171,0.026466117142630197
47173,0.006507514003415428
47174,0.03903425708589609
47175,0.17516895672332125
47180,0.05347195498490971
47181,0.006267808152390259
47182,0.003590857583342222
47185,0.010895662415177124
47186,0.004213309219864789
47188,0.00284186879599322
47189,0.046265212784759875
47190,0.010196387439718518
47191,0.004091591354153459
47192,0.23198383907103193
47195,0.005133821044966629
47196,0.010816877039643348
47200,0.050409105137942875
47206,0.010678362250406097
47207,0.07394198478097731
47209,0.005648677398974674
47210,0.07490861186444937
47212,0.12920919679471718
47213,0.06318654081164647
47214,0.22388894191801958
47216,0.01749818170225777
47217,0.004746281440637727
47218,0.003224496413075341
47220,0.0037836543239036526
47221,0.06658289906244885
47222,0.17746367227543336
47224,0.029613523621437668
47225,0.005566678757995857
47226,0.02546685669405778
47227,0.01938107063593947
47229,0.017008919175719922
47232,0.026092726083828087
47233,0.009837826320065716
47234,0.011953854518150476
47235,0.020297323106094098
47236,0.0066556676927758416
47237,0.004556303711006396
47239,0.014902746885733788
47240,0.012814743436517314
47241,0.013296927297561134
47244,0.12116765518393018
47245,0.006235427538982663
47247,0.003712005128873209
47248,0.009591119738526423
47249,0.026219921775340823
47250,0.0041861350268979115
47251,0.019348272931834994
47253,0.08639010635850972
47255,0.02106510734707265
47256,0.0064011398642253945
47258,0.05424927597216865
47259,0.18693545278726778
47262,0.01135670773311616
47263,0.003299537271690134
47264,0.0032711287290879383
47265,0.09018302440744257
47267,0.003336929839566299
47268,0.07294072774624985
47270,0.0072105702096460665
47271,0.005309179622828186
47273,0.013644117750244463
47274,0.0037654713234831234
47277,0.009921795580616968
47278,0.25361994554261186
47280,0.0669222844570479
47284,0.04310788541739568
47285,0.0631305264604878
47287,0.006783921430953551
47291,0.003848965929623083
47292,0.03344786989461557
47294,0.008734471776477726
47295,0.004090620082784258
47298,0.05423062378144035
47299,0.01236045886830961
47301,0.003505031077060466
47303,0.014825206077237873
47304,0.04547509450399263
47310,0.04302566059960953
47311,0.01869473616723436
47312,0.0036618009124615436
47313,0.01662963930266128
47314,0.02107816711649889
47316,0.0068689882515437966
47317,0.002876894928317904
47318,0.003249538242367634
47320,0.0037628457252650792
47322,0.003078812264119301
47323,0.006782748072108988
47324,0.0038486713910177777
47331,0.012274648702923384
47333,0.022340424318422907
47334,0.009508775353645289
47335,0.00539608154752524
47336,0.009363393402234417
47337,0.04979443627530625
47338,0.048267520720677255
47341,0.0031816019324919995
47342,0.017680468402169056
47344,0.04646441633261168
47345,0.014610814627626496
47346,0.032862780806649367
47348,0.28634112704571596
47349,0.011651973045733248
47350,0.01904986034531474
47351,0.04199774379607015
47352,0.022221769564467142
47354,0.11256970948671051
47356,0.08260020581444605
47359,0.0038895114181051963
47360,0.014113178316481565
47362,0.0037623721077969193
47363,0.03941876352000007
47364,0.017870010948326867
47365,0.024501332718982756
47366,0.06814621281230299
47369,0.003975430192515601
47370,0.0030038120848027605
47371,0.04671675858847472
47374,0.08776192004111182
47377,0.010686892150580668
47379,0.06283564592237745
47380,0.09961706731450456
47382,0.006441426705729523
47385,0.566954747697098
47386,0.10403822052126224
47388,0.019515521374973116
47391,0.004378806530473092
47392,0.015935510098600076
47394,0.003609241534108598
47399,0.2528790622665764
47404,0.0046543743045900044
47410,0.005614893230817103
47411,0.00290925094756128
47412,0.047716806455287045
47413,0.05622328010211544
47415,0.10219852582586973
47416,0.30276079259987493
47418,0.0040556857391223266
47419,0.004840353133728818
47420,0.03172273802066108
47422,0.006769006866710356
47423,0.043657212191372474
47424,0.0037911806838089885
47426,0.15755630114579797
47431,0.008456908489740197
47432,0.004428746582120705
47434,0.00705438434052788
47437,0.008108047939919354
47438,0.015803049499560053
47439,0.046152777579830134
47441,0.009903019831622464
47444,0.02926519767221782
47445,0.015241223672332627
47455,0.003167882861268298
47456,0.012916942100665177
47458,0.059898249684314134
47463,0.03156871479657315
47470,0.05279569325514709
47474,0.005135058557837174
47475,0.004380995703416709
47477,0.013004531865990614
47479,0.10721890636717338
47480,0.08736146991297118
47483,0.01309363627836623
47484,0.013196678484417818
47487,0.003619511271615072
47489,0.005863123936256123
47491,0.012952276575123333
47492,0.03863804277851061
47493,0.19961882204133805
47494,0.25540255016112934
47495,0.0072427399379406746
47496,0.2167938720394059
47498,0.0749175476430285
47499,0.0036927900804669365
47500,0.011857481711599357
47503,0.0054932613293306775
47507,0.005474117131114866
47508,0.18791504491920727
47509,0.0923903066690753
47511,0.07376602049688591
47513,0.021572973400948357
47516,0.004811636168423168
47517,0.006351039163937094
47519,0.03393310009340203
47520,0.07054741570407767
47521,0.036471212248520915
47522,0.010542081229326476
47524,0.23948335244621374
47525,0.006452545208562899
47527,0.00520553882173316
47528,0.002909207378236964
47529,0.0037831792262279906
47532,0.006672060360031322
47534,0.17889672655283465
47535,0.017673242067326272
47540,0.013927152988615086
47543,0.0035106991648245008
47544,0.013892812183596788
47545,0.010213862669604588
47548,0.05519676461069319
47552,0.033090123719997505
47555,0.07063568963331228
47556,0.015028890430938795
47557,0.027843558471385355
47559,0.006353180934631728
47560,0.003339780081475012
47563,0.025445170404689747
47564,0.21771537731461077
47568,0.02514209705887318
47570,0.22491453468931966
47571,0.029281876660747042
47572,0.028432099848111167
47574,0.021975445628915086
47577,0.005403123115755497
47580,0.04238251285632994
47581,0.007605823941234255
47582,0.09323561703212725
47583,0.2315786770376381
47584,0.0033630172262945667
47585,0.16866003693644407
47586,0.0066786751730485965
47587,0.006609557366962302
47588,0.003101525274310644
47589,0.2371488914510365
47592,0.004004993510480226
47596,0.003672738765753264
47600,0.2074362145819986
47601,0.009361862976707614
47602,0.0467208213674437
47609,0.00460995855097269
47610,0.046066448776373246
47613,0.007202813641326838
47614,0.040429048120003745
47616,0.013640880890069962
47619,0.03293751990568793
47625,0.004725289071504591
47626,0.01035418338898942
47628,0.021249389645563603
47629,0.0028842141225690274
47630,0.017059557093795148
47632,0.03309796330047387
47634,0.03665672459017804
47635,0.023899791260411817
47638,0.04580162173405932
47639,0.012635006259695053
47643,0.0034685057145125878
47644,0.004388898851280653
47646,0.005234499587381902
47647,0.03631096743044092
47649,0.034396219356502084
47651,0.049575734407961786
47653,0.03378472452600189
47658,0.1727560287942314
47660,0.011642308567501284
47661,0.018630665102020636
47663,0.003921335367115407
47664,0.004125540831176469
47666,0.008489727788978283
47668,0.08831362563727665
47674,0.025396598270169546
47675,0.007384568346438592
47678,0.10096816389048034
47683,0.033336408742810054
47687,0.0448699931366621
47692,0.16428690914179578
47694,0.019738142398493766
47695,0.1247909463699433
47696,0.08395778450442787
47698,0.01004957122876892
47699,0.05546159159814313
47700,0.004071894182836126
47701,0.006494912217458104
47705,0.00652566108586715
47708,0.0058242830619095205
47709,0.0070384170668095205
47711,0.011644719815598245
47712,0.01814766074585849
47714,0.016220996421834926
47715,0.0038617161297440036
47716,0.2232320835448273
47718,0.17171029974177057
47720,0.00384463074158671
47722,0.0038754118018791066
47723,0.0039028124190459267
47724,0.00521259796718408
47726,0.06911072321076539
47727,0.006588237768575781
47728,0.003974359480477377
47729,0.005278361196951636
47730,0.006264653920252295
47732,0.03432223751801045
47735,0.022821600305191588
47737,0.00909214893782487
47739,0.022868903184942495
47741,0.012227954866796387
47745,0.007398767330785018
47746,0.004025066420309553
47747,0.04330665207296318
47748,0.004942103631811658
47753,0.10707631752316804
47754,0.07417715481465706
47757,0.007048959992569938
47758,0.08074242734552257
47760,0.007901723073587117
47761,0.008926914135815851
47764,0.010247564833590204
47765,0.002931878626457147
47767,0.00425305928443932
47768,0.0032937767668230543
47772,0.0029906829665989607
47775,0.08352519614686749
47776,0.02011667711887968
47777,0.0035912922140084263
47779,0.008871944311568741
47785,0.07704548631286379
47788,0.0037351893709705675
47789,0.003660601989429082
47791,0.05976203412775537
47793,0.0031673678257419426
47795,0.1783127817885432
47796,0.003975026822141631
47799,0.0029213786763743234
47800,0.025040978936628492
47803,0.0035474948588117665
47804,0.2704678019465721
47806,0.015215398449806131
47807,0.017301311178971292
47808,0.012473634480126049
47810,0.025040978936628492
47813,0.003857563490355615
47814,0.01093662006917145
47815,0.003176665003553073
47818,0.013069116911097176
47819,0.0029104407694203107
47821,0.22524545986475758
47827,0.013985925136209403
47828,0.2215204503095702
47836,0.005601989754259057
47840,0.004010881876872193
47842,0.006930689802973383
47848,0.017555710588021356
47853,0.2054649989779309
47854,0.017058284571951986
47855,0.0036396706439164634
47856,0.003597480392549823
47857,0.00290660859497394
47858,0.013481594562800256
47859,0.010197251048923005
47861,0.005147337244864104
47862,0.03953876608026105
47863,0.0028573049356866915
47865,0.02113945602414132
47866,0.0037407184291432176
47869,0.12858236607719978
47870,0.02749323138393393
47872,0.009586418010845324
47874,0.04105673197581161
47876,0.014131617350428206
47877,0.049616370004185034
47879,0.010979498805059966
47882,0.023525240121831246
47884,0.1853984855024722
47887,0.0033817618434564068
47888,0.01606135056065102
47890,0.19032310156102156
47892,0.08272972940831474
47895,0.03215905458422217
47902,0.00513335347347866
47905,0.006809604703308831
47908,0.12409738305553321
47909,0.062463823366773995
47910,0.006704573829094128
47913,0.004921570715673447
47914,0.007746135233690916
47915,0.051846292907383705
47918,0.07901082296222697
47920,0.009786661840721973
47922,0.07015298568053814
47923,0.004079993523174886
47924,0.010991085606724946
47926,0.00635908630176458
47927,0.054304809892065896
47928,0.01609973556317333
47930,0.003329599464813908
47932,0.005576244181432441
47936,0.02427355324496208
47941,0.35839809041608556
47942,0.007264509963125142
47943,0.05465569116407594
47944,0.17501803186207118
47946,0.016734448640909578
47947,0.04041282792655625
47948,0.006164215645550167
47949,0.00450374277462852
47950,0.0030296846097444775
47952,0.005142512415115392
47954,0.03404536497249658
47956,0.0038568624206711663
47957,0.00321217896433935
47958,0.0039453783511899055
47959,0.0030685001724404986
47961,0.07519953557739346
47962,0.15712396825658878
47965,0.008751178954822076
47966,0.03422906972748159
47967,0.04640754591885783
47968,0.005578116730167829
47969,0.003542804445775101
47971,0.006444931260537128
47972,0.003335948227672864
47973,0.004074524425757595
47974,0.005982240026129565
47975,0.0956559597452996
47977,0.0034348127374386264
47980,0.20674179243038593
47981,0.036497066098328985
47984,0.0037558614897082693
47986,0.0029284403622132534
47988,0.03725733664278485
47990,0.026092726083828087
47991,0.14091132924944622
47993,0.10823974756050635
47997,0.010552148701304246
47998,0.005775138573494041
47999,0.012833077080466057
48001,0.003710425740057213
48003,0.12825331744780485
48005,0.0036689341157070676
48007,0.01023704219238604
48015,0.031332227886574374
48016,0.0037592393056394614
48017,0.0077973017246327075
48022,0.005180754859104244
48026,0.12536893174866412
48027,0.14085943699749126
48028,0.07793657507538013
48032,0.020820789878934962
48033,0.00503441606138836
48034,0.039112806964954124
48036,0.26006917086868275
48039,0.041506215202098254
48040,0.007989463397264022
48047,0.08901002290785877
48050,0.04572701374397786
48051,0.22308373739432574
48052,0.007115567240347249
48053,0.005685511376660126
48054,0.012240449177885327
48057,0.0038177294784502796
48059,0.0478649656825781
48060,0.029635608688959217
48061,0.004269882048598302
48063,0.011600888523404244
48066,0.009732584519079492
48068,0.0037456311811925693
48075,0.01654713757335803
48076,0.008326534540076706
48077,0.002917697528941905
48079,0.03077147684489909
48080,0.21395430185132464
48082,0.01577419602450451
48084,0.00407162060387421
48085,0.00773457329850054
48086,0.01964605385898965
48091,0.00875638564642995
48092,0.16678828144383057
48093,0.00383519071309917
48094,0.036147656977220534
48095,0.005313974635834122
48097,0.0885301578342529
48103,0.0034278910846422435
48104,0.16150371073720457
48105,0.015680751272741027
48106,0.008373348092099654
48107,0.013234797446962621
48109,0.10541696898280005
48110,0.0033126584349260258
48111,0.011326314861734254
48112,0.01090630465703026
48113,0.07872759822566684
48115,0.014667750142318588
48117,0.026092726083828087
48119,0.04390483552828677
48120,0.0038140748547027645
48123,0.24914681750942996
48124,0.02117702931638374
48125,0.0036293604769999308
48128,0.010990674537878107
48129,0.0032417587454438225
48131,0.03370768319245241
48133,0.002996905544199116
48134,0.0048249069018670016
48135,0.006527164000445607
48137,0.0033331475624272058
48138,0.004326662140454074
48139,0.006242111068858148
48142,0.09117697515224683
48145,0.033830282546907654
48148,0.004022296800831944
48149,0.012545861145319397
48150,0.03459537651067348
48153,0.004110903971492338
48158,0.23554452622104963
48159,0.03232869431676444
48160,0.10089607691337707
48161,0.008842655019434272
48163,0.051674801417976306
48165,0.007456361528342672
48170,0.00451081790421004
48171,0.0065314107524501105
48175,0.0030035849663065006
48176,0.01730074234342387
48178,0.1767022435138391
48185,0.039308205318474024
48186,0.003424144233701787
48189,0.12920919679471718
48190,0.00393549241292363
48191,0.07808572685272977
48192,0.003594068217586826
48194,0.014017322624993543
48195,0.05441047631062297
48197,0.09202833953889974
48198,0.0049387611589305075
48202,0.0028993722165487333
48207,0.024117788026302406
48215,0.0060458218680657415
48217,0.003091366892631093
48219,0.003927890304505662
48220,0.029470024028479244
48222,0.0934770469166784
48224,0.006032505039393355
48226,0.004167208500759081
48229,0.014310380840881239
48231,0.006753490879084325
48235,0.010474649188866408
48236,0.012205900831971405
48237,0.006330496663019488
48241,0.008782901607445943
48242,0.00285076464266859
48244,0.0049635411526103975
48248,0.011569034986625825
48249,0.00492743460352482
48254,0.23955057612140368
48255,0.0038569299744356006
48258,0.04442600775951021
48260,0.003971737579693077
48262,0.005893631209437931
48267,0.029470153250168087
48271,0.0076004637442989055
48273,0.03577164997807046
48276,0.004282677730152842
48278,0.04382775586035241
48279,0.009599506018010079
48280,0.003023312814117073
48282,0.010889682421068893
48283,0.008832782538946407
48284,0.002921783118459779
48285,0.006626379020300007
48286,0.003744455800540913
48287,0.004009702037535781
48288,0.0029648717296479063
48289,0.053659660743459944
48290,0.03901840006528911
48291,0.004694664451239075
48296,0.029517849716095612
48297,0.010289623947731131
48298,0.026092726083828087
48302,0.003328999699519203
48305,0.004366045670805313
48307,0.007416871891232616
48310,0.005631560753219378
48311,0.008009039555992881
48312,0.002883720521398133
48315,0.0051875264083123904
48316,0.0038094165185522085
48318,0.06291716483729061
48320,0.01661640334971889
48321,0.017285083046377405
48323,0.0029244854990747825
48324,0.017243128378468545
48325,0.0029461420655553443
48326,0.010854707747232399
48329,0.002960483290474478
48332,0.01606917136959244
48333,0.003147826584878009
48335,0.03131836181325079
48336,0.006600166143269791
48338,0.006389203967431585
48339,0.004065866641029969
48341,0.0029468178618211266
48343,0.004120181670019981
48346,0.006689765135319842
48348,0.03658040951478852
48354,0.007605333508769564
48355,0.0032467479777281046
48358,0.00650853138416653
48360,0.017620832210759163
48362,0.03802734672000274
48364,0.02837245622798821
48366,0.0038289560962570107
48368,0.017403229609586002
48370,0.003938279934229548
48371,0.003048968440930371
48373,0.009333131994271406
48374,0.019834997495279397
48376,0.005383315883825853
48383,0.0037301819191123175
48385,0.010553757680851277
48387,0.10807981963364248
48388,0.002905042994026795
48389,0.18923246674794938
48390,0.018392544716575504
48392,0.0036730972669029916
48395,0.03062693316638725
48397,0.014134160024375965
48399,0.008009864860129789
48400,0.007607390849907285
48402,0.16847910556883094
48403,0.003532985263789214
48404,0.01758903415985218
48405,0.1560441216507212
48408,0.003061254020398103
48410,0.09861413818090341
48411,0.07814755552100947
48417,0.014458554537487962
48418,0.03190723786424769
48419,0.03757615243373538
48420,0.005680941515903135
48422,0.00411861107883788
48423,0.029637419904252442
48424,0.09337891618057882
48427,0.0030185778824363967
48428,0.0036010125700692563
48431,0.003702682665117844
48433,0.007817941380696105
48434,0.006518929073802423
48435,0.027336946945164475
48437,0.014668929919824209
48438,0.0029674891733062377
48440,0.04299923474121316
48441,0.04068723356697321
48443,0.010255160138312618
48445,0.12124231957550699
48446,0.07058742658293689
48449,0.004253199785248707
48451,0.09667683165770648
48452,0.015429886718545099
48454,0.12165764310787498
48455,0.006695528272497489
48459,0.008582241014923163
48460,0.003565700494535497
48463,0.02541417987008216
48465,0.02784105025386128
48466,0.07082116608430267
48469,0.0030965933019983793
48470,0.004569692114621497
48471,0.008633062538157312
48473,0.16807860260049426
48474,0.07575732065315209
48475,0.007898711815973194
48477,0.06628582232509539
48479,0.004621436070180643
48481,0.003577896508897774
48482,0.0859994793335882
48483,0.0039942215404988775
48484,0.08913104780689994
48486,0.004396868215553448
48490,0.019330580470953016
48491,0.0042903569795880074
48492,0.0046076278089587615
48495,0.004046875054268426
48496,0.011897197728333779
48498,0.015886769476341846
48499,0.2435131099429528
48500,0.22514128172912726
48501,0.0036846038351913673
48502,0.04446654969098606
48504,0.011592376391326473
48506,0.0041659679195623425
48509,0.03647652042328351
48513,0.005608004174122532
48515,0.01656539892146865
48516,0.05866968538166147
48518,0.006933647082774018
48521,0.03120784004793262
48526,0.007617523545858436
48527,0.09704212717704414
48528,0.004381596667800818
48532,0.016178905267639043
48534,0.02810125209243243
48536,0.009872560024166015
48538,0.007153951474174574
48539,0.016548363612861276
48540,0.005190301038371674
48541,0.00583543776587535
48542,0.21990537924674472
48544,0.09879524722707096
48545,0.003966467278022886
48549,0.06502771432762566
48550,0.03644342079410106
48551,0.010248512820188647
48552,0.006005278783430152
48553,0.003606443911187099
48554,0.0037071313245493425
48559,0.036160133926335415
48560,0.00422957317735168
48561,0.15790318215325974
48562,0.004132993359262345
48564,0.03487540802310995
48566,0.004443867426296989
48568,0.0036992103934554254
48570,0.007798661632584113
48573,0.005401447630762469
48574,0.008340447780987938
48576,0.12920919679471718
48577,0.00545523557139697
48579,0.006032404424464933
48580,0.04975752828969028
48581,0.004236569441946238
48584,0.04656936150650039
48586,0.0038889525646277974
48588,0.1311523046694944
48591,0.003636280028812601
48592,0.025297348716479266
48593,0.005334579368795631
48594,0.007958992634900566
48595,0.10514735989052403
48597,0.003254032528777227
48600,0.0037018994265558065
48601,0.008550800863163812
48603,0.08432257697109943
48604,0.0381250972165363
48605,0.03459537651067348
48606,0.004703986292330204
48607,0.030737796321562372
48610,0.05757559864722931
48611,0.02072269287502858
48612,0.003689772732919668
48617,0.003020339942074468
48621,0.0145613762401624
48622,0.2462998496340655
48625,0.014953437064910275
48632,0.0332734629616417
48635,0.0054647073919483246
48636,0.006744735257019635
48638,0.08532775544622483
48640,0.026897931267001608
48642,0.006622974606885098
48652,0.043482305158855074
48653,0.015575574810946772
48655,0.1592035964752885
48657,0.011676699013046521
48658,0.021262585043739037
48660,0.007194878606064351
48662,0.04609865397925179
48663,0.24510756892580818
48664,0.0036293604769999308
48667,0.004355873727903638
48669,0.013602251713063167
48673,0.018825368113478656
48674,0.00297915819832369
48677,0.0071563649980172705
48678,0.0031357407041453494
48681,0.036471212248520915
48683,0.0029528366185758072
48684,0.003499203918456501
48685,0.016991343501760948
48689,0.029702770961178068
48690,0.011244698718572626
48691,0.007459662037987031
48694,0.008275847596797043
48695,0.014675969458443095
48696,0.0037091747713774775
48697,0.032510118122638786
48698,0.009527803442312204
48701,0.055857364157538225
48705,0.011046243245768297
48707,0.039351521291317
48708,0.005703736466250106
48709,0.024410259850640166
48711,0.00382163536488016
48714,0.0049162095946321685
48715,0.028637438560509484
48716,0.01211771602684943
48717,0.010361135013280433
48718,0.008505898378262967
48722,0.06146464739428328
48723,0.04292771507056653
48726,0.003589212433255723
48729,0.03501946281681668
48731,0.007243181803297827
48734,0.006440535019890321
48735,0.010986754157282083
48736,0.006464290606452955
48737,0.0037594382949945916
48739,0.12500594414337174
48740,0.004074399828974296
48741,0.0038105635017541242
48745,0.003748971915774286
48747,0.2273714056414125
48748,0.03341394548899041
48750,0.0849183284694593
48751,0.05790312467950076
48752,0.004192576018966525
48753,0.0031197641234471467
48754,0.006890326807626497
48755,0.17882956643067793
48757,0.005661335739706957
48760,0.003598730306692224
48761,0.06088904657985306
48763,0.05617145172699422
48764,0.018540040686409562
48766,0.024200109823708467
48771,0.0030057087969807953
48774,0.07255021170070974
48775,0.0045010085953441125
48778,0.014946160989102406
48779,0.011140671113617702
48780,0.0037294877237848936
48781,0.013931064326314717
48782,0.006070863068150654
48783,0.05154281227319603
48784,0.027369951953340466
48786,0.003270554260019294
48787,0.02975169509034411
48789,0.02009297626557705
48790,0.01797369882414317
48791,0.0029575258775077474
48792,0.023899605273493385
48794,0.003024454843037068
48796,0.003762873532100713
48798,0.0062291092078016275
48800,0.008709988607435673
48801,0.0348978767867434
48802,0.003911352580155419
48803,0.004265888404889335
48804,0.007277875759982834
48806,0.03815033514423011
48809,0.0047293892748912865
48810,0.004841535248274729
48811,0.005092120451612159
48813,0.003507103686908789
48815,0.0054703744174143965
48816,0.013205914079595812
48817,0.013788535999997112
48818,0.009775048470116844
48819,0.016882280175970855
48821,0.01461916007337751
48822,0.06102318842141577
48824,0.0035247832844022766
48825,0.039077402181857485
48826,0.0488895865104033
48827,0.027649483138183762
48828,0.051941318995257835
48830,0.03104672913591087
48833,0.0958222499266608
48835,0.026683719714076175
48836,0.009661663354559598
48837,0.0035972495974305615
48838,0.04298803816147177
48839,0.1702058022258953
48841,0.07331500960857448
48847,0.009949812483116284
48850,0.14421091376867426
48851,0.0038667098928831757
48857,0.007417843967656546
48859,0.004058931398198417
48864,0.015127830105015274
48865,0.289463153646094
48868,0.0071570365305415095
48870,0.007327003164043884
48877,0.0036460596226775854
48878,0.003761149226921295
48879,0.051008181720023096
48880,0.0043772147775622775
48881,0.003962304425344248
48886,0.012692095381915295
48887,0.02234091838621201
48888,0.08444901655088878
48890,0.06171577385660797
48894,0.14394423310563095
48895,0.00446336269767006
48896,0.07171034826976844
48897,0.034491017954813595
48899,0.026092726083828087
48900,0.0247360450971701
48902,0.026092726083828087
48903,0.13691771723077148
48904,0.002832933444183867
48905,0.003446924136070941
48910,0.003975464686178478
48911,0.008571066040068033
48912,0.011392036797477316
48913,0.021719287867928854
48915,0.010542081229326476
48916,0.0419750883870102
48920,0.0036205496714430767
48924,0.032168414170205016
48926,0.0031797082684322246
48929,0.039712406611344724
48931,0.030154019672170226
48934,0.0056957178810719735
48935,0.0184906341426957
48937,0.2068068856712351
48939,0.018738624670001588
48942,0.004140047288515172
48943,0.012179916738415114
48944,0.004375761779221241
48947,0.037652051612297996
48948,0.003585650009188231
48950,0.005842144040813448
48957,0.005608428355630518
48958,0.004130301530122528
48959,0.011026861208524467
48960,0.038965951695334615
48962,0.07306223490278207
48964,0.09808949775217503
48966,0.0042870792069708685
48967,0.027055740384798056
48969,0.210548494044487
48970,0.03705134988604607
48971,0.04095434526628672
48972,0.07587908401343613
48979,0.003942972988658637
48980,0.0038900376628351247
48983,0.007678047478862648
48985,0.049723328676264646
48988,0.037380191481680654
48992,0.01052498146580336
48997,0.018876898996888943
49000,0.0038163427260594447
49003,0.01290943272900641
49008,0.021469441959845605
49012,0.003282785170113897
49013,0.014129016547672247
49014,0.06032522380450283
49015,0.027998775161873955
49018,0.011285553145470471
49019,0.2495056435443579
49020,0.0038985087630656738
49023,0.003435318472465155
49025,0.003999528173259524
49027,0.0032875405432568013
49028,0.0080241903601715
49030,0.0087840008158567
49031,0.055801880751296884
49032,0.016740847418330485
49033,0.0033690109686688803
49034,0.2908567628490403
49037,0.002908778133215953
49039,0.22372162626962094
49042,0.04002285425182887
49043,0.003729049427566286
49044,0.009489121960251697
49048,0.026092726083828087
49049,0.026751696311747904
49050,0.004633353724697207
49052,0.0038585497822325194
49054,0.0028999243396348735
49058,0.011640269298164292
49060,0.003315228452859709
49063,0.006586225879732258
49064,0.010722639578376386
49067,0.018771525097276046
49068,0.011827981171084407
49069,0.01605429399416181
49071,0.03922181006026365
49072,0.018190820653802425
49077,0.015661312473812524
49078,0.015591627000153948
49079,0.009342335833395466
49081,0.06310340668480607
49083,0.20529710933010883
49084,0.007749610593219817
49085,0.008982213379352356
49086,0.17506393716883042
49090,0.00900430992657506
49091,0.0032411258520959768
49092,0.006300431690185836
49094,0.0033250661902755234
49095,0.039768413703293086
49100,0.006505778908022428
49103,0.010740990125106716
49105,0.09979516421491495
49106,0.38962551155009617
49107,0.0039242900878468535
49110,0.003825251378786437
49112,0.013149885979666034
49113,0.010004033290537473
49114,0.0033603088628862436
49116,0.040913234787133594
49118,0.002946401256335257
49120,0.0035884530408233665
49121,0.15508990747895193
49123,0.0053031974245380245
49125,0.22756744550321867
49128,0.005021961839122558
49129,0.005108475410622657
49130,0.0046178209264464394
49131,0.037093611256334674
49132,0.024437924939038437
49134,0.009882255564390577
49139,0.002908258719736458
49142,0.19711166393435436
49143,0.0057617464587498045
49144,0.013648152913418832
49147,0.030475525076265424
49148,0.01346925640331782
49150,0.010534240304495906
49151,0.009694458327850184
49152,0.2411336025543916
49160,0.054660304010205815
49161,0.031780074195264636
49162,0.0031816281084491183
49163,0.005960762497236108
49165,0.1340811818990064
49170,0.023818299046549505
49173,0.003949878040446764
49175,0.003934101730047618
49179,0.005841876002313543
49184,0.06787172307995436
49188,0.007349103212369094
49189,0.005281811396565518
49194,0.008199145544250956
49196,0.08660547497650278
49198,0.05956803925014505
49200,0.0849508937700059
49201,0.0033340291939031484
49203,0.009166126394588034
49204,0.004342202427514516
49205,0.003731990355628845
49208,0.03952822818480106
49209,0.007595051269212565
49210,0.007149162356647262
49211,0.00566497832013179
49212,0.004093829779585855
49215,0.03051386928121393
49216,0.12158379789026363
49217,0.040159575251706596
49218,0.013602120017719595
49219,0.009223244193644472
49220,0.027262163422894888
49221,0.14360618105455278
49222,0.03830580194573094
49226,0.0035757349993981954
49227,0.03279412744488675
49229,0.11761500912083417
49230,0.05145942057675473
49231,0.06837505100937895
49233,0.008842698223200149
49234,0.008263816561670509
49238,0.07525095509374846
49239,0.0028933262955455484
49240,0.07384309865928267
49242,0.19527076637220991
49244,0.033438626118949745
49246,0.022895650041537603
49248,0.01651188526562622
49253,0.010995332815320788
49254,0.15276839650218876
49259,0.00480878545546811
49260,0.010454963406712479
49261,0.03389325401273083
49265,0.031183524345488427
49268,0.0030483405057972614
49269,0.05475137991743253
49270,0.003709482859493973
49272,0.0032635015386607625
49275,0.2392003176445508
49276,0.012461233961621652
49279,0.00290660859497394
49280,0.007104996573898005
49281,0.06312871450015188
49282,0.04115425558059958
49283,0.021569079605344394
49284,0.032738937484307944
49287,0.014194812373480692
49290,0.00395681000482369
49291,0.007091769673294199
49292,0.004398620145522691
49295,0.005961359398523658
49297,0.0031083148401688373
49298,0.021553889699216035
49299,0.1271397514690621
49300,0.030752910953268334
49301,0.18009553027468392
49303,0.025040978936628492
49304,0.05414011805569339
49305,0.0049089023722060565
49306,0.06924820763822365
49307,0.01546249839491852
49310,0.21095993635447474
49313,0.20267039574793588
49317,0.04059919365772506
49318,0.22585859732543592
49319,0.013769763798178018
49323,0.003616296670928725
49327,0.02981585157947436
49332,0.004412655216448705
49334,0.005615368203152842
49337,0.00383223991304643
49338,0.004134681400551196
49339,0.005765486884967002
49340,0.03608237071143994
49341,0.03459537651067348
49342,0.003737400199386461
49344,0.009720957596250765
49348,0.03026020321904878
49350,0.01594830693511214
49352,0.01756780956961266
49353,0.019699401050038385
49354,0.008414679357754744
49355,0.11563275428004331
49356,0.007960609556294946
49358,0.0029384034199712765
49359,0.10354975052790008
49362,0.022053925813579178
49363,0.011131409123899948
49364,0.10186732670529651
49368,0.008227129593106567
49369,0.010119768000809663
49372,0.06086961077526092
49376,0.003917826336537207
49377,0.010646079611013076
49378,0.02853456320544508
49382,0.04660827963723459
49385,0.11994293011481327
49386,0.003295046808019929
49389,0.0367803564346621
49390,0.017012830072927438
49391,0.0028508879153424584
49394,0.04563608854384175
49396,0.024366803381843265
49397,0.0036653084197817904
49398,0.003667364701614365
49400,0.007087154618109047
49401,0.25358977023633444
49403,0.004420115358436268
49404,0.3292190807304287
49409,0.16847910556883094
49411,0.1767022435138391
49412,0.0034001788201598157
49414,0.03678855407850077
49415,0.1711386502277143
49417,0.025040978936628492
49419,0.00866733951760452
49421,0.05452177513849849
49422,0.022342543684044473
49423,0.12877322375891406
49424,0.004038692962214595
49425,0.00381879058665921
49429,0.02246846200529501
49430,0.23485035151991623
49431,0.007548254371578918
49432,0.031184351257117493
49435,0.03645430840408867
49436,0.003450476223886214
49438,0.0034533756963212457
49441,0.002875549953741797
49442,0.06799467184868063
49443,0.03062668091858427
49446,0.0064580319417637515
49447,0.007712999022463654
49451,0.0041192604137551955
49452,0.0065127451944971895
49456,0.023408607001647673
49457,0.022710794196837077
49458,0.0040848547871158245
49460,0.014018199630778216
49461,0.010504216221377975
49462,0.031056700886310778
49465,0.011739570975585386
49468,0.007284166990845813
49472,0.006018876280848575
49475,0.010248114743792175
49476,0.012780732450722428
49477,0.005052196029465215
49478,0.0067240521938772444
49480,0.010130119971072257
49481,0.024069986987658717
49483,0.04891576532386545
49484,0.0035914730887631197
49486,0.024483123431490478
49487,0.10594485787357483
49488,0.0592573117559812
49489,0.005616712955425689
49490,0.003012585631083122
49491,0.1990956067115618
49496,0.017234470100047774
49497,0.004559712726706527
49499,0.10786871263253199
49500,0.00491300788196038
49501,0.04186312624895994
49504,0.031224967766327646
49505,0.00484958240109911
49506,0.03455351345389036
49508,0.13640167447684426
49511,0.19929359443536176
49513,0.006846721813364977
49514,0.005119131776924926
49515,0.003250788989471544
49516,0.03454322393837875
49519,0.010822524533338089
49520,0.005732450960658516
49522,0.011808994760048874
49523,0.013455556651978859
49524,0.003440308192762051
49525,0.1008954914046725
49526,0.20971088745408206
49529,0.007956685507912136
49532,0.10147702242494999
49533,0.0035728226689054204
49534,0.03669777039074404
49541,0.00483089213408966
49543,0.053131238600708654
49544,0.0030624964174116682
49545,0.10633010200573344
49546,0.25276337964470336
49550,0.03354126207919493
49551,0.15234453977699336
49554,0.003843892593963477
49558,0.002817079386746089
49561,0.02287814328307267
49562,0.03339250919629902
49563,0.03455605072876376
49564,0.003647809516237156
49566,0.003821743487366773
49567,0.02322008908413057
49568,0.07252382406382618
49571,0.0046627583396917915
49575,0.018187943714979404
49576,0.0043537925971106756
49578,0.04739374115760858
49579,0.003440751776100306
49581,0.04516823516771423
49582,0.00787824489018409
49583,0.014635165935949037
49586,0.007839720234325907
49588,0.1614838896579471
49589,0.14839185013619802
49590,0.012560964777354277
49591,0.04611655470728274
49592,0.004660004278596203
49596,0.0394552753840472
49599,0.07306223490278207
49605,0.2578658072780921
49606,0.033363723992848524
49607,0.06421543369249676
49608,0.02984239888069707
49609,0.002882592768829216
49610,0.01247250318251173
49611,0.0036026912388721953
49613,0.0051884344425528195
49614,0.006150428265935401
49615,0.003822347745435093
49620,0.10735737723755821
49623,0.06357743981198517
49624,0.0036880919560792714
49625,0.20219086833201716
49628,0.002891514395422996
49631,0.006245748386362094
49635,0.00878229524547738
49637,0.20449109895124584
49638,0.0071562672903504295
49645,0.04550567780297254
49646,0.0047569979534351926
49647,0.04950489755421321
49648,0.003639500722815083
49649,0.026478656883567347
49650,0.14273937340490758
49652,0.004000066137073388
49653,0.01723995162647988
49656,0.003721219896230504
49662,0.0301557349060104
49663,0.027931384321820057
49664,0.003943777833836522
49666,0.0053386033113583045
49670,0.004513353754523941
49674,0.19396646336401438
49675,0.0028996600945659394
49676,0.016475205601683574
49681,0.038353918739794594
49682,0.016956039913622063
49684,0.012548268288996255
49686,0.04552697672156441
49689,0.0036762215508952274
49690,0.045647379134347396
49692,0.03684186562566049
49694,0.007874457208758116
49695,0.025040978936628492
49697,0.11735387464168588
49699,0.06316021408427955
49700,0.007225321806181895
49702,0.022991757359594526
49703,0.0068390516956181235
49704,0.0031476693242726097
49705,0.06312024541761199
49706,0.020899562988924553
49707,0.007129341432197153
49709,0.06878833650083488
49710,0.037899990254176334
49711,0.03148691495626273
49714,0.05122040522783004
49717,0.006859500400158505
49718,0.08233275461671817
49719,0.004651153245303671
49720,0.01183443051199493
49725,0.011977878222098988
49727,0.0118969957887561
49728,0.004548700562179215
49729,0.084146789558574
49730,0.1920795882142341
49731,0.01644427462500625
49732,0.0035943740542459146
49734,0.004000370693798649
49736,0.1326314716642065
49737,0.008958220266762329
49738,0.09073557178738433
49739,0.011741996406492792
49740,0.057262772355476284
49745,0.01225437645185217
49746,0.005342830212279964
49747,0.0034258468729343717
49748,0.005565069528413727
49749,0.007971440271566018
49752,0.013027488733978887
49755,0.2363747193528156
49756,0.007492323647523432
49757,0.02978939602503322
49759,0.003990925030813193
49760,0.006730431028277157
49762,0.007411588702132345
49764,0.023969413874535574
49768,0.0045750921583865315
49769,0.003010354476832004
49770,0.00718164539786591
49771,0.03764721366414114
49772,0.004734963154166675
49773,0.011947638167768986
49774,0.0035851599368032275
49775,0.0038700234003153596
49776,0.003976617519024705
49777,0.0037973618419039064
49782,0.003495088660343091
49783,0.008415002262997746
49784,0.0037001873010132262
49785,0.011154903985085304
49790,0.003736742003446711
49791,0.2074498246195321
49792,0.031817838270532806
49793,0.19720745118569274
49794,0.0943252783618703
49795,0.0036037342321194113
49797,0.15576911915867747
49799,0.024149262717970733
49800,0.011007434414178239
49809,0.018911181586822697
49812,0.07246929110495795
49816,0.0029269863073982075
49818,0.009077517492875562
49820,0.024614029986598288
49821,0.07468063154218377
49825,0.10318310239571848
49826,0.010355606302982398
49829,0.008520732611516129
49830,0.016827782018991495
49831,0.006699601514980648
49832,0.036471212248520915
49836,0.003821479161232569
49837,0.216866550276097
49838,0.03147665352569922
49840,0.00452745555485395
49844,0.0029673397543668067
49849,0.048444202610252673
49850,0.0037561800119872107
49852,0.03497210644832059
49854,0.10898541411939962
49856,0.03696255002650784
49857,0.003166554570145552
49859,0.07480139695975856
49863,0.05422768834784083
49864,0.033411315511460184
49867,0.011752855594256865
49869,0.025040978936628492
49874,0.008024958758805625
49875,0.019278016214149762
49876,0.05027230581189585
49877,0.03620533072591005
49879,0.002836476590812405
49881,0.02316071933007563
49883,0.007680761674601858
49884,0.025164441709646997
49885,0.008125170206996603
49887,0.1012063609415462
49890,0.0066304092821263625
49891,0.021266802916745882
49894,0.0030081052085080685
49896,0.07424834729190768
49897,0.0037474811301737784
49898,0.20219086833201716
49899,0.03746297164921585
49902,0.18296084432011742
49903,0.05323606349704602
49906,0.003067037843247858
49907,0.0031103869501756362
49909,0.0038809607564042436
49914,0.031490998377557124
49919,0.18215067510479496
49920,0.01089691035406445
49925,0.015057578031237463
49926,0.004275398393567175
49928,0.01122881240296176
49929,0.013095883196240794
49930,0.0066321382127346295
49932,0.01265866823116596
49933,0.0038945289402615613
49937,0.02709779669317405
49938,0.046716420442441176
49941,0.00324310785667228
49942,0.03290117303266033
49943,0.19938628545476259
49944,0.13216206127314645
49950,0.0713979606457239
49951,0.07719914076933777
49952,0.0031680405710270854
49953,0.030204008592971978
49955,0.011318143627021892
49958,0.0036142756821016765
49959,0.02040781583752184
49961,0.017082403671901704
49962,0.0030794201826919846
49966,0.049791218309925944
49967,0.004004998832392353
49971,0.04060161822059212
49972,0.07376294560927217
49973,0.20024990941117465
49974,0.010553535667207334
49977,0.0035285509488630845
49980,0.028187416707972226
49981,0.009381891592963173
49982,0.06590488348416056
49983,0.0039845198323386925
49987,0.06964039314149038
49992,0.02514540215665034
49993,0.01115394749952491
49995,0.004268623798988341
49997,0.008158200088317264
49999,0.006779635695676463
50000,0.004365973312618941
50002,0.02277692762565993
50004,0.03166487984126599
50005,0.004482979652536007
50006,0.004395471559239902
50007,0.023880764497766445
50008,0.011988347471549105
50010,0.02475602431310347
50012,0.05011991625016667
50017,0.005385591533448326
50022,0.04393978892293596
50025,0.01081845672589872
50027,0.007257986142965956
50030,0.004678403157181328
50031,0.003415336831640718
50032,0.014323192524871029
50033,0.003957199282891726
50034,0.0036385381488966487
50035,0.006100795405040713
50036,0.0028854444447480214
50038,0.0048965917092847954
50039,0.08822327423202167
50041,0.01874675240453258
50042,0.2947582488279591
50043,0.14314943545808193
50045,0.003392893226057695
50046,0.022004238467648214
50047,0.007752530884908722
50049,0.003597434813639447
50051,0.06224420761030574
50053,0.030003264824871402
50055,0.006531516214629138
50057,0.003991089813186637
50060,0.01183190731264864
50061,0.009793631708428193
50062,0.00541115331168689
50064,0.003887321497133799
50067,0.22127759973375072
50069,0.004438813488907403
50073,0.013525484042107662
50074,0.003306756145887105
50075,0.060599591922239855
50076,0.008201234296818965
50077,0.05297711215094515
50078,0.015701294624392577
50079,0.008573787258145015
50081,0.02411990027126447
50082,0.002887445745569144
50084,0.005981293684127124
50088,0.008756255226843444
50092,0.0243558318468782
50093,0.0210931753122767
50097,0.0052963971440886295
50099,0.015243029096880576
50102,0.04333999719538484
50104,0.08701439041543557
50107,0.05279569325514709
50109,0.22096575362524465
50112,0.04199774379607015
50115,0.007411588702132345
50116,0.1241731915695214
50119,0.0034626873148612108
50120,0.011314575870643632
50121,0.036315713973430835
50123,0.00371220277447644
50124,0.0035513548802967184
50126,0.07542595471633003
50127,0.003597480405595484
50128,0.031817193490803766
50130,0.013130252804437777
50132,0.05894046482867582
50133,0.2099917251206444
50134,0.07107193225950757
50136,0.030640985228628077
50138,0.008762270916863553
50140,0.04199774379607015
50142,0.0055592138024178755
50144,0.004399320355121253
50146,0.0034665813449554703
50147,0.03455822416113891
50152,0.09191507558922886
50154,0.02504162085199956
50155,0.189352866989821
50158,0.044658842344486596
50164,0.005206344783947747
50165,0.014257409234254762
50168,0.023494819883130784
50171,0.06365890513664484
50172,0.37867247106126184
50175,0.011722928162579426
50180,0.005825129402669624
50181,0.005841880745434041
50182,0.005868408179611561
50183,0.02865000271133634
50184,0.003449327924313438
50187,0.005062751965526272
50189,0.0040517138213252805
50190,0.018559889539459366
50191,0.017434924898339588
50192,0.2016972441558971
50193,0.0078003453748210225
50196,0.18940477514042997
50199,0.0029891732260406588
50202,0.005916951013422762
50204,0.008537184659575927
50205,0.003551256904140832
50206,0.00359548124552842
50208,0.020701156083901148
50209,0.02714637918663078
50210,0.08599148979239332
50212,0.09453988783073
50213,0.004837784584666579
50215,0.01755998820679478
50219,0.04640267380963731
50220,0.08626913567207699
50221,0.009864733415794982
50222,0.012828844775777958
50223,0.0031904105154032386
50226,0.006261547051798167
50229,0.0037220733257012895
50230,0.025601952463210377
50234,0.07024088682783335
50235,0.005130256729633914
50236,0.09818896978485155
50239,0.004245357406181084
50241,0.18796496771710203
50242,0.00814093367947811
50243,0.009817961078586759
50244,0.004951103112526093
50245,0.11018462424992931
50246,0.025900733569599908
50247,0.21155342158532559
50250,0.028981265683351697
50253,0.015209447399806106
50254,0.07165896917564217
50255,0.22006023687458937
50257,0.010214329701098016
50258,0.006563095016289899
50261,0.011612382383798614
50264,0.01340830725789696
50265,0.005420531574776456
50266,0.005888692627930665
50269,0.09686469297284103
50271,0.01144764242978675
50272,0.029427676749970648
50275,0.0028708453975755796
50278,0.03878244081888888
50280,0.008474636959821692
50284,0.0036101562568303857
50286,0.02114714377455409
50287,0.06699195771238389
50289,0.004437762664993162
50290,0.017061239260603704
50296,0.005240986195370991
50297,0.0029715558880729575
50300,0.06276800745926998
50301,0.09334066815764255
50304,0.00758578426224303
50305,0.009238986300640298
50306,0.003992052109251218
50307,0.008965258125012159
50308,0.027813759186356965
50309,0.046561164976304116
50312,0.0039873505150667685
50313,0.018059460553548477
50316,0.023601747015423648
50317,0.045347954403257174
50319,0.02561787979815575
50322,0.02731884173687986
50326,0.05254815851181719
50328,0.015329010713165574
50329,0.032828085714140615
50330,0.03826186722733638
50331,0.00633006498420015
50333,0.2947061908218502
50339,0.005094806834417552
50340,0.011524078614794452
50343,0.01035692197712926
50345,0.16159667080681842
50347,0.033045868293248105
50348,0.0032458714138796853
50350,0.07432951109010939
50351,0.012078023330673529
50357,0.003471712538116348
50362,0.044995593053343
50365,0.0034390502978961838
50367,0.0034286020252484884
50368,0.021232140445992358
50369,0.06775623503776963
50373,0.005135062173253031
50374,0.0035596322515392873
50375,0.0136583076091477
50377,0.014125758128068542
50378,0.036550215328006494
50379,0.10336608920095655
50381,0.005002225229160663
50382,0.014737995350790302
50383,0.03549987428084923
50384,0.008573219570865544
50386,0.005348527410510914
50387,0.015635577319733616
50391,0.007154061203473091
50393,0.005842624411264066
50394,0.002919786061636578
50395,0.048863268307356725
50396,0.014877376304536356
50397,0.08102235218675714
50398,0.0037973651198559104
50400,0.055490995187296034
50402,0.014256627843834854
50404,0.003677074757452981
50405,0.026092726083828087
50407,0.017888478382996776
50408,0.014785838839714759
50411,0.003966615478064522
50414,0.006751898921775358
50416,0.00344783515627864
50417,0.21553981537763606
50418,0.01997946974491561
50421,0.10951145404382412
50422,0.003969205662827237
50423,0.0504157211170374
50424,0.013016029683993556
50430,0.0034810167768423834
50431,0.00952157092951271
50432,0.06157774213857075
50433,0.00775279869934007
50435,0.005561946897750194
50436,0.0058655147819938105
50437,0.008254168733435244
50439,0.018186055389832884
50443,0.07245343593596533
50446,0.1932332328275303
50449,0.1443405585499004
50454,0.00845399050039418
50459,0.12752254488857587
50463,0.08822188960840428
50465,0.0034620702994006872
50469,0.0037424463246003557
50470,0.20449109895124576
50471,0.03629670076224348
50472,0.004047088586650443
50473,0.2462714049829735
50475,0.0039257919032756215
50476,0.019259110644207038
50478,0.004896894458003544
50480,0.005461362794594558
50483,0.11431467976491615
50486,0.003167784359280965
50487,0.005787813459144766
50488,0.0029492156381510522
50489,0.014919214500818203
50491,0.0439714865273173
50494,0.0046287872248896855
50498,0.004466364042994229
50500,0.07665072040317318
50502,0.0037560528794237085
50503,0.005157454057364648
50504,0.003575983989081147
50505,0.09937528791539682
50507,0.012057054139348508
50509,0.031227996094106446
50512,0.013117111435865659
50515,0.0031152987898275517
50516,0.006119867419108239
50518,0.004435242881367073
50519,0.045591545417330216
50525,0.0072138148149732415
50526,0.006824895744501613
50527,0.008760658462700402
50528,0.0030694261062478305
50532,0.006345452276101803
50535,0.011782399948252451
50536,0.10771083830751318
50537,0.23024027927934748
50538,0.06312098470965899
50539,0.01966129145206396
50540,0.011640262502169676
50541,0.033629561125002816
50542,0.003839518113499401
50544,0.01472223513124039
50546,0.058059822429077396
50549,0.026339877559635246
50551,0.006839560553430137
50553,0.013806289588742058
50554,0.008664748496691134
50555,0.003206672814473044
50568,0.10128375546118189
50569,0.019264805395771686
50571,0.014871105334819112
50575,0.003762721791944784
50579,0.002795489339175969
50581,0.013755797853114109
50583,0.04683101369368253
50586,0.015619681710858192
50590,0.0984039720043189
50593,0.003698775912763191
50594,0.008576479043423525
50596,0.003457211115375802
50598,0.04532620554411969
50599,0.011749070261732535
50602,0.005899909210339719
50603,0.01624624264998167
50607,0.006467342418880353
50608,0.021301572916862004
50609,0.014703669787329602
50610,0.011713942934695649
50612,0.010135856991147146
50614,0.003693482534522318
50615,0.022110435898149122
50617,0.11254421941452386
50621,0.0043860427848611185
50622,0.005903244727067951
50623,0.009170191832577244
50625,0.0033764688946277513
50626,0.08516438192511838
50628,0.04943766810149639
50634,0.006431743387516392
50636,0.020440002513250292
50637,0.050205220231410934
50638,0.0034727714111593504
50640,0.01704694504133001
50641,0.002841566102005774
50642,0.026324284070949874
50644,0.02684102635217823
50645,0.0035708277191872037
50647,0.026092726083828087
50649,0.0035589443787513455
50651,0.013083155101004927
50652,0.003668023841397626
50655,0.0037805886358105996
50657,0.03668666470998526
50658,0.011733206024404988
50662,0.009046203353587731
50663,0.049384275656538024
50665,0.012333157548576786
50666,0.026092726083828087
50668,0.0033957038349481596
50671,0.23707454439110218
50672,0.08463854323664563
50674,0.007161925196401987
50676,0.004205079115663313
50678,0.0347214947025018
50681,0.08015837732360165
50684,0.01174756549189011
50687,0.002908583997102931
50689,0.14372842050121415
50692,0.010194054687842492
50696,0.00402492928514015
50697,0.016036273367128036
50699,0.015717006551543178
50700,0.015890352877605894
50702,0.09815564040117626
50705,0.008843438175071905
50706,0.004928885986858718
50708,0.15816434292941806
50709,0.02813193444582621
50710,0.004913390242223442
50711,0.02957682212666262
50712,0.025723144278338737
50713,0.026092726083828087
50717,0.2508312787479617
50718,0.005145807896335447
50725,0.13618138918868866
50726,0.015775529650665986
50727,0.04400747781213226
50728,0.0183427656905786
50729,0.11752382453440821
50730,0.003681359498799245
50733,0.015134198531337777
50734,0.005127429580194965
50739,0.005121188071091743
50743,0.007704834498731334
50745,0.02248426421791177
50747,0.002891942163740145
50748,0.0063024947980433385
50750,0.029982836112592146
50753,0.0030768480078479533
50756,0.004220403927313556
50757,0.0037490631889921743
50758,0.10431300444973979
50760,0.010350321261594724
50763,0.1649504722724013
50765,0.043181630532964387
50769,0.014771834436049952
50774,0.006879583827854838
50776,0.029471449447016837
50778,0.016066108894948247
50782,0.030694787282727194
50785,0.0035039327706270955
50787,0.006732018309208425
50788,0.0035273079079373017
50789,0.003656186911603008
50790,0.03167548918416206
50791,0.005669495533343989
50794,0.20612521649372767
50795,0.014909422020652752
50797,0.011300934244597991
50798,0.0035403888667686206
50800,0.003576672954086701
50801,0.004011460049363744
50802,0.13329969420131677
50803,0.15347509695723316
50804,0.009052481990192603
50809,0.051055863511999325
50810,0.003534639332830787
50811,0.007185285216201698
50814,0.004578343640856002
50817,0.12265400023143416
50819,0.0029973671990492666
50822,0.08808491749880981
50826,0.013053650763586413
50828,0.0088700435414368
50831,0.005063190417581802
50834,0.0029721562661379685
50835,0.0036409476402294943
50841,0.04228663157497585
50842,0.015129636977814533
50844,0.004798810480206917
50846,0.005559458481957913
50849,0.11114040018611801
50851,0.18268818099901962
50852,0.010453245844062861
50853,0.016093182938200272
50860,0.016737427113710325
50861,0.07849794041803454
50862,0.015876775080244637
50864,0.0041931095703911965
50865,0.00366300393559706
50866,0.1180475015646255
50867,0.10922313644943608
50868,0.003837926637803521
50869,0.15931557478681946
50875,0.003822298436170136
50876,0.0520316298741439
50877,0.0038462603514121748
50878,0.13074163407954817
50880,0.003365936255810285
50887,0.06802959914777965
50888,0.24692901351664812
50894,0.012224314444461398
50896,0.012278007054023557
50898,0.02522059358360767
50900,0.02483576227010716
50901,0.03909377723967172
50902,0.007021096911878798
50904,0.02501891565667043
50908,0.005574517370206855
50909,0.03400135627619927
50912,0.11897622805638602
50913,0.13111018220191287
50914,0.005864934988959574
50915,0.0035436097682957643
50918,0.006226948916173477
50919,0.005299237112533356
50920,0.009158776670670917
50921,0.007069102048343117
50922,0.07080559910986672
50923,0.005826575173159296
50924,0.013233452686282511
50925,0.022696733397889607
50926,0.009293992965921314
50929,0.25344531686935
50930,0.048687141732133614
50932,0.08673980794415036
50933,0.005534695320548894
50934,0.03364825219612373
50936,0.010231040746573385
50938,0.23302852233240098
50940,0.040922012949328325
50941,0.04354393025688
50942,0.0046129669349184955
50943,0.0028501548010701197
50944,0.0194948009920737
50949,0.010441774761220272
50950,0.2138898391619022
50952,0.016976006172337618
50953,0.023240576580322077
50955,0.00430277761225808
50956,0.03548740824691346
50957,0.07229420988435677
50959,0.16924777053616463
50962,0.003956119008972501
50963,0.038336644615863766
50964,0.0060507622278577165
50965,0.0037472053907527053
50969,0.031638969336270556
50973,0.003450924881906054
50975,0.009752123576597164
50980,0.03410646658048137
50981,0.007064776978814694
50985,0.004090552497162368
50986,0.025040978936628492
50992,0.0039914441618147545
50993,0.025040978936628492
50994,0.053946034261942694
50996,0.004584355510808954
50997,0.056323286870275824
50998,0.007765448044767986
51002,0.06000090056810945
51003,0.03803845211385979
51005,0.027868432929057982
51006,0.007762894510604823
51007,0.0060447566148540775
51009,0.056640220753796884
51010,0.0034615382933621775
51011,0.005018632945890942
51012,0.007837255919848544
51017,0.003345199736101684
51025,0.03638597938291805
51027,0.0035475694794363695
51028,0.030785091535476948
51030,0.003320807542129619
51033,0.035814372776755886
51034,0.039530504191702565
51037,0.009525605031655329
51040,0.006739227829816078
51044,0.008419681883652145
51045,0.01051439089833093
51047,0.005106734371039549
51048,0.0099815220232791
51049,0.08964715836426475
51056,0.002989167411826785
51060,0.003624500603562203
51061,0.09641357652952748
51066,0.018997686845950892
51067,0.046858165843023984
51069,0.0032845066452230295
51070,0.06390935681186158
51078,0.014421338658368112
51080,0.005390447026227362
51085,0.03511934289831625
51086,0.004101657846563132
51088,0.034040868114386606
51089,0.004079995723401554
51091,0.03459537651067348
51092,0.0033489541890666095
51096,0.008390941075571774
51098,0.043055638162260136
51099,0.0029545324458992773
51100,0.12536893174866412
51101,0.01365579265102053
51102,0.0037009993019086456
51103,0.026092726083828087
51107,0.003691520119067148
51108,0.19174188096440925
51110,0.05984134205613182
51111,0.003128650230346545
51112,0.04731306751161035
51115,0.033840850676038654
51116,0.009211836073914017
51117,0.008781977033876237
51118,0.00985705977824972
51119,0.0114397272577705
51120,0.009240205772638623
51121,0.0028794337748787448
51123,0.008180573135269866
51126,0.021487667866889472
51127,0.005317392354729894
51128,0.07724301283096699
51129,0.005370491987429055
51130,0.07654252247509735
51132,0.023577760905007933
51136,0.004468531584333708
51137,0.10311235578530185
51139,0.004922920888829129
51140,0.03393683794384278
51141,0.012752635466222493
51142,0.00309713828509833
51146,0.022884191677212683
51147,0.011633805187751462
51148,0.021716529520368122
51149,0.05729710778124805
51150,0.058540171630874764
51151,0.013518209379899754
51155,0.003829756124466979
51156,0.003165155670170463
51157,0.00450470892861772
51158,0.004393998933685624
51160,0.007808973832857082
51161,0.047289581048653384
51162,0.010168730155488971
51165,0.011223870516765771
51168,0.0042029605256602015
51169,0.0037648018513661307
51170,0.006366905635610971
51173,0.0031814166698035827
51174,0.016302942531187508
51179,0.08187741013512216
51182,0.13344558129996947
51186,0.0035245565152758037
51188,0.023968203738843234
51189,0.08316255414722157
51191,0.14493985150480904
51193,0.01076310005513554
51194,0.022627440670909188
51197,0.14354950357410962
51205,0.005824449569937155
51206,0.013805246728670277
51207,0.1961321725685013
51210,0.051516008405456934
51212,0.005794649119478056
51215,0.003515004931259291
51216,0.006651803656243801
51217,0.05262676702003149
51219,0.002954756312267115
51221,0.07152992053617903
51226,0.17280644570541573
51227,0.07109671874237121
51228,0.2436805223427397
51229,0.16502878654726066
51231,0.03556876008098089
51232,0.0038737129087506312
51233,0.041791848896217045
51236,0.005733557867949912
51238,0.04218442811117409
51239,0.040696177991596194
51240,0.16285751773810808
51243,0.026092726083828087
51245,0.060220099094379566
51247,0.005842144040813448
51248,0.03681248458333763
51249,0.005622522874910943
51252,0.003039656114389441
51254,0.0029709481945964845
51255,0.007101193405189464
51256,0.030631447546048622
51258,0.005278882653797738
51259,0.0035367122294558974
51260,0.02820876516304209
51261,0.009903019831622464
51264,0.01044539054075492
51265,0.0035431301847547027
51267,0.10144717133121489
51268,0.031044722253370228
51270,0.007707382985786753
51271,0.010768155907054476
51274,0.08064751791245442
51276,0.024787039388206717
51277,0.025327750118780867
51279,0.17222711050552236
51280,0.021722696194268844
51281,0.162774119224981
51282,0.006946432458889379
51283,0.006733548191234278
51284,0.0066704680581858794
51288,0.17479657009248284
51290,0.06763615851888588
51291,0.01679011807140044
51294,0.003951417431409177
51296,0.035424633711686124
51297,0.018776595851821596
51298,0.022363103826468556
51300,0.11065807658352124
51301,0.12536893174866412
51302,0.00629050184809136
51304,0.008751359938320045
51306,0.004842171395647448
51310,0.08356068920449905
51311,0.003974019772335435
51312,0.0036900776205163145
51313,0.05561365201168937
51316,0.003308470826021246
51321,0.12663347706024
51325,0.0030791906552606637
51328,0.0035615136370369784
51329,0.004680660587511848
51331,0.004312780479949037
51332,0.03801019885113289
51334,0.08854417838407748
51335,0.008559262237203404
51338,0.00621442283862148
51339,0.00478719621559835
51340,0.08694220343222413
51341,0.0036679012033877666
51343,0.08103898845833866
51348,0.01347310830950917
51349,0.007866177036571588
51351,0.007889415201334097
51352,0.0031396992240039405
51353,0.0038627618032180404
51354,0.003968204152511272
51356,0.003552340739636735
51357,0.0036415303275470746
51362,0.08787988373028728
51364,0.0068827830677079
51367,0.070449471261013
51369,0.019443456281514348
51370,0.07312590539608178
51372,0.004907552226138333
51375,0.016074607073057082
51376,0.026092726083828087
51377,0.010562478689513141
51379,0.006065859568132611
51381,0.00841018023268501
51382,0.10905919093196803
51383,0.021662025422358004
51384,0.013809411721865655
51386,0.07931023733725914
51387,0.00385624539465388
51389,0.010700275298497904
51391,0.03897056754294584
51392,0.011016204636109212
51394,0.1505272702825818
51395,0.003516558157081641
51397,0.004583349795176982
51402,0.011856602167890137
51403,0.0033955549778983056
51404,0.03650287558994537
51405,0.0982766006931887
51410,0.009324080054343088
51413,0.012651609053312314
51419,0.04261832204161759
51422,0.06848973179267269
51426,0.03157736766141697
51427,0.0038457661514497334
51430,0.04632804880066508
51434,0.0028171005278639603
51436,0.08044037135170624
51438,0.22238827356918897
51443,0.15057522689634495
51445,0.004127991479121367
51446,0.026092726083828087
51447,0.00302146979272033
51448,0.08887589245905055
51449,0.010252788340485808
51451,0.082331729507587
51452,0.020378514564721853
51455,0.013619217084430682
51457,0.06721337331935197
51462,0.0035067513447941444
51466,0.00387088911576264
51469,0.028706079490476905
51471,0.012263424176739599
51477,0.008791604290585014
51478,0.16285751773810808
51479,0.0032968898359744705
51481,0.004028824458160384
51482,0.003135642656527819
51483,0.0195062416444764
51484,0.010593673558958398
51486,0.008479666493981821
51487,0.09854198793622566
51488,0.1103014646720483
51489,0.0381357216723973
51490,0.032435845601143556
51491,0.0030028680629128595
51495,0.06455048089030743
51497,0.003952826594498835
51498,0.03071603126874596
51500,0.02551113893094746
51501,0.005792265242277632
51502,0.0034345328867745914
51503,0.004272112367956463
51508,0.0029893110556105996
51511,0.031052389536192625
51512,0.009697539244817012
51513,0.0035452162450621398
51514,0.008711177336427262
51515,0.012878604062009826
51516,0.14141222881243323
51517,0.003353450305829747
51519,0.00322463805086072
51521,0.00686429948562822
51523,0.011746291747816062
51527,0.14629827506935547
51530,0.05468331461283304
51534,0.07301446014937854
51537,0.0338133189120634
51539,0.017210322188060873
51542,0.004603465669628077
51544,0.025040978936628492
51548,0.016332728572580443
51550,0.006033358185303168
51551,0.003645250785057794
51552,0.026092726083828087
51553,0.010075083343823192
51556,0.01156808003128417
51557,0.009197498951190328
51559,0.0030665269209416163
51561,0.09233091020977093
51564,0.006979176711399864
51565,0.007279010139155035
51567,0.026154334483231744
51568,0.08912957103541876
51569,0.02590607330430193
51570,0.011588347615341518
51573,0.010981575158298779
51575,0.0382430262900033
51577,0.019960786474241966
51578,0.008885266881203066
51579,0.010802108683609596
51580,0.32379339975705695
51581,0.00550952133530394
51583,0.061495508802440445
51584,0.004625112926754238
51588,0.07325625630000916
51591,0.003590117566565777
51594,0.007878223865573346
51595,0.0036398972298668907
51597,0.043816122798782435
51600,0.21491067867506675
51601,0.0033095425145354116
51602,0.008286799834500504
51607,0.012293245643166579
51609,0.00392692819534417
51610,0.019876777519900846
51612,0.009876771739004917
51613,0.06547056575116005
51614,0.08435485169099807
51615,0.028343007975536454
51616,0.03047451379111142
51619,0.004594776722889266
51621,0.009364865221672878
51625,0.039411005820453315
51628,0.0327563022577606
51630,0.07591146729461368
51633,0.03970217340534523
51634,0.02412428858206176
51638,0.12095514116945022
51639,0.20033640660769877
51643,0.007874457208758116
51645,0.00885720375929628
51646,0.013136570941837452
51647,0.0038754772024865913
51648,0.005950788339618204
51649,0.006031440367323471
51650,0.05404729600281093
51651,0.2966739522861613
51652,0.009004147619740903
51653,0.1774083569014867
51655,0.004171853444260293
51657,0.004855527030067214
51658,0.006123369000367254
51661,0.008480940155407794
51663,0.00426048600566522
51666,0.06787013190016962
51670,0.005062947673615444
51671,0.13349558709504078
51672,0.007350583603001399
51673,0.16716864790202157
51674,0.15047443765242194
51677,0.007199142990446003
51680,0.0040897721998645244
51681,0.07978998053701378
51683,0.0049833282713491
51690,0.03858835929234918
51691,0.013547532032915971
51696,0.0032499351843731238
51698,0.03225668760473263
51699,0.007459424584679771
51701,0.020818383300427613
51704,0.008697552429562837
51705,0.09118331111346918
51706,0.13671853853519556
51709,0.009975329998637655
51710,0.010743891276014076
51711,0.06735776760574047
51715,0.0040485900582739945
51716,0.03813566483898575
51720,0.023299748520811868
51722,0.04395168388634926
51723,0.05535309633145723
51724,0.003838695500893701
51725,0.0038507063531217204
51728,0.0034056721330421123
51729,0.014115801726971671
51731,0.08888546308270971
51733,0.003934596427425672
51737,0.024409554060475323
51741,0.021177549415055404
51743,0.003601409776534302
51744,0.0038486583893330203
51746,0.003952158830101272
51751,0.004775558270071575
51753,0.07772737690729414
51754,0.0034111642312841415
51755,0.01356720097066688
51756,0.04286738106626703
51757,0.02364351194399376
51758,0.15264541453757519
51759,0.003633729963401843
51760,0.0439549807841037
51762,0.036671461404251274
51763,0.004699859425863262
51764,0.006755421525186739
51765,0.003946385989845869
51767,0.010980118366061897
51772,0.09885083556091816
51773,0.046402936813639634
51774,0.15913635837591328
51777,0.024766714298593256
51778,0.2417967301224533
51781,0.18693545278726778
51783,0.016747180776700895
51784,0.011931728993371167
51786,0.24373795388540784
51788,0.24023991673704403
51790,0.016001073921250525
51791,0.0038895114181051963
51793,0.008306136248546635
51795,0.041814683830789845
51800,0.004068298464069552
51801,0.016034274734464123
51804,0.006672035440375667
51806,0.10327511521048845
51808,0.021230117252376814
51809,0.1611623141952507
51811,0.006916011257400412
51813,0.17740646584433298
51814,0.003949327248013918
51816,0.04355731717381553
51817,0.0053402977480837485
51818,0.017927558793477766
51819,0.00400167852701599
51823,0.00631546150419219
51827,0.016256246215469623
51829,0.054521998717695176
51832,0.02505636253583624
51836,0.01049003257131662
51837,0.015421073042217629
51840,0.25004055766476546
51844,0.007586102370557549
51847,0.06164623287359045
51848,0.008074628138284636
51849,0.004032602700674938
51850,0.22676834137397164
51851,0.0038562867578224836
51852,0.016081966598718373
51853,0.003014492970181074
51866,0.005132782527177193
51869,0.1546252464521763
51870,0.003548394202937109
51875,0.016701837758006502
51876,0.014162777600277673
51877,0.1720031353176852
51881,0.023381528816158823
51882,0.06403769511879046
51883,0.010768088133325953
51885,0.015471360088521399
51886,0.003476843108097734
51887,0.21965868849831946
51888,0.011209849830115087
51889,0.015411390495434373
51890,0.0036652541990704573
51894,0.0030199577238096743
51897,0.022384818067869145
51899,0.003405170370119711
51900,0.046652195456351624
51901,0.021709533705981627
51902,0.005772132118028824
51905,0.020933596911996914
51906,0.01079637074210686
51907,0.01980321536609031
51908,0.0061848843356137944
51909,0.0050919663025247915
51910,0.06356616788988693
51911,0.056278356903479335
51913,0.04850832144198955
51915,0.07184503921685091
51917,0.014764499560949287
51922,0.017285168925097842
51926,0.010535023941347366
51928,0.006311688716837409
51930,0.009250812796195091
51931,0.004184241914694491
51934,0.004564875708091864
51935,0.23958643316173925
51936,0.011626249708091466
51937,0.04463182402673829
51940,0.0029512474481077143
51941,0.004351428627521532
51946,0.010512585291603038
51947,0.010884853167593137
51948,0.00916608986297549
51949,0.011865883729284222
51950,0.010516003123699172
51952,0.018959523526917595
51953,0.0030527410956141736
51956,0.054067034007802314
51957,0.006652975116485919
51958,0.0156297939728569
51961,0.011939157708316913
51966,0.00919516160728455
51967,0.02605165694807456
51968,0.02450982555310836
51970,0.01357535518003178
51973,0.05010540432628964
51975,0.004744353538154039
51976,0.005508983366231035
51978,0.07736583306362556
51979,0.02050803912247623
51980,0.01514486701750028
51982,0.04987705715829808
51984,0.23096734147610157
51987,0.021037236531121856
51991,0.0071854079721727524
51992,0.003378389295837162
51994,0.0030075880363304498
51998,0.01886044117614264
51999,0.016398413124624436
52000,0.03347630520856427
52005,0.08272921808765173
52006,0.12432881139697374
52007,0.009588700371221656
52008,0.08071827332423917
52009,0.04194680042185882
52013,0.030486762774356576
52018,0.1767022435138391
52021,0.13539702933984588
52025,0.026817845459524592
52026,0.003923272329236848
52027,0.003388329394105512
52028,0.06838091560363971
52035,0.007621401071079543
52036,0.006038122386103876
52037,0.007717853128461584
52039,0.012658737551476815
52040,0.03407860309948498
52041,0.018207970226622894
52044,0.006020705534324349
52045,0.019535345144171243
52048,0.16343603578362773
52049,0.04169204857522826
52050,0.046668547282184926
52051,0.11435026594467709
52052,0.0038316500359366896
52054,0.0030781042547869003
52055,0.00355203144659847
52058,0.010329553291058795
52060,0.022452578904523686
52061,0.0041028050351978925
52067,0.007553977373820611
52069,0.003148586672660823
52070,0.0036653084197817904
52071,0.0030188833326532053
52074,0.008138475488715461
52075,0.22085909362967115
52077,0.004802576303926956
52081,0.022293826422025178
52083,0.003041496566309062
52084,0.014133594357084575
52087,0.010620509077083687
52089,0.00984084036480527
52090,0.009748349692112683
52091,0.034618442961437006
52092,0.012319774603687871
52094,0.0029255544112600984
52100,0.029942246362405407
52101,0.15807138119641037
52103,0.006891048614271561
52106,0.026735877167125388
52109,0.007460009845747048
52112,0.01976681662558719
52114,0.007348636919620401
52117,0.003531433379900712
52120,0.10452961170924187
52121,0.038307130355970845
52123,0.011496974340987925
52124,0.0051397491246693685
52127,0.003689772732919668
52130,0.008650646115161306
52132,0.004729628502490919
52134,0.0464372249902947
52140,0.00648572417218011
52143,0.007833621693781564
52146,0.0036856188052267445
52148,0.014241271300670462
52149,0.13922372630776356
52150,0.06246966223314066
52151,0.006396099189021652
52152,0.013603898226539192
52155,0.1468716390880305
52156,0.031516538175414076
52158,0.011866138136505965
52161,0.021952037356163075
52163,0.0049363471150797806
52165,0.003876034450137396
52173,0.022323555308401133
52177,0.07300769527940457
52179,0.02964497913238363
52185,0.21033082233773187
52187,0.00324408397233018
52192,0.058351629996909994
52193,0.003061113939919939
52194,0.004104556116710742
52195,0.007253296602305325
52197,0.0058660464107572205
52200,0.012856334350719402
52201,0.05096561849273648
52203,0.09804356896311021
52204,0.008188454146945391
52205,0.03713301278528328
52209,0.002954226664010865
52210,0.029289877942711682
52211,0.00989588511533205
52212,0.004394071922115003
52215,0.08211299802340538
52216,0.003639850032819037
52217,0.003755176741067483
52219,0.005700000227870239
52220,0.17678982183039138
52224,0.06377530776731952
52227,0.003708223960306158
52228,0.008308923395971906
52229,0.05042591510649951
52232,0.06714207226214293
52233,0.004417146505312712
52234,0.004859391947949898
52235,0.01221716965625954
52236,0.014279501688611135
52238,0.03790819605118898
52241,0.0363274847021374
52242,0.103983364266545
52244,0.010233193683449833
52247,0.07391274465959768
52248,0.0036004197634963114
52251,0.01292710837087715
52253,0.056102977213058666
52255,0.012453599357911304
52257,0.006913019011351502
52258,0.020157856134003293
52259,0.005611914944804251
52263,0.09663478872472867
52264,0.014435004626189168
52267,0.004189011460043323
52268,0.012990464099052511
52269,0.0082796418181826
52273,0.00726885672628685
52274,0.030993807839472243
52275,0.20634803263675147
52276,0.007246759293908944
52279,0.1411612381387462
52280,0.003373900814453373
52282,0.0032845685317236355
52283,0.018072237141101198
52284,0.0047555280938869505
52287,0.0034611305707400505
52288,0.003969095080578687
52289,0.04197568580308588
52290,0.0037159744597564334
52293,0.006081977884013168
52295,0.00582367684048322
52296,0.004668489565808596
52298,0.06316288074240727
52299,0.05037752014711344
52301,0.0034222521480536928
52302,0.005097572810848783
52304,0.025938463903603208
52306,0.03186969443794196
52307,0.06270431080545327
52308,0.015441965947589254
52309,0.006507669566390228
52310,0.01965097350652991
52311,0.03455988031060453
52312,0.02828473005992407
52313,0.11759578297662514
52314,0.008312039891362357
52315,0.004638735310822595
52318,0.06509734203882632
52321,0.010730115140961135
52323,0.009612523070112686
52325,0.0694302256979847
52328,0.031295849083272854
52329,0.0196060545002121
52333,0.02695636418631888
52335,0.1436001252047656
52336,0.041369997272912844
52338,0.009795544293529995
52339,0.19671193330609818
52341,0.006322413580379312
52342,0.0031931660747008565
52343,0.05949772416799026
52344,0.13483903057223567
52345,0.006508879514785463
52347,0.19388067453136537
52350,0.004559687330116486
52352,0.026092726083828087
52353,0.0030751031828717187
52354,0.005295533061284982
52356,0.005127553797899577
52357,0.0358163708874286
52358,0.09923491113838509
52359,0.045068056490604455
52360,0.10869769011923489
52362,0.026065103325113675
52363,0.018264296321133126
52364,0.004507631883825974
52365,0.004750527385441215
52368,0.17582512305174908
52369,0.005811026805654659
52370,0.0030093814430844504
52374,0.010590820399868356
52375,0.0348978767867434
52378,0.04008795122942532
52380,0.0038033921342754346
52383,0.002906498987547818
52385,0.1536827478676336
52386,0.012907289988323144
52391,0.021899193187596692
52393,0.021702570132676836
52403,0.014132604563280596
52404,0.0031724314617752676
52406,0.009894069102963804
52413,0.003868843536847873
52414,0.0055341937644853845
52416,0.05762384311811573
52418,0.15250744463913335
52419,0.0035322043151500343
52422,0.009575030348999132
52423,0.0062512689264837195
52424,0.18924568433550393
52427,0.026092726083828087
52434,0.00530477272463346
52435,0.03796212427851375
52436,0.04981663659987388
52441,0.1500273520690512
52442,0.003085487769767995
52443,0.012962096563410921
52445,0.014416511568114528
52448,0.0029560925651085203
52452,0.012926462489698571
52455,0.1755384465257485
52456,0.0034538494334910032
52457,0.03933639986019543
52458,0.12409302268722938
52460,0.017812087553373893
52464,0.041416687735677735
52465,0.003020872126731738
52466,0.10068266919715549
52467,0.0036910414093684436
52470,0.0709026277286217
52471,0.07150506185221954
52472,0.0028970373807838223
52473,0.00728528342837816
52475,0.09370649003644486
52476,0.016606078617908613
52483,0.1553234786806146
52484,0.003010292095239435
52485,0.09127185000314322
52490,0.13873809346107518
52497,0.0034362998893888814
52499,0.0036417495375290192
52500,0.03230753995957065
52502,0.016439685848992334
52505,0.06976018375513818
52507,0.2194298696445627
52508,0.07743409578249885
52509,0.003451917138596996
52510,0.014076975893243795
52511,0.005051691244260802
52514,0.0035297899734461472
52515,0.004192097041930569
52517,0.003104298754542128
52519,0.0028817284656831466
52520,0.1205252586671627
52522,0.026486079675138156
52523,0.003720342259438879
52527,0.0038865871661712503
52528,0.010861260888028529
52532,0.06614530951316781
52533,0.003925534564621045
52538,0.003934080331656448
52539,0.15234453977699336
52541,0.09253243136401346
52543,0.01205088130196858
52544,0.029536080583077724
52546,0.04278152948416668
52547,0.011764107173154471
52549,0.038673952032220245
52552,0.022114406571858713
52553,0.007455985039679087
52554,0.036163393983915194
52559,0.0034806472783188323
52560,0.009018755602819999
52563,0.003024454843037068
52564,0.17865800985531577
52566,0.0038394898186669447
52569,0.0037429049330014747
52570,0.002874777199872933
52573,0.004496910159931743
52574,0.03632129797024503
52576,0.02403400664355928
52580,0.003932518002511707
52581,0.1978408513167269
52582,0.02984254623258895
52585,0.06818061629683694
52587,0.1590271210231659
52588,0.19846498127578252
52589,0.15804713004067428
52590,0.04426170542358748
52591,0.014738686888934689
52594,0.003548280080839996
52595,0.06130415845528829
52596,0.204250045461743
52597,0.03096138903118236
52600,0.014362338573999581
52602,0.1632294822056747
52606,0.05453052760862329
52609,0.003851074178830657
52610,0.020497888340033077
52612,0.00917556856855467
52613,0.03185592198840375
52614,0.061539751954148986
52615,0.007411588702132345
52616,0.0059718241358911175
52619,0.016359022474917013
52621,0.2300713554562495
52623,0.0149536799013648
52625,0.04885379158513521
52627,0.02405758418935779
52633,0.0039775229994555746
52634,0.003315144493740361
52636,0.014840960553706919
52637,0.0036364333173622807
52639,0.22893193690709787
52640,0.009009838024001843
52643,0.005416341759048153
52647,0.025007781569499413
52648,0.07450117565930581
52650,0.003064419756761165
52653,0.053022394498586964
52659,0.006168919888678661
52660,0.0034060092640339074
52661,0.06669581696225982
52663,0.05622516986295121
52664,0.03696748669436485
52665,0.010214314205175896
52666,0.026572268796945103
52669,0.06189757533119221
52674,0.1161759893965508
52677,0.02981747952163178
52679,0.003975243159275792
52684,0.07095030216613099
52685,0.010945322830180498
52686,0.044782794202421664
52687,0.03654714828527269
52691,0.11514371195068857
52692,0.17572408238318266
52693,0.003523941702072978
52694,0.007975329907984384
52696,0.014919254816477118
52697,0.04589312471375813
52698,0.10403215764026648
52699,0.005644943629238311
52700,0.04282321402811192
52701,0.0570848016535856
52704,0.003489449231338926
52705,0.009865259806881401
52710,0.004835530995715934
52711,0.0029946593593390574
52712,0.0038720514739517724
52717,0.030334515215776566
52718,0.04396805055904458
52720,0.00854988452788769
52721,0.03459537651067348
52722,0.004744009719516561
52723,0.00827642660419091
52724,0.014107128476941719
52730,0.010971170026226766
52733,0.0034497186902515175
52737,0.015430659035864828
52739,0.07056025094892283
52743,0.004553525738448803
52744,0.0347268104485979
52745,0.009052631260377706
52746,0.003966283795684172
52747,0.01747808999249136
52753,0.04640556708124061
52755,0.003692363524256095
52756,0.0029223393420882674
52759,0.011662899111064358
52761,0.017285383202979367
52764,0.004642431736636478
52768,0.19686680071885393
52769,0.004488016200354679
52771,0.006849463326309887
52776,0.003665175068517317
52777,0.0053705963967463355
52778,0.005243597748240704
52780,0.10054636585288343
52785,0.003624654220591532
52787,0.004092473621351932
52791,0.009871679759149333
52794,0.006275266177473975
52799,0.0037972403507558197
52801,0.010248949203088676
52802,0.004239233525935874
52804,0.06102199278134527
52806,0.16118157687826107
52809,0.18868438284508532
52811,0.021041008719768148
52813,0.0036088255905252758
52814,0.016086400531782976
52815,0.008776948872653886
52820,0.004090132812988774
52821,0.003499872884187545
52823,0.00496482457293331
52824,0.0726658167445172
52825,0.002997401985874536
52826,0.005868896609692141
52827,0.20738089927921274
52830,0.006380981815538172
52831,0.05320285905602901
52833,0.22007477664936698
52837,0.003691925601658958
52841,0.0038599989545161323
52842,0.1706076724901681
52843,0.008781003249403879
52844,0.0948662171263605
52845,0.011881923830331882
52846,0.1767022435138391
52847,0.012920299296544832
52848,0.004222255780094823
52849,0.003750394463727018
52850,0.03029047066048284
52852,0.003826587080112429
52853,0.10151764586407758
52855,0.20363608713905923
52856,0.0054952541833991585
52857,0.22653623038321846
52860,0.0029451671480116284
52861,0.0070155499022404345
52862,0.005986201949888707
52863,0.004505587014264725
52864,0.0049020913179498825
52865,0.013362471113674609
52866,0.12536893174866412
52867,0.0029170559611558294
52869,0.01918694213664641
52871,0.005023807927095277
52875,0.04306724995243341
52877,0.0037068851932041116
52880,0.005702807242810899
52881,0.004148210105984829
52883,0.014642704956115388
52884,0.05889862917157449
52885,0.05746881789297211
52886,0.014310951762563019
52888,0.0039121470517045395
52889,0.0066578493967903085
52890,0.07575732065315209
52892,0.0035654814508133213
52893,0.00318795398632628
52894,0.0059657254403780585
52898,0.003484512362623603
52902,0.02332142899486098
52905,0.004833082926768118
52906,0.0038739566622413494
52907,0.007689878383960107
52909,0.00626922102401076
52911,0.011430592581637106
52912,0.0028336345922334405
52913,0.04471071541893245
52914,0.2355295235625155
52916,0.021016936881063368
52918,0.006484368353739968
52922,0.010247525487213815
52926,0.0035292072969359844
52927,0.003313677237099107
52928,0.05136627742478577
52936,0.006364634888389691
52939,0.0038059419276218528
52941,0.004759619411319646
52942,0.013947075795838829
52944,0.0057129535072939705
52947,0.16977622770615156
52949,0.010996392557639758
52950,0.013846002741622156
52951,0.004359671069104321
52952,0.004243146832066435
52953,0.013614018790243492
52957,0.012306548578167502
52958,0.006954806311069115
52959,0.009550848423091115
52965,0.008699299897156053
52966,0.03175005442028302
52967,0.19035803151992553
52969,0.006814424276877597
52970,0.019575465647510216
52971,0.046288969603660884
52972,0.0036653084197817904
52973,0.007110693504915984
52977,0.00426939661199599
52978,0.007524448552295651
52979,0.004126412351186768
52980,0.0063674017226667086
52981,0.003605429075847393
52985,0.005454107136898972
52986,0.018628411086971587
52987,0.006722879098341564
52990,0.06973561080483924
52994,0.0057179338578106234
52995,0.015462855373398117
52997,0.0038004791424279655
52998,0.06732817305464413
52999,0.0037028433810196147
53001,0.06551542514279363
53004,0.023839573031925285
53006,0.010511854013646377
53007,0.007276274944060426
53008,0.05274707641347175
53013,0.0038975219232166894
53015,0.013471923800577927
53016,0.0530171893514623
53017,0.1599617838679087
53019,0.10405350120545982
53020,0.026742843330052748
53023,0.003718131271011349
53026,0.003110998436596048
53029,0.06470906990621146
53032,0.03657466929662495
53033,0.046263713105071935
53042,0.022362275472946617
53044,0.1835099941689834
53045,0.020263656086105
53047,0.036571076671001575
53048,0.003815651694807852
53050,0.004436311095497785
53053,0.0884977530312895
53054,0.004254840179675341
53055,0.005530445477669852
53056,0.0028876393637998063
53057,0.2227854006929655
53058,0.10426808261796053
53061,0.025196924497904193
53063,0.0033856407882787323
53069,0.0753910265560797
53071,0.02481260555265348
53072,0.023109904073502996
53074,0.002991349786261344
53075,0.004616975155486318
53080,0.012577198925445603
53081,0.0057525190840548735
53082,0.008016838180519396
53084,0.022603015068191137
53087,0.17561877150512592
53088,0.23543903243351808
53089,0.0067360577207195545
53090,0.0035589391642463185
53091,0.008986079662718603
53092,0.009767314150229902
53094,0.01466076339871647
53096,0.14180137543703433
53101,0.059174187059452044
53102,0.0773840531889114
53103,0.01371670929414211
53104,0.006867579560139739
53105,0.05805786266012499
53108,0.2655388725729522
53109,0.05407954309234004
53110,0.0070248896254576955
53111,0.01039860217210505
53113,0.008581435122340273
53115,0.22733315509765412
53121,0.005191711391890935
53125,0.0033067473966180588
53126,0.11617600097544242
53127,0.032467226499565655
53128,0.011846504296632305
53131,0.002887729676977762
53133,0.0032343684644871714
53134,0.01718935831711885
53135,0.04501742492354608
53136,0.020672502182584197
53138,0.06894466125824934
53140,0.004770177697421314
53143,0.008266145710896915
53144,0.09373047350242698
53145,0.002883517288067233
53146,0.0038592508327768105
53151,0.00403996945167805
53152,0.12675470128055283
53156,0.009875414684875525
53157,0.0036181571963289
53159,0.03459537651067348
53160,0.003896589260665384
53161,0.007334139780609227
53164,0.01098073541818634
53165,0.006672263203897133
53166,0.027709486216629383
53167,0.0033687679893599073
53168,0.04057203633838324
53170,0.06127036735814688
53173,0.003789070843431221
53174,0.08009437911997597
53176,0.0341907341253579
53181,0.005196232101232588
53182,0.09896058612567822
53183,0.008833878867909987
53187,0.2548762202207261
53190,0.003313822694226436
53191,0.0033471371166725592
53195,0.0789972480194738
53197,0.00867570589907172
53198,0.028061367346715868
53199,0.0047744492749344555
53201,0.2666439686459173
53202,0.003765526341728182
53204,0.0036162237197873938
53206,0.09381839618118426
53207,0.0037440531034735537
53208,0.0036322488729415847
53213,0.0031003883668665913
53215,0.03554048055844503
53217,0.01127553046786285
53223,0.14412411533853517
53226,0.0032151885442076055
53227,0.006765457489996043
53228,0.15888145102779538
53229,0.20165370969842414
53233,0.16013563214814525
53234,0.01919840195980246
53235,0.0032929102195943362
53236,0.027832372596483194
53240,0.010464470621670769
53242,0.025048962631629902
53246,0.05396872079865257
53247,0.047609910537702665
53248,0.01273274134674275
53251,0.031020084451691732
53256,0.01465620835519293
53260,0.006727716792576485
53261,0.014133612293498658
53262,0.03984682601235809
53264,0.13550213029738103
53266,0.059233209108893244
53268,0.004122463514497067
53270,0.0042401357962222885
53272,0.021046087336685233
53273,0.005323627757312795
53279,0.003782949187191021
53280,0.2612746716458809
53283,0.053392102666760095
53285,0.018137778379230394
53287,0.003434276459544574
53290,0.005706750996881298
53291,0.20289269393108397
53292,0.014166104959022457
53294,0.0029574784152328103
53298,0.048704625051847895
53299,0.0038998858347358356
53300,0.015180178903639477
53301,0.0168413260552601
53302,0.034586250674557326
53303,0.019553158840994588
53304,0.08134684557821763
53305,0.0031892489335010317
53307,0.28060879144725515
53309,0.0041032662401502265
53311,0.010456007058404248
53313,0.08066452419364208
53314,0.07842213930951804
53315,0.0046434925426016805
53316,0.004801360887816295
53319,0.00536027159149249
53320,0.003426050859946638
53322,0.01263995091866658
53324,0.005985926384051414
53325,0.09224399929751141
53326,0.0037694843623858596
53328,0.004313501031555258
53330,0.0031494584977519204
53333,0.0449762521662341
53336,0.19874084765749914
53337,0.0036986741839947265
53338,0.009138911769854267
53340,0.006836391236824617
53341,0.23127291489156104
53343,0.002855903578931744
53344,0.033258711269480185
53346,0.006861441646687623
53347,0.019592063824748242
53348,0.016124302309046316
53351,0.013757471900663976
53352,0.18468925024283472
53353,0.004118098266507118
53355,0.02741281558845753
53356,0.006603167843733095
53361,0.0040687816839641375
53366,0.00412655791548902
53370,0.21849773957851387
53371,0.0949042242817232
53375,0.005044523986737993
53376,0.004080531325768119
53383,0.01356893820082606
53385,0.20219086833201716
53386,0.06576639730606017
53387,0.015095802727790566
53389,0.003437950207574153
53393,0.08625051013707351
53398,0.005612464070909753
53400,0.056276298722495934
53405,0.00943077530380418
53415,0.2321978137837874
53419,0.03290026064799294
53421,0.0029223144269077215
53425,0.03229505510740491
53428,0.014600018137805718
53429,0.003714125981675976
53432,0.00435794085404501
53433,0.02066150228610253
53437,0.052968546580332544
53443,0.004421790834851539
53444,0.027580034978937042
53445,0.044816081001996154
53450,0.004000967566405213
53454,0.008776093292444222
53455,0.02183770444401951
53456,0.19464074069881843
53457,0.12890497356566405
53458,0.06239347680844952
53459,0.018565732875634643
53460,0.006222324619898381
53461,0.014877184689689602
53462,0.055591524618039956
53463,0.004660113426022939
53464,0.02617075102166862
53465,0.06493487938689754
53467,0.042696541206172
53468,0.0036671248687824027
53470,0.025432668147405173
53471,0.008897364733152124
53476,0.03866847751212694
53479,0.012916774099691794
53481,0.004529417309822344
53486,0.0753264208564377
53487,0.01749310614817431
53488,0.0286878257421441
53490,0.16169537924684552
53493,0.01494589885569634
53494,0.004910054215496469
53495,0.07207461958913826
53498,0.0035900033732134792
53499,0.018282298343794127
53505,0.14181978300814627
53509,0.003714464087602834
53513,0.05173252939062756
53516,0.0036308235001643084
53517,0.0070933548361221095
53519,0.018475579288911557
53521,0.002849340777902815
53522,0.012862253313055844
53523,0.010517865024347121
53524,0.11391511648025571
53528,0.004414351635136475
53530,0.04479901989142592
53532,0.08134680746887157
53533,0.0111128216718695
53534,0.0032924027651026677
53535,0.025520077725343673
53537,0.014809907964336174
53540,0.010526123169463079
53541,0.020774105254038354
53542,0.005834757170977146
53544,0.00451157397923105
53547,0.02061590239153066
53548,0.28424991822159906
53552,0.3078672642823513
53554,0.012829728837173881
53555,0.006898269565646621
53556,0.00986652935010562
53558,0.025795307364600218
53562,0.011250363330766094
53571,0.004606443816920581
53573,0.010719078256729419
53574,0.1853894934650206
53575,0.02239249874549622
53576,0.029555681590582496
53579,0.1736493097781073
53582,0.15802601875330202
53583,0.0359085172013366
53584,0.0769681347168216
53586,0.019572027888552872
53589,0.004545669040621239
53591,0.06751111810922049
53593,0.17263233322552696
53601,0.14487897688661558
53602,0.03334356265443845
53604,0.003484192338844081
53608,0.003317138008794864
53616,0.032600336638478104
53623,0.09629612075942565
53624,0.003086201951523552
53625,0.011288168299599756
53627,0.02954994886206477
53628,0.0028638711398135458
53631,0.0035830272693794006
53632,0.01810881116157751
53633,0.02193088359524252
53634,0.20604238066164623
53636,0.00988284229139669
53638,0.10756844145870947
53642,0.24351419585877587
53643,0.010665853667443284
53644,0.10399145551838855
53645,0.1733808753332644
53646,0.0034204355352013775
53647,0.18246797209984622
53649,0.13569430617709632
53650,0.07440282017754224
53653,0.0037646639627207296
53657,0.006867711992190707
53658,0.04597180358786051
53660,0.04520456602263501
53664,0.04807958498308983
53665,0.10190407789660992
53670,0.07358625830649042
53677,0.009758368364654517
53678,0.004232820934668674
53679,0.008218024594640619
53680,0.08167768054069212
53681,0.042394057024252044
53682,0.01424660313084823
53684,0.006033097721926826
53688,0.00866154990058515
53689,0.026092726083828087
53690,0.07736232165877026
53691,0.020543271333204823
53693,0.18546704433253144
53694,0.008859607530143374
53695,0.00912502894102319
53698,0.03668666470998526
53699,0.07460834074013978
53701,0.00424366544988785
53702,0.005518986393759611
53703,0.0044749053863568835
53705,0.16711361572945077
53708,0.04698668395407853
53709,0.003193255124983229
53713,0.005316210483456606
53714,0.0061733519009852765
53715,0.003565511375968029
53716,0.013061960340256678
53717,0.0035813773902656884
53719,0.024274837493426963
53720,0.216866550276097
53721,0.07902621420640435
53727,0.08083353731911942
53728,0.0038975244661620394
53731,0.02397644565846327
53732,0.0031201147605938724
53735,0.1024572207377435
53736,0.029708692470831875
53739,0.04643331655941747
53742,0.0053537962640525134
53744,0.008073344146832591
53745,0.10880988198630366
53746,0.04088504755776583
53747,0.018153043687291263
53749,0.009189778163976065
53751,0.004632309071354081
53752,0.19750823512966734
53753,0.05290628260782222
53757,0.0034381089120596757
53761,0.0043538935028127335
53763,0.1340736255883693
53764,0.058934459175458004
53765,0.004975530535437791
53766,0.007084301117917778
53767,0.0032088407488700863
53769,0.04531916078832641
53774,0.004530169864411407
53775,0.014085013413383713
53778,0.013489313752721206
53780,0.014800845075997488
53784,0.029179962943617858
53787,0.017946407292045705
53788,0.04687969960979378
53790,0.03838317164670656
53791,0.006731453663059501
53793,0.008348820072042707
53794,0.03204529609344612
53795,0.020125291105957496
53800,0.005353920513816225
53801,0.003698798731617123
53802,0.003915181461866649
53804,0.010206800534240355
53805,0.24873616188131542
53806,0.06658273939921
53808,0.07575732065315209
53809,0.07846802155051913
53810,0.015207789898306866
53812,0.00938712201296163
53814,0.0034701722490130807
53815,0.004066707783624303
53818,0.006137622561036541
53819,0.0029783199497264573
53825,0.0039028124190459267
53829,0.004089590383220464
53831,0.0037278942644580473
53832,0.0039008553010767104
53834,0.23812541806021076
53835,0.006694548348214273
53837,0.06443272774788994
53838,0.0034761998124375596
53841,0.040864339113046794
53843,0.08922034034776617
53844,0.03465575203357424
53845,0.0037387757461697724
53846,0.22759389442206815
53847,0.003589920976098148
53850,0.02643904771952673
53855,0.02069463079840123
53858,0.004662333298787155
53864,0.01978118536424135
53866,0.011638616998386388
53869,0.0028413715906125477
53871,0.03554333548942546
53873,0.033036781731433484
53874,0.0031102232018833526
53875,0.023284354463640394
53876,0.04299940903592762
53881,0.00878508235736851
53882,0.03624080930060425
53884,0.012494015453679598
53886,0.004240521899034246
53889,0.012849564815595937
53892,0.07362911927810344
53895,0.0177872419340302
53896,0.08956464302177099
53897,0.0405585970770094
53898,0.0030424038285482356
53900,0.02087186710602723
53902,0.01555148861447997
53904,0.004726161503753789
53905,0.05499787708374243
53906,0.08701437963363995
53909,0.004258801178875176
53910,0.027150857443684617
53913,0.1890343520050397
53915,0.07279599312653619
53916,0.0028300640184488186
53917,0.005778387156930113
53918,0.006247749964871766
53920,0.002938840172532348
53921,0.05647891886927641
53923,0.22046721249965745
53926,0.022894806599374134
53935,0.0031388911302344252
53936,0.004236644356583473
53939,0.00395579423512156
53940,0.01830222735491261
53942,0.031984715730407696
53943,0.008311916709416322
53945,0.03797502198296105
53946,0.0573849750756543
53947,0.061668717853818715
53948,0.019518010367168527
53949,0.020477288916856417
53952,0.002962534960461704
53957,0.014675980756705046
53962,0.014983788419927946
53963,0.0028761439638708905
53964,0.04896179647389434
53965,0.2160308591861518
53966,0.010111132309469724
53967,0.00492151522719736
53969,0.011994207941061999
53971,0.05330800241465698
53979,0.018525045505916743
53981,0.005926804773207672
53984,0.003953706122229194
53985,0.13938385372499462
53986,0.07534803137783191
53987,0.0049189893060207195
53988,0.28838785184627236
53989,0.02155917557289789
53990,0.007666565175822166
53991,0.09456174916679749
53992,0.0036552458690595046
53994,0.036419592831345486
53997,0.011753006719976098
53998,0.00730318977819946
53999,0.007325259896933329
54001,0.005473885303963467
54002,0.003495530989230868
54003,0.05564938442630637
54008,0.0038895114181051963
54011,0.016653011895514866
54013,0.0030157300937114447
54014,0.07611702248051591
54015,0.02168865800163939
54019,0.014644537849941722
54020,0.0059837493449513175
54023,0.004776793047482072
54024,0.060353734744415154
54025,0.17121391333456498
54026,0.007944333267657531
54027,0.023205563397342158
54030,0.037775796202617146
54032,0.04157037520012857
54033,0.002932710974063202
54034,0.22801583712901474
54035,0.005073174501273945
54036,0.010186860758349693
54038,0.037379463594841664
54041,0.016753130249541188
54045,0.004224268646565978
54047,0.0032652349545255204
54051,0.0035524642952942417
54053,0.02798188779294852
54058,0.0110286286770863
54059,0.005984428077033524
54060,0.0036386827346748356
54061,0.03459537651067348
54067,0.004327925653470941
54068,0.059442680865057364
54070,0.056927572601825384
54071,0.0031239797939380766
54072,0.008951114588197003
54073,0.0037662205312682666
54075,0.008872123275427492
54079,0.016978539031321446
54081,0.005090978818222043
54082,0.0044432229325164
54085,0.03267027850326027
54087,0.012582521419335921
54088,0.04308100164580457
54089,0.15754478194781382
54090,0.00447299577499233
54092,0.004053040652352322
54093,0.28682005610369576
54094,0.04591683566193788
54095,0.009985073284210295
54096,0.0651414251658791
54097,0.028581643687379657
54099,0.012954700487967031
54102,0.02010945022450304
54103,0.028905099506872145
54104,0.02644995831407404
54107,0.10417813848541178
54109,0.10405997321452062
54110,0.0038061276166031677
54111,0.006917568150294903
54112,0.2033688220794944
54113,0.06822148297590946
54115,0.19771721222852384
54118,0.011525763409312996
54120,0.004173702470240268
54122,0.04117412465071016
54124,0.2408380773971061
54125,0.011122870326414734
54126,0.05968138610894671
54128,0.047660205216315345
54130,0.08323531416285251
54132,0.051391133457627455
54133,0.054940463986165734
54134,0.018941510566312082
54135,0.015725421762463238
54137,0.0035452269404386938
54139,0.004359572539617078
54143,0.007427275539619786
54144,0.016334098786947093
54145,0.003574032991063591
54146,0.024298342912416646
54147,0.032330276575972074
54148,0.019768632384791873
54149,0.00544481462772918
54151,0.002891514609804583
54152,0.0028898604135421902
54153,0.003578896904975006
54154,0.026853028535279717
54155,0.1726401602911204
54157,0.00939521245611973
54158,0.0035433487579353716
54159,0.017136195428182094
54162,0.033709427128364076
54164,0.08645569803119788
54166,0.006245887254020631
54167,0.010981100494067628
54170,0.025556767053099682
54171,0.008496340767567353
54175,0.0030022842674671444
54176,0.03573300410177568
54178,0.030787316276755534
54182,0.0029738730313374592
54184,0.09907699149209176
54188,0.010464163328280063
54189,0.1071599203499576
54190,0.005012069924535003
54192,0.016782949325355682
54194,0.01312412939875451
54196,0.18293419394808663
54197,0.2181508824036888
54198,0.006634470899064016
54202,0.006494032196901867
54204,0.0036130729039884333
54206,0.0037233215373822784
54208,0.04014956121269731
54211,0.004651385207353438
54212,0.02147994407138367
54213,0.0066984841780329445
54217,0.041420486875955106
54218,0.00387800687481001
54219,0.16343603578362773
54220,0.05864686913867423
54221,0.007557251988153673
54223,0.0035410026461451874
54225,0.003957293962387595
54229,0.010933654523067762
54232,0.04016201993933402
54233,0.17240180019452517
54234,0.08746701364914879
54236,0.022233354473543004
54237,0.004235606904631343
54239,0.039596931132838735
54240,0.01217829019290798
54241,0.0033717015498907167
54243,0.028460572301492477
54244,0.008598313536447416
54245,0.06849130806506919
54249,0.0362089720732061
54252,0.007628346158806711
54254,0.026092726083828087
54255,0.07438730431689237
54258,0.1072442448697631
54259,0.0031037340499472602
54261,0.006007625775289497
54262,0.0028962806517096556
54265,0.017482455081459847
54266,0.0776334444592478
54267,0.004513678843125365
54268,0.013251769105922268
54269,0.2003396239162728
54270,0.15944412165472524
54271,0.03545213736085349
54272,0.009394366568338143
54274,0.005043936258887755
54278,0.07217731898091058
54280,0.010445434451991354
54281,0.05206714890596477
54282,0.0334724705933028
54283,0.0064468838953477894
54284,0.21752981593513956
54288,0.003209303017980716
54290,0.0044831431630980995
54293,0.04117232600747238
54294,0.011076200901464373
54297,0.006683838263670076
54298,0.04350285365724904
54300,0.004384516103854782
54302,0.2588951004097569
54305,0.039273749698647595
54306,0.03009611569958183
54309,0.26055455853700704
54310,0.004025434093430943
54311,0.030275389307232566
54312,0.03227118345311639
54314,0.013135793577209983
54319,0.014738925966849614
54320,0.2403779582680881
54321,0.015879416556893924
54322,0.042056514429241826
54325,0.022626599046936053
54327,0.0038320832881520344
54330,0.012575015931118889
54331,0.0029828910546904424
54332,0.012369650126456551
54336,0.024988692185139633
54337,0.055360857903544766
54339,0.02729353330386447
54340,0.006963479382133288
54341,0.019403326800111535
54343,0.15347508961108025
54345,0.07691482633084906
54346,0.058003012073768796
54349,0.015398337272759955
54351,0.04697818759481457
54352,0.004483428563288083
54353,0.013477462610951913
54354,0.09968293014259513
54355,0.015407600841637484
54356,0.007082978643178702
54358,0.003179462905762697
54360,0.026134840810602626
54361,0.0075843441023485305
54363,0.016420313227302766
54364,0.03204529609344612
54367,0.0177899438291998
54368,0.0050824451578197925
54371,0.0034935083535786253
54373,0.027827590243938126
54375,0.0746998058509713
54378,0.022267411156346943
54379,0.0042061849793279425
54381,0.005481149301773825
54382,0.03501979731408606
54383,0.029194696638749598
54384,0.01158962519132227
54388,0.06367731166249699
54390,0.22424747811434398
54393,0.0071906391013466225
54394,0.005508541738755294
54397,0.17264930327592865
54398,0.008494785182085178
54399,0.008054027447326079
54400,0.24197713775400279
54405,0.03285210685871901
54406,0.0040005773561799605
54407,0.022830196332124277
54408,0.011186524129465879
54410,0.007985098067483905
54414,0.09254921251732265
54416,0.04435840946661146
54417,0.004270918627532514
54423,0.026092726083828087
54424,0.3178004223527543
54426,0.0034030897729756216
54429,0.008998324336150701
54433,0.20052124413288563
54435,0.02215672404470707
54437,0.029736414383930484
54439,0.003917187257420341
54446,0.02198292687619433
54447,0.0032356793249546986
54448,0.04333649101905887
54449,0.018412246481675037
54450,0.031829459097266345
54451,0.09475172544352269
54453,0.006582561074123474
54455,0.00352227828919647
54456,0.19648770723804584
54462,0.09735338055390355
54463,0.003647977239306826
54465,0.021099184419189933
54468,0.021683618348577988
54470,0.00372644397676248
54471,0.006931060426679348
54475,0.20406608595864736
54477,0.0034582335479781605
54478,0.00803268210017811
54480,0.008874475960764619
54484,0.22802513067924013
54486,0.006485269960057361
54488,0.1324175973094659
54491,0.007983766057381927
54493,0.05278117649454308
54496,0.23225872110982848
54498,0.03951136146393126
54500,0.005025506527155958
54502,0.0028828396904398562
54504,0.0036918622123880136
54506,0.0029244854990747825
54509,0.00583748206081762
54510,0.029643843596206632
54511,0.07283220375816656
54514,0.008392666336104623
54515,0.0037239779178858986
54518,0.1962195239778399
54519,0.005409292562963169
54521,0.00461509063035083
54525,0.20219086833201716
54526,0.12558770025759322
54528,0.002879854513856472
54529,0.00600753508983628
54533,0.017783104268157473
54534,0.01889690070719298
54535,0.0038098964324673815
54536,0.07400758228344892
54537,0.047204332123437845
54538,0.04309825510963146
54539,0.06165062360031925
54540,0.011709203686485243
54542,0.03635173495019482
54543,0.004703624334698862
54544,0.022696733397889607
54546,0.0028833413838200597
54547,0.2247775474742468
54549,0.0029730887942266177
54551,0.006614173158924664
54552,0.012016436510296262
54555,0.049034454879013444
54561,0.003909938535163206
54562,0.08907009197719332
54563,0.011711263835442723
54565,0.035859176403248316
54569,0.062297140459901486
54574,0.12646433689515063
54580,0.03403539972320651
54582,0.07889652866367662
54584,0.0335926667713003
54588,0.0033304164408579752
54591,0.019320847981909098
54592,0.0029314792347943817
54595,0.003770639787320289
54596,0.022331644040928154
54601,0.035062417919584116
54602,0.08343274261789127
54603,0.0029501718296904072
54604,0.013741197840112645
54605,0.031862930451438044
54613,0.026092726083828087
54615,0.007602992140919732
54616,0.02172051603288451
54617,0.012984764729519909
54618,0.03096575583613414
54625,0.005690281572705088
54626,0.01053435479773688
54627,0.020986799281527028
54628,0.010979231295381451
54629,0.19782860475314787
54630,0.0036161480048764157
54632,0.005370228722010682
54635,0.037037412588289846
54636,0.00653050246257091
54639,0.010169452936377988
54640,0.004085813969192427
54643,0.039191319278467036
54646,0.007723633843398283
54648,0.1696894130796945
54654,0.010421187212235228
54656,0.027835887229864808
54660,0.008750676171180385
54664,0.0036902336632458764
54665,0.09400707207206603
54667,0.10932345916143939
54668,0.005705831488659592
54669,0.003083880523625322
54671,0.06406155066979644
54673,0.027352302234720925
54674,0.0039149431052792946
54675,0.0029776805351053102
54678,0.005323346850387456
54681,0.022917793399508935
54683,0.003542603709727131
54684,0.01483433163023024
54686,0.1017361805117684
54687,0.033210066031976126
54690,0.08382022491848426
54691,0.004510810442914663
54693,0.018326168557026762
54694,0.0028555672272800895
54695,0.0036576845666255408
54697,0.012647020365762538
54698,0.0066729298581131025
54699,0.002951077915198404
54700,0.10100387781094967
54702,0.009005906515113645
54706,0.12657101746734836
54707,0.039254409867630166
54708,0.06917451864784739
54709,0.008397513222383489
54710,0.010519866911266397
54712,0.005290183019506362
54716,0.0068551685900356644
54717,0.005378962063730199
54722,0.11577222477728488
54723,0.00956958890616215
54724,0.038468210518593254
54726,0.1528738391633752
54727,0.24210701717669822
54729,0.04199774379607015
54730,0.06549294948618525
54732,0.011354004985565762
54733,0.0035607128520765588
54734,0.007094621626120796
54735,0.08051839601250374
54736,0.21487205047867428
54737,0.005396431697924049
54738,0.005011060924967042
54740,0.01724638351721338
54742,0.022349376202302918
54744,0.007784042323854991
54745,0.05036637477947879
54746,0.004166240500481139
54747,0.004584152368222655
54748,0.0038642832466807887
54750,0.006313633619769836
54753,0.07183268135187361
54757,0.008989344520397112
54761,0.08606155002678059
54762,0.006633241249893032
54764,0.0030141207889014658
54768,0.002953227275979072
54772,0.23377604112671962
54774,0.06531344118085687
54775,0.10192116962724643
54778,0.004950387147380723
54781,0.09026255567414043
54782,0.18246797209984622
54786,0.03442651202491009
54787,0.09661949224479917
54788,0.01273438416809164
54792,0.23556870867768925
54793,0.025287696981540493
54795,0.0035643687042711306
54796,0.004507171033792054
54797,0.013303242736036011
54800,0.10198335304877468
54801,0.058236112938291396
54805,0.02603195155458023
54807,0.01589456481054436
54808,0.0034950834825889414
54809,0.057880610918684974
54810,0.0041864271845202805
54814,0.0028380618848976693
54816,0.009173433273482232
54819,0.007253521737819354
54820,0.01011252848521264
54821,0.015317996532146775
54823,0.003452891352467124
54824,0.017678377609656987
54826,0.017326928726201656
54827,0.007520878167249169
54829,0.14424765351108645
54830,0.004093395225215669
54833,0.005775873202791705
54834,0.00945400687945134
54835,0.0034538507111227107
54836,0.22180576953066328
54837,0.002872090489983006
54838,0.005032462788086432
54839,0.1554291792686147
54848,0.026389503189202638
54849,0.007922896078916193
54850,0.06396719077714412
54851,0.14291582326251473
54852,0.0284512741432561
54853,0.004247815222677654
54854,0.026092726083828087
54855,0.04199774379607015
54856,0.017585568847195008
54857,0.03261954806773768
54859,0.04701518745401756
54860,0.006639475469501807
54862,0.004389819830441898
54864,0.03012759123524571
54865,0.10209570430270495
54867,0.032639973162353
54868,0.008268833743435379
54872,0.0033763446998081514
54873,0.15226908283617316
54876,0.1402975077192609
54877,0.003111403667174204
54879,0.031260685363646935
54881,0.13469790181685534
54883,0.048097528773282605
54885,0.010213594506937698
54887,0.09720523679727192
54890,0.029290024742373473
54891,0.026092726083828087
54892,0.05327947115875466
54894,0.06224599997633982
54897,0.0037947033178462237
54898,0.007499469761048244
54903,0.12397256093985189
54904,0.019539426941143245
54905,0.012861733375691228
54906,0.0029678753130999705
54907,0.08061515434998458
54909,0.012807346194589574
54912,0.014120870908719505
54913,0.026092726083828087
54916,0.042441260091041454
54917,0.03453640588820156
54918,0.004021051398405874
54920,0.02553797438551323
54922,0.005451227295643464
54924,0.009798132945578013
54925,0.040120159569146836
54926,0.23535650463659694
54927,0.07321151913315535
54928,0.029288730273246633
54931,0.15128091145093744
54932,0.03341044856460954
54936,0.006265012964248511
54941,0.050894555469385226
54943,0.00297761350153755
54944,0.004123793209891945
54947,0.08471153497805059
54948,0.021580595029693388
54949,0.028197217317970154
54951,0.030499866763738406
54953,0.06892449464379696
54955,0.03015289834342721
54956,0.06094466857828615
54959,0.004980990642816809
54961,0.07796200466537252
54962,0.09681524445950969
54964,0.0037938913704640633
54970,0.11086809845417217
54972,0.014130168396728586
54973,0.18229718788731997
54974,0.008297004026140378
54977,0.015454381240381135
54978,0.03496247327922124
54982,0.016397414021782616
54985,0.05776423437080139
54986,0.015320218866651948
54988,0.00528195701040715
54991,0.18583498329310355
54993,0.0571753783402503
54995,0.032634985612942306
54999,0.020669753164504305
55000,0.011613846224301304
55002,0.019251581434422477
55004,0.0028816031655901383
55009,0.12920919679471718
55018,0.19541955160547106
55020,0.03408252238041166
55022,0.09443084027179528
55024,0.0714754596982871
55025,0.02171969894035733
55026,0.004396630944040607
55027,0.003980435131656843
55028,0.030130736245784398
55030,0.003034343380452278
55035,0.0048666467203164355
55036,0.005973584938142513
55040,0.016268815300751985
55041,0.027443925706139086
55048,0.041151965764283045
55049,0.0041435224969778185
55050,0.07178495875357564
55051,0.010686902115355211
55054,0.008780060147928303
55055,0.00418465073770293
55057,0.06140804348530047
55060,0.0030257328152346126
55061,0.0035839750013185196
55062,0.05081057497714258
55064,0.21954992866164058
55066,0.1550854969272658
55070,0.09716348068952849
55071,0.02203645168926592
55072,0.017105819516536502
55080,0.1939532957860239
55082,0.11204999999188404
55084,0.00494953427549228
55085,0.10231864234389429
55087,0.03379996693473386
55088,0.006943635823487953
55090,0.004801464984057849
55091,0.05475084495283326
55092,0.004956318414073027
55094,0.02148887487385423
55096,0.1903276818042668
55097,0.1767022435138391
55100,0.004117215375094539
55101,0.011414108354760399
55102,0.024325016754125732
55103,0.03801019885113289
55104,0.03156791234947184
55109,0.0039044133803263987
55110,0.029346289901186245
55111,0.003192978040829815
55114,0.07575732065315209
55115,0.049170470927999775
55116,0.028639113764937184
55117,0.007253073485866868
55119,0.2495242329712013
55124,0.15507852877648182
55126,0.15229234698063815
55129,0.08239908551275907
55132,0.004897699374907455
55133,0.004232394419293794
55138,0.009903019831622464
55143,0.013128906169158218
55145,0.005696156079496176
55146,0.016907919682884437
55149,0.040530565225613824
55150,0.024580759281587743
55151,0.004315716176409698
55153,0.16369574218034552
55160,0.18644395173549694
55161,0.011737227481505725
55163,0.013258645025538947
55166,0.004448273846445232
55168,0.00572799554190848
55169,0.004313473247121696
55172,0.03798341917847721
55174,0.049468075002373844
55175,0.005683903463509103
55176,0.09784166702416539
55178,0.0064307915742240354
55179,0.004789601701087627
55182,0.010449759352925742
55186,0.22788839642534958
55187,0.050802571101067874
55188,0.007672323756382122
55192,0.23425932739141003
55193,0.13731596629624968
55194,0.014230215754622518
55195,0.016121239968702884
55196,0.10746957612543194
55197,0.009126420432281696
55198,0.005072747795899343
55199,0.0076319953832411054
55201,0.049307237539783395
55203,0.04046396193506161
55204,0.018157171113454183
55205,0.020772838231888583
55206,0.0032005072684673504
55207,0.004435942587154433
55208,0.04302242868918943
55209,0.2498072265298186
55210,0.012831292015459309
55213,0.26311767578618434
55214,0.029182816019147108
55218,0.0038023978356825404
55219,0.041748824126359385
55222,0.023551705833988072
55223,0.015295276195053893
55225,0.008573784756013548
55228,0.029574593608698862
55229,0.011202426477594377
55231,0.0037512526731525208
55232,0.011702299120282778
55233,0.1939240302390185
55235,0.012167150789518957
55238,0.01411325581078736
55242,0.14059108597910272
55246,0.10470949884086161
55252,0.03829702315733499
55253,0.03325303508300455
55256,0.003171663234746455
55258,0.029477073471518442
55260,0.005161119171106533
55261,0.003239178933104958
55262,0.0043484486800177595
55267,0.0030310796769167495
55269,0.016668493038577037
55270,0.017814071613823205
55271,0.01893735739407982
55272,0.007340503896075557
55274,0.029400650626638086
55275,0.0038127402444621938
55276,0.11244824148014572
55279,0.08625931712872308
55280,0.004062411480251728
55283,0.0032563330996966196
55288,0.09272733800059062
55289,0.006678505595361102
55291,0.006169858491793413
55294,0.08344182238915435
55296,0.003066068656175992
55297,0.010773160775485159
55299,0.008218024594640619
55303,0.0057349806806248176
55304,0.005350151820799827
55307,0.013795727443562618
55315,0.011588524043112407
55316,0.04116898850630586
55318,0.06613863385355682
55321,0.006923475842201551
55323,0.03201663465642282
55325,0.1183948350952672
55326,0.009504170424041166
55327,0.024741938756089692
55329,0.009903110027987657
55330,0.0034626084785977763
55334,0.0037222443608869384
55335,0.008024489978994895
55339,0.022887455635729147
55341,0.06896526996971392
55343,0.003480000906669382
55348,0.0051320522837940774
55350,0.00651775635056402
55352,0.005245333080324098
55353,0.013626227223672285
55354,0.0029680583698577555
55358,0.004234368661070366
55361,0.21755837684103382
55363,0.1132492174341521
55365,0.005437049160282655
55366,0.03888486325955854
55368,0.0042668512837794005
55373,0.003519887150613247
55377,0.0631980993975893
55379,0.0030478672603301885
55380,0.003577686199937394
55383,0.02173056442970692
55384,0.0837900572687736
55385,0.003936516151089746
55387,0.0068779617354948475
55391,0.00289571719558016
55393,0.06058974698170262
55394,0.0850683399028881
55395,0.007475417729127207
55396,0.004147737851717398
55399,0.03928216434283227
55401,0.10201879240693625
55402,0.006818706192655616
55403,0.0040054207406067625
55406,0.178272064088818
55409,0.008395901342280026
55411,0.013383058211058537
55412,0.028569514855340407
55413,0.014481329376279516
55414,0.0038170894692973944
55416,0.014098822062503782
55418,0.03252306734944548
55420,0.004972281308622939
55421,0.009067506990089793
55422,0.008784517486779166
55423,0.004491579816556816
55424,0.003311686344719658
55425,0.1036801743434352
55428,0.06878833650083488
55429,0.022854238639359
55430,0.0030059129572616587
55431,0.008028870523952182
55433,0.00403149448696197
55434,0.004278829610120315
55439,0.22325382296420776
55440,0.013839537610780661
55441,0.002882455485298806
55443,0.0034987726402915783
55445,0.02365910708416178
55446,0.03459537651067348
55447,0.0038465327055918095
55448,0.02004633581960993
55449,0.13334117604619192
55450,0.0037467755499887285
55452,0.02707782271431169
55455,0.0905998646478905
55457,0.09740671525170438
55458,0.024299087806921988
55460,0.08080575377065508
55461,0.0037037351064876894
55465,0.023112985861544144
55466,0.037170004511803745
55470,0.004710960255227904
55473,0.034354662781500636
55474,0.19527076637220991
55477,0.0029039848905924523
55479,0.039517053917069
55480,0.17121391333456498
55484,0.008321098445151748
55485,0.056813070773330504
55487,0.08912255041014507
55489,0.003711124938984429
55490,0.26982355321412915
55491,0.0037084962316802886
55494,0.013495092095548044
55499,0.009181233308606923
55503,0.09886427496895113
55505,0.017635937295493117
55506,0.1853922702947394
55508,0.07483029545432214
55509,0.0044647193035581454
55511,0.004529251619717447
55513,0.008903650434772686
55514,0.0037268162045180865
55517,0.015505730719137256
55522,0.003775197474079849
55524,0.0667158557561265
55526,0.006744191217280883
55528,0.004398599806322536
55533,0.03326097980207653
55537,0.1746466543004354
55538,0.012530139523310174
55539,0.005183361019028022
55540,0.004606382495874186
55541,0.010004982707428231
55543,0.010306256197284237
55544,0.0035459314463382645
55545,0.012510826683244438
55546,0.009775517473712372
55547,0.005601184108778601
55548,0.008702773943782905
55551,0.13910260212462464
55552,0.004124707317709891
55553,0.005341792074097185
55554,0.0087806987979385
55556,0.05649346038471282
55557,0.019237921066915343
55558,0.011369358618555061
55561,0.01513217962538863
55563,0.004668283697822425
55565,0.037137404667838055
55567,0.16169537924684552
55571,0.09215589967261312
55576,0.07376253874709014
55577,0.004007217441261972
55581,0.006787543073829107
55582,0.010919239760372944
55586,0.002993044450911613
55587,0.003568880486920583
55591,0.252492138863725
55593,0.003730435941011839
55594,0.014584117689599826
55596,0.20186665938918208
55598,0.012161458411225708
55599,0.07079772702321228
55604,0.0032726186047253567
55605,0.010533230276089435
55607,0.026036235639113847
55608,0.004152341689798935
55609,0.021065784012492508
55611,0.025032166627258993
55613,0.04748825824401794
55618,0.0793260907182335
55620,0.06697410386842513
55623,0.05160662139265321
55625,0.04308823897040603
55626,0.005518306670974867
55627,0.007939194073035689
55628,0.09109492926237274
55630,0.00951355601527693
55632,0.01692799560672976
55634,0.005105090399616939
55638,0.005976503388321465
55643,0.017888845083348297
55644,0.010817327260423984
55646,0.005160541999192074
55648,0.08038568890911975
55649,0.010214190650027455
55651,0.021741647782924194
55653,0.0030119810083679504
55654,0.03761196162751186
55655,0.017816597870402764
55657,0.0030665174655806525
55660,0.003024454843037068
55664,0.003384354989435662
55665,0.003947105878694063
55666,0.004139207320476679
55667,0.0501496023200111
55668,0.009111589125504206
55672,0.08881516098657398
55673,0.0491080847761142
55674,0.024064029308668224
55675,0.009914820057168594
55677,0.008478454022222701
55678,0.003602256075232046
55681,0.1973495941119234
55683,0.014565905149415906
55684,0.009869048427057586
55685,0.003404216420222428
55693,0.006291253787108781
55695,0.192697461599251
55696,0.0078007806586521105
55697,0.056310915345715654
55698,0.08822282689330406
55699,0.004716196102031731
55701,0.006074058253751385
55702,0.0038432018895729575
55705,0.0230427148374008
55706,0.23761041290897772
55709,0.014652925780839607
55710,0.0330261107551581
55714,0.20795738569671032
55716,0.004131592782993476
55717,0.007975313804876975
55721,0.13243029661495345
55722,0.005896946268163886
55725,0.058710964742586795
55728,0.0030402712610989807
55730,0.004889465772293107
55731,0.008776464176877564
55734,0.03803179955356082
55735,0.029864072563362352
55742,0.021489171840819166
55745,0.025874856547680812
55746,0.20201998925524697
55749,0.0032283085220982635
55752,0.05378232094209342
55753,0.010500267555141446
55758,0.02104367290250657
55759,0.0035313235604071545
55764,0.01132256583092347
55765,0.005005307452087961
55767,0.006420671418214997
55770,0.01172916704048911
55771,0.00786239529059145
55772,0.1767022435138391
55773,0.04286839035572963
55775,0.020552522869497825
55777,0.00392317008641294
55781,0.005039946361443469
55784,0.06345459813241906
55786,0.31912534919739305
55789,0.007655768551413993
55790,0.008998680487764947
55791,0.005738889433437341
55792,0.04336772404749194
55794,0.06293119033655312
55795,0.007055763841280451
55797,0.009394502715063086
55800,0.008420916734652298
55801,0.042674562758810604
55802,0.0033459947179393214
55806,0.01425280745504198
55808,0.0655774681345186
55810,0.007342272925843551
55814,0.029472984495366405
55818,0.20310671266571093
55820,0.007827806277552864
55821,0.003886339962539937
55822,0.020893126807369794
55823,0.01786716575561394
55825,0.2112598240995507
55832,0.0046132872327576836
55834,0.16424726195469244
55836,0.010979760415244571
55840,0.011966954708232386
55843,0.0036547679742877804
55844,0.014675948619449099
55847,0.01096368089386719
55848,0.0035939880466750703
55854,0.010828356799629815
55855,0.012769150884903081
55856,0.010151635946477753
55859,0.08978620599408886
55861,0.013284028927831306
55862,0.029683720906971894
55866,0.008076941575457658
55869,0.0039540969161517715
55872,0.014701969415582104
55873,0.03459537651067348
55874,0.021321475850162093
55877,0.013569913850204564
55884,0.0037648382485173776
55888,0.24809962300053437
55889,0.003002117768805474
55890,0.013771352189856995
55891,0.010304026711196849
55893,0.002919169148157231
55897,0.13228017984285295
55898,0.005887623137772816
55900,0.00885306841221695
55901,0.006879582861470674
55902,0.00345041749248994
55903,0.1990956067115618
55904,0.003911419158734095
55905,0.009313208658922342
55907,0.010197674253135005
55908,0.0035555158861542923
55909,0.004889247160791904
55912,0.04788498630900287
55914,0.15275471948456426
55915,0.009756482695938077
55917,0.2880983228105862
55919,0.0038411656898839313
55925,0.18971659422312112
55926,0.0836585308472749
55931,0.06139394286775603
55932,0.0045547849652298345
55936,0.006534921408659993
55938,0.007753636480652012
55939,0.08468814114228986
55940,0.006021371752869739
55941,0.007075752881860529
55944,0.005300873330163189
55945,0.1758320483086633
55948,0.0075773649846611795
55950,0.02996996353564058
55951,0.0056650726272561205
55954,0.003261573667719972
55955,0.007678241311560906
55956,0.004388898851280653
55958,0.032149111634361974
55960,0.04065631557135187
55962,0.018216371286782634
55964,0.00977246046968162
55967,0.005560917859918131
55968,0.035392466650872034
55969,0.0028721859793847926
55970,0.00833070535777599
55971,0.0028751806809200237
55973,0.010675033373919764
55976,0.03424782004745873
55978,0.004037311523684321
55980,0.007452110276951241
55982,0.027932655554666834
55983,0.03621941443570087
55984,0.010099806098371703
55985,0.004162232405398853
55988,0.03204529609344612
55989,0.0037558797380299507
55990,0.012481716454348321
55991,0.1297311891296888
55993,0.0044701064606741505
55994,0.1884978229373971
55996,0.006435113739532423
55997,0.0039610441297154445
56000,0.059995211324025154
56001,0.004171542588193894
56007,0.03334909129797353
56011,0.003027744491861199
56013,0.03488718122842237
56014,0.035944735305979386
56015,0.002857938121101442
56016,0.003632507144751756
56018,0.12049616278097812
56019,0.004828923508825321
56022,0.003238774234898
56025,0.027587947004062946
56027,0.040204477591335795
56029,0.019514779033939278
56031,0.019993953756287274
56032,0.05148902528643042
56033,0.006823432129774856
56034,0.005277082106563455
56036,0.004359735324885032
56037,0.0036536624004721674
56038,0.003260546383193688
56039,0.003974717097331957
56044,0.25491887175407535
56046,0.1660451380670343
56050,0.06343954118779714
56052,0.013059870159097178
56055,0.0063449995544279875
56056,0.035920573776270025
56059,0.004400411217167922
56060,0.012286057453340896
56063,0.05743452266000257
56066,0.2154946897330368
56070,0.006969927737297325
56071,0.004382184491769865
56074,0.0872875167470331
56075,0.012594207624480566
56076,0.011138433199970068
56077,0.010478785386540042
56079,0.0040212224803298936
56081,0.003053438651686056
56082,0.2745708074676791
56088,0.010144466967488188
56092,0.04527865269100548
56094,0.006498506054361385
56096,0.009879377528423328
56097,0.02211306121762912
56100,0.003261503353261138
56102,0.040410742504384485
56106,0.13536346367646046
56107,0.021728543053709817
56109,0.008538894931358109
56110,0.011622829212122132
56113,0.007062679362990485
56116,0.07815756504055915
56118,0.012253204296647752
56120,0.0037259221366773465
56122,0.003819664130902166
56124,0.003599014461173155
56125,0.06914038479676124
56126,0.007588538091519647
56128,0.013595300621833414
56129,0.020047213861454107
56130,0.03964032361970377
56131,0.06616505939399686
56132,0.002891936890799945
56133,0.007139796292212693
56134,0.06913363332157726
56137,0.0029034996005575043
56138,0.0051299764710180835
56139,0.0063631827584631935
56140,0.024067705369785225
56141,0.11856843919243332
56142,0.006608962074685046
56146,0.004143455991489665
56147,0.03971239871649834
56149,0.0032254070527564923
56150,0.019816848085063232
56152,0.008008063565800418
56153,0.10106568606586794
56154,0.01063739222116471
56155,0.0037518008503650445
56156,0.003912084846890142
56157,0.004092280682342126
56158,0.008341822332399624
56160,0.026824737645447162
56162,0.03853369466247554
56163,0.0040987210453609655
56166,0.1736493097781073
56170,0.011778330667691255
56171,0.003442151310476535
56172,0.07648610556797297
56173,0.004755252288631139
56174,0.09031049565184847
56177,0.10076231492200663
56181,0.07043596992309846
56185,0.005659524149234259
56187,0.0036122220608356234
56189,0.017585610463118847
56190,0.016895447803909936
56194,0.04424682877138301
56196,0.12060036186329243
56197,0.021495238396831057
56205,0.08649610249457351
56208,0.0063685565304905335
56211,0.0031283961597133375
56212,0.038563953299842565
56218,0.15234453977699336
56220,0.026092726083828087
56224,0.01087593917888445
56225,0.0697141751041939
56227,0.025040978936628492
56229,0.004400128037743387
56230,0.005599125874263819
56231,0.0037397299690915043
56236,0.1910222586429213
56237,0.07575732065315209
56240,0.0914493065224889
56243,0.003086287989652832
56245,0.036078671840610456
56249,0.03842729767940345
56253,0.03084569831028216
56256,0.004165013550027456
56259,0.0045269803238300365
56260,0.056581733139557444
56261,0.004107190075202379
56262,0.003649759603629874
56263,0.037604483744570476
56265,0.1447632584917643
56266,0.2347364743149699
56267,0.005189348160842827
56270,0.0037123187459074903
56272,0.014198788031989222
56274,0.02688785148840483
56275,0.025040978936628492
56277,0.1765144700938871
56284,0.004796107416292247
56287,0.015649329014053737
56288,0.0034038125841888422
56289,0.0035359770968900633
56290,0.01454880490360616
56293,0.007047174032883598
56294,0.04195027656145425
56295,0.0029082387097985898
56296,0.006164239203639457
56297,0.0233308789635738
56298,0.13216244644817407
56301,0.0046065651577804415
56304,0.1855095610715476
56306,0.0032962610447048314
56307,0.1315455464346254
56310,0.011316514582263302
56311,0.021367395648919377
56312,0.006451447609734349
56313,0.059691119912753186
56315,0.0036834672920633515
56317,0.026228348086448985
56319,0.004032832558343822
56320,0.009905990666370811
56321,0.025348742026412234
56322,0.0039259290615272354
56325,0.03307619748487136
56332,0.015476618438989344
56335,0.009099788030473717
56336,0.03675728221970643
56337,0.0035925720637023503
56338,0.18870164421335198
56340,0.019742285401973356
56343,0.005726021841135522
56346,0.01628744015388391
56349,0.003365502154386058
56350,0.004515133135463844
56354,0.011803030542425895
56357,0.28913183191440167
56361,0.0048360807348980465
56363,0.003112959468461018
56364,0.006241298085680514
56368,0.13638540462044818
56369,0.005447089544595112
56370,0.004204973222193681
56371,0.011285673492347584
56372,0.014307881538220246
56373,0.03918035641198581
56376,0.13339805093575888
56378,0.009331262676469259
56379,0.06611912606624679
56381,0.012653188871914712
56383,0.0036255639970860314
56384,0.0043001568988583205
56386,0.022121863397477667
56390,0.015545947552281402
56391,0.0061158799009132965
56392,0.03116094197453283
56396,0.0041487766358698965
56399,0.06075390361942525
56401,0.00823580254978706
56402,0.010642511337417343
56405,0.004508104056550398
56406,0.008283721161298356
56407,0.024821890611356232
56408,0.07256459300896602
56410,0.004692412488302293
56420,0.03836933938242799
56421,0.003026974485838061
56422,0.010720543850602927
56424,0.0033434213691912597
56426,0.0034439396259800725
56429,0.010248909896977508
56430,0.005892116241772627
56432,0.003805050384362576
56433,0.008423426199256264
56434,0.003591841689763089
56436,0.06495824828746054
56438,0.013679969386761895
56439,0.026092726083828087
56441,0.02863606459514583
56442,0.013523201608198678
56443,0.0035672299669755846
56447,0.012412990375579528
56448,0.0028938609287578413
56450,0.029755998411218468
56453,0.004141796576918764
56454,0.18699004524296456
56455,0.03353202432082215
56456,0.030516958912656923
56460,0.13113088544660134
56461,0.039140605227062406
56465,0.006587349812887717
56466,0.007092088247062694
56468,0.0037491941958601085
56469,0.015047805671970909
56470,0.003195172853345685
56473,0.004223864102655822
56477,0.013303733941546606
56479,0.0050824912884297165
56480,0.021487575473812554
56481,0.15894706658140612
56484,0.005787781933290127
56486,0.004263848229400273
56487,0.025403945564530045
56489,0.05697228852228108
56491,0.11732947127050523
56492,0.010007631250857137
56493,0.003117758997510042
56495,0.004150583653260016
56496,0.0038246987403073728
56498,0.031483081677158235
56499,0.007074257189681283
56501,0.003714130178762303
56503,0.007889622587474006
56504,0.005988633939444629
56506,0.050843674669317565
56509,0.01329054496164964
56512,0.07271011746381963
56513,0.04708257235627798
56514,0.03445693685961716
56518,0.008168939626082788
56520,0.013716096542238718
56525,0.0036834672920633515
56527,0.04165453879076513
56529,0.0212741624754406
56531,0.003777001690089113
56532,0.0992458524873812
56536,0.015331085202033832
56538,0.014209463501182833
56540,0.013066267381053471
56542,0.06826825818346802
56551,0.22344816915252366
56553,0.005442732476231665
56554,0.008727070352509208
56556,0.005160824250518701
56557,0.10914159076733077
56563,0.007335158351307747
56564,0.03944142349040577
56565,0.009263756947665854
56568,0.03429915265412288
56572,0.0177297003312599
56574,0.2223881453322389
56575,0.003158198852661176
56576,0.01993338616214652
56577,0.155825431052793
56579,0.03408157924679427
56582,0.011915852152632979
56583,0.060514297898727115
56584,0.04039520551725671
56587,0.029517894563833174
56588,0.04199774379607015
56589,0.06658222031982201
56591,0.046520121985724305
56592,0.027022305122421476
56593,0.006657593554232271
56595,0.012366493268727533
56597,0.05279569325514709
56603,0.014629738636839798
56604,0.04115535921283873
56607,0.047476297946555016
56611,0.0036308235001643084
56612,0.0036653084197817904
56613,0.08191207416915286
56614,0.008787313858727937
56615,0.04367157692770385
56617,0.002975568721705917
56618,0.22637785636786503
56619,0.07479739539369656
56622,0.022028678566719685
56623,0.002974723929233858
56624,0.01530306069776056
56625,0.007414201684668198
56630,0.14449030517298614
56631,0.0041960912632918335
56632,0.0036406359695101585
56636,0.026247830013656565
56637,0.08703167448200923
56638,0.0145613762401624
56639,0.03582957218993285
56640,0.0037280152595712715
56641,0.17288554766372516
56644,0.018219052538258947
56646,0.014676676259883736
56647,0.016198026736948416
56648,0.005708608772799728
56651,0.003010708098976909
56652,0.04111395067253963
56653,0.008689955574604469
56654,0.180745894115234
56657,0.06983093901070614
56658,0.011688843607542156
56660,0.0684500645145478
56662,0.0048685801972897375
56663,0.015062263231610867
56665,0.004018653456073679
56668,0.2904891988174948
56671,0.04733436908041203
56672,0.026257254524645862
56673,0.02982400257587541
56674,0.003394547840367005
56682,0.003933823502248167
56683,0.005616194381878334
56687,0.004372234949537224
56688,0.0043353265889713105
56690,0.03559939297085327
56691,0.0061633630526339135
56692,0.009845173576422188
56693,0.035123558022224846
56695,0.003938424933834316
56696,0.003714129887666158
56697,0.0028524422799396584
56700,0.007492853423981633
56701,0.016388034645033737
56704,0.043461576704013946
56705,0.014099988539391437
56706,0.004009555743726792
56708,0.006296082782253157
56711,0.08877209812951076
56712,0.0033126200161582094
56716,0.0037548200810883507
56717,0.013110947582561563
56718,0.0028463403097749905
56719,0.020034281275179786
56720,0.010785883915471117
56721,0.028875132629302237
56722,0.004982912312910201
56723,0.017850920382273136
56727,0.009878148052966012
56728,0.2435856415415411
56730,0.005759811068249248
56731,0.003727167025597394
56732,0.01996153215504907
56733,0.019877854047759786
56737,0.005533252079618226
56738,0.006525689890391013
56739,0.11704694023977176
56741,0.01226239880765184
56742,0.00579666469715888
56745,0.003690004205456232
56751,0.09844737934692026
56752,0.009382145025295737
56754,0.015133144869854707
56755,0.010295219870813806
56756,0.188242919168979
56757,0.03446143301681124
56761,0.1724021440251463
56762,0.08443468682696519
56766,0.046542146345552884
56767,0.23931281300644652
56769,0.0032334554426123826
56770,0.003938814950219994
56773,0.06116732667167627
56774,0.025717868845604452
56775,0.003935356510475906
56777,0.030274058211499845
56778,0.08219408095978095
56779,0.008199686663622143
56782,0.10716181545706888
56783,0.028564017031736093
56784,0.0031922444941323586
56785,0.2596713286553235
56786,0.014037736980789757
56793,0.10315022758839458
56794,0.004220403927313556
56796,0.013433525471577602
56799,0.0876629596280058
56800,0.0058665583455291825
56801,0.06230699753606155
56803,0.0040382125504135665
56804,0.10212460034834084
56805,0.01777209182143325
56806,0.01132995138905221
56807,0.10801435262643687
56808,0.05538966782245399
56809,0.06514255664371643
56810,0.004784738639795376
56812,0.07331179948764854
56814,0.007321108051331091
56816,0.03997921397842522
56818,0.003970233951518668
56821,0.19477070861756623
56824,0.019620876916047664
56825,0.0032882427512006466
56829,0.03460969359447145
56830,0.024159790357661547
56832,0.05803732237559786
56833,0.030153395999342362
56835,0.03569112347402572
56837,0.004181528460752333
56839,0.008022667194116932
56843,0.0037203614662746254
56844,0.0033348122254183037
56850,0.0029989053809157578
56851,0.09536547940563715
56853,0.003527010121753961
56854,0.15990727794582532
56856,0.004469096930357989
56861,0.009368338221115987
56862,0.13609462699135186
56863,0.016753472884552745
56865,0.2028230737681091
56866,0.0979284031299976
56868,0.0793313468468014
56869,0.003489855683652484
56871,0.020058718011303437
56872,0.008320931517868738
56873,0.00640729649810943
56879,0.014667870023100257
56886,0.12920919679471718
56887,0.006098078132154208
56889,0.002988469035320195
56890,0.00359903725576993
56898,0.018041385887066858
56900,0.004041224646208854
56901,0.0111710842801558
56902,0.01656336671424531
56903,0.003788343906798929
56904,0.007770672099604331
56906,0.0033862771103636657
56907,0.24360612404945733
56908,0.006248363978734916
56909,0.006570668569585845
56910,0.0073019733926829415
56911,0.017130686660429287
56913,0.005022129485318749
56914,0.005192737011023713
56915,0.04739355508407745
56917,0.04765219143582875
56918,0.030017409066745344
56920,0.011262321360667672
56922,0.006092499714720197
56923,0.017915151003997577
56925,0.005254599613910944
56927,0.00789865987073818
56928,0.009008271988859418
56929,0.006734613097818194
56930,0.01978097671263684
56932,0.00422534209010165
56933,0.003769419067560009
56934,0.018118103328914087
56935,0.11233480381568438
56937,0.017176337476292446
56939,0.007242572207842958
56940,0.0037445286567713825
56943,0.010515774958478852
56944,0.022678947815418547
56945,0.008506416447561631
56947,0.008869257780668492
56949,0.03728370860058945
56953,0.014445652723373701
56954,0.003074146766637774
56958,0.024205270234269355
56961,0.05646875212101927
56964,0.021444987253507384
56965,0.2410318383776581
56968,0.1765144700938871
56969,0.03400264104344975
56972,0.0031122475108206205
56974,0.007248235538442707
56977,0.0037155551506431995
56978,0.003927890304505662
56979,0.03612935702299951
56980,0.047062836763538535
56981,0.03851690286772687
56983,0.02650748394106806
56984,0.0030706394480284815
56989,0.005060534164266533
56992,0.013265327889534806
56995,0.013397877975827444
56996,0.022155839037514172
56998,0.002967554517442227
57003,0.0031456279749938103
57004,0.007535657848476033
57006,0.010719134734533937
57007,0.0029908268769571395
57008,0.06678557989383163
57009,0.03525171966662716
57010,0.11206849832489263
57011,0.038609698657788336
57012,0.005139085611826242
57015,0.15472221004081763
57018,0.004805381546264014
57022,0.010329249416154325
57024,0.0028661358100006023
57026,0.06448481081319554
57029,0.08305502901323643
57030,0.004642609743220659
57031,0.03686183182572462
57032,0.0028368127144473157
57033,0.012811398739428046
57035,0.0519777581132266
57036,0.02296360491472427
57037,0.19711166393435436
57038,0.14298271590190262
57039,0.00394839691280427
57040,0.048484082895507596
57042,0.0801543653788669
57044,0.003828933034368756
57045,0.09861920407079784
57048,0.0032944598126218114
57049,0.1534750711823701
57051,0.05645163515183479
57052,0.05418459927806998
57055,0.08904084997764711
57057,0.008796508084325843
57058,0.053014948055434115
57059,0.026092726083828087
57061,0.02400092743742749
57066,0.21967639294325728
57067,0.2684952177905577
57071,0.06915546572412047
57073,0.003093736803261067
57074,0.005751059189085062
57076,0.005821158557921307
57077,0.014150282881012671
57079,0.003805670626538885
57082,0.002954003269899563
57083,0.006172102880878171
57088,0.11832798674539483
57093,0.013230372636527932
57094,0.008144144915036192
57095,0.006160912260624079
57097,0.0028314936768922506
57100,0.026092726083828087
57101,0.013132300812931926
57105,0.031643914158207886
57107,0.009032411088702157
57108,0.014656063777922532
57109,0.061200219364355664
57110,0.005001909821931821
57111,0.004374359554537348
57113,0.010477676776239323
57116,0.006485269960057361
57120,0.05024847085602782
57123,0.01991173693836367
57125,0.029934159392482042
57126,0.027649747866917533
57130,0.013862295884556309
57133,0.07306223490278207
57134,0.003382676234601249
57135,0.004891695673765802
57139,0.006581588277833834
57140,0.0034625982819573783
57146,0.19248911939723448
57148,0.007032583773702909
57152,0.014522085007886319
57153,0.02431205824163097
57154,0.007252198839101683
57156,0.03284731820048498
57161,0.003653856765588832
57163,0.07016682753927198
57164,0.020296408900129948
57165,0.19430421616183308
57166,0.008743533402447075
57167,0.004897401384985305
57171,0.03111641429774904
57176,0.01424292432813944
57178,0.003945033730019047
57180,0.0940507781031815
57182,0.0031237366677391277
57183,0.06563956667559338
57184,0.18209628805121686
57185,0.06315294035895058
57186,0.07306223490278207
57192,0.003987508576516935
57194,0.006615130349795046
57195,0.003501818488968431
57196,0.004489132877775106
57200,0.036242288468556975
57203,0.008274148119793738
57205,0.018267353491335906
57206,0.02301519288013223
57209,0.003814335361199586
57210,0.033348465397877544
57211,0.003903105080002705
57212,0.00296421198463784
57216,0.0028672575942990824
57217,0.003747993577015081
57218,0.029287349490135815
57222,0.1536756012180853
57223,0.006213424384388175
57225,0.004052620864418784
57226,0.024380759196125597
57229,0.003968840684412713
57230,0.002853556442773329
57235,0.004388898851280653
57237,0.008781482313527525
57239,0.003266742505693995
57240,0.036222633281631694
57242,0.002931071418826311
57243,0.02089736664690217
57245,0.00856800379128073
57246,0.017467842197150748
57247,0.011120911580941254
57248,0.15234453977699336
57250,0.004316308928714468
57253,0.21901467364914895
57255,0.020850415978590303
57256,0.003177954590307892
57259,0.04978943023374716
57261,0.17533465056353995
57267,0.004583400262018048
57269,0.00669145673393271
57270,0.01765415439563691
57271,0.027622378278040566
57275,0.1505272702825818
57278,0.018291725899241287
57281,0.007424859159385177
57288,0.008211643653151104
57289,0.018935152857623167
57290,0.011434540821989799
57291,0.03181670697176832
57295,0.002893798662029536
57296,0.1336565294266482
57300,0.009733913997765213
57304,0.01733746439708401
57307,0.01833006267422033
57311,0.005973030936238055
57313,0.007783018511097659
57314,0.008781298643732404
57316,0.01903801246537748
57319,0.016313755990695237
57320,0.0028887640217570413
57321,0.0028814693061167363
57322,0.029254643008100826
57323,0.04152685117836475
57324,0.026250898040388243
57325,0.03348799248047564
57326,0.04691083061609147
57327,0.0029869376855002194
57330,0.004443644488694189
57331,0.08707962979390561
57332,0.003983607330321873
57334,0.007083800609999744
57335,0.19307289250888557
57342,0.04163827862392913
57343,0.009897911577905082
57344,0.010869329134664572
57345,0.043890104122761044
57351,0.11482742398427062
57354,0.064617996057668
57358,0.0058484144005914
57359,0.010980328021465148
57360,0.013909846367833906
57361,0.009054703936027506
57363,0.0036642156808429525
57365,0.010050354960520877
57366,0.004697267958057482
57367,0.0035387470338446546
57369,0.018974716366808853
57370,0.21853696568079511
57371,0.009903019831622464
57372,0.1640848755727954
57375,0.007550943365272869
57378,0.0029076347493990273
57379,0.01991478651027196
57380,0.0035919401492639554
57381,0.003260590026132538
57382,0.003017184915849256
57385,0.00427591722889102
57386,0.1646085539149325
57388,0.004069658063531241
57390,0.0040692071918194605
57391,0.003925375659249199
57394,0.01654048999463066
57402,0.0031003561114952105
57404,0.0064836046063827734
57407,0.004985203224241207
57409,0.08668173170224884
57412,0.021583423901104088
57413,0.0033299207932896715
57414,0.007416750815403837
57415,0.007262231560312278
57417,0.005455649237079552
57419,0.003677379219878593
57421,0.016025200730766236
57424,0.01071032272833698
57426,0.22641648025515826
57434,0.00861435909057828
57435,0.035240580805510194
57437,0.07591878731004321
57438,0.006380428109003812
57441,0.04902084194145083
57442,0.00740158443392057
57449,0.016531345850329615
57450,0.00350273215834071
57451,0.0156197359472677
57454,0.005517486966447527
57456,0.015372882036811256
57457,0.05803010628830006
57459,0.04694002056740103
57462,0.00740979438387511
57468,0.018150396969041544
57470,0.016286965817087537
57471,0.005649564069226377
57474,0.01740881018036531
57480,0.009907998055343337
57481,0.053339497143643645
57482,0.026005645713977878
57489,0.004069907839107588
57495,0.04638251794219736
57498,0.037345999913185726
57499,0.011948036247200824
57501,0.0818183293465151
57505,0.005164740720549637
57510,0.03973602455519635
57511,0.005203366199125733
57512,0.023559050601288975
57514,0.007017824636828134
57516,0.027450827382660605
57519,0.007794310978935563
57526,0.024515870156170783
57529,0.012192615640455004
57530,0.04199774379607015
57531,0.004306822169714583
57532,0.08832222389525875
57533,0.04504925790598232
57536,0.004048838189197663
57538,0.07214386065527427
57540,0.22319218881530323
57541,0.0077413375703071045
57542,0.012826391133456485
57545,0.02018899363202731
57548,0.25546014162922565
57549,0.2115586596725811
57551,0.015587517736227668
57552,0.06735777351410076
57555,0.008265553284242439
57558,0.013313282465306128
57563,0.003794446004615836
57569,0.0034046208438100207
57573,0.008082801814464403
57574,0.022208008285117996
57578,0.006126996153527158
57579,0.07226299484283898
57581,0.3549862371680156
57583,0.009191176976000378
57584,0.0408642229151402
57587,0.017560959446505382
57591,0.032597747148386536
57592,0.07214978718276434
57594,0.03724610615153488
57595,0.011287516168526355
57598,0.005685904343900592
57599,0.003039656114389441
57604,0.007613734642418799
57607,0.18699004524296456
57608,0.029353462086890034
57609,0.010797580053760377
57610,0.06000943167178187
57612,0.010542081229326476
57615,0.00987650383502941
57618,0.012878377717177281
57619,0.005860476708712344
57621,0.01586389282994095
57622,0.027913624690648026
57624,0.04773047407435782
57627,0.040858802348164844
57629,0.020969286864969874
57631,0.19857332574855477
57633,0.10221773450637954
57636,0.02928804079336807
57638,0.005680928466064272
57639,0.003622340855581356
57640,0.025040978936628492
57642,0.026092726083828087
57643,0.008792240444011808
57644,0.003926477129362065
57645,0.0037068435034947633
57646,0.0062120722994168575
57648,0.0040050964799474426
57649,0.2983109256814487
57650,0.22763875475982004
57651,0.03909377723967172
57655,0.019741618936288424
57656,0.15902547686837157
57657,0.09917557588585116
57659,0.07378388110685798
57660,0.0314044837794789
57662,0.010980901054548402
57663,0.0030141207889014658
57667,0.019190270061275494
57670,0.016022091383143075
57672,0.0708393078415308
57674,0.003052969648789449
57675,0.004093993329671093
57676,0.0037769406128746463
57677,0.008442241472052055
57679,0.03065452002211808
57681,0.004236644356583473
57682,0.009090729464255686
57683,0.01502168274722361
57684,0.02254505205252648
57686,0.05397691542479879
57688,0.06573067309081565
57691,0.005738733311310219
57693,0.04332208993377319
57694,0.011542187458041695
57695,0.025255183347734814
57696,0.033388159067430805
57698,0.07515466056560963
57701,0.07455882128410189
57702,0.010696847811299941
57703,0.0456103010487368
57704,0.014663379671874113
57708,0.16378596180586383
57709,0.00396066080145368
57710,0.026023215214329067
57713,0.015529434930510164
57715,0.013181000167965154
57717,0.01553652095054592
57718,0.003720375851908431
57719,0.005336899776371399
57720,0.004076454750787475
57722,0.009158627636805463
57723,0.036757265621927285
57725,0.004340763684494653
57728,0.0037477813543500597
57729,0.022370484095434677
57730,0.015536327750648567
57732,0.013100382357414253
57733,0.004886149732109004
57737,0.003927890304505662
57739,0.0036406359761738893
57744,0.0402505861419883
57745,0.051933009281862945
57747,0.00532759992357284
57748,0.010715306070533781
57749,0.0030808687736969998
57752,0.008975907592409783
57753,0.0029349698604537963
57754,0.06641848904287675
57755,0.007656445162897638
57756,0.0028681012638243977
57758,0.260245945238432
57759,0.2493352753692895
57760,0.027764126054559003
57764,0.015912683008330285
57766,0.0038909082079906987
57767,0.0806326016923519
57768,0.052079479673324186
57771,0.028440192026102942
57772,0.1541166304009968
57774,0.004673915201156573
57777,0.01121964062154422
57781,0.03320269748176075
57782,0.07992588100354574
57783,0.00285580401884444
57785,0.013589395576087822
57789,0.03472037599160882
57790,0.04169562488558999
57792,0.007171049421776181
57796,0.01711984640729833
57799,0.011846951828524055
57800,0.006505044049625933
57801,0.0681652906558115
57802,0.025501384338374917
57803,0.19874084765749914
57804,0.0032067359522329106
57807,0.014876726626123757
57809,0.005136972622498553
57810,0.0037105057510729332
57813,0.0028854444447480214
57814,0.008780025108557868
57815,0.0029381923425246246
57817,0.019524436477854616
57818,0.0346430569217405
57819,0.004221332259858382
57822,0.03018542402709684
57823,0.01462013259147
57824,0.008898807508039432
57825,0.02284472845665415
57826,0.004123105467435462
57827,0.007322558313852478
57828,0.003793507435528836
57830,0.013041106031777083
57833,0.037230504880047866
57834,0.09212288338502005
57836,0.0034192518474524046
57837,0.0039036611612891328
57838,0.03930502750878011
57842,0.004214768898981552
57845,0.004061509230190804
57849,0.041110192363214365
57850,0.004281278050755254
57851,0.006491815735163332
57852,0.004279458869889883
57853,0.004050629560914066
57856,0.00805920338115723
57860,0.07714464128582774
57861,0.01020780552375792
57862,0.005296510009374457
57864,0.030394292129653642
57865,0.04155654245070987
57867,0.12163075784034197
57872,0.023584626800325796
57873,0.03459537651067348
57874,0.004431863009818989
57875,0.08938634586475676
57877,0.006593630839846245
57880,0.026054248686055225
57881,0.046721284390441646
57883,0.005965477923619397
57884,0.003494118660339664
57885,0.04152797281192027
57891,0.0036212487701629457
57892,0.03459537651067348
57894,0.006161942524841848
57896,0.01981529558707901
57900,0.0036315909233015048
57901,0.00371042579339755
57903,0.0028771999240040876
57906,0.04096717207379808
57909,0.16343603578362773
57910,0.09329345185939387
57911,0.01212670473787853
57912,0.0066657929559494076
57913,0.048750875754028256
57915,0.044375744938725634
57916,0.004009742075715636
57917,0.0054338081194514895
57921,0.011635826790702073
57922,0.010083813560355509
57926,0.010497277545112442
57927,0.17501928669989336
57928,0.03840887907511765
57930,0.02299508599793612
57932,0.21842206262128167
57933,0.005918675237920535
57938,0.0051077978240279525
57939,0.08243996045118124
57942,0.01465856147686692
57945,0.06451054935596644
57947,0.004363752910738944
57948,0.0029068994969283384
57949,0.01425698813381203
57950,0.05661650881288835
57951,0.009450610734416207
57952,0.06473521994442694
57953,0.007560381795537066
57955,0.015505865782220204
57956,0.0034548173039968145
57961,0.0029394673100829683
57963,0.0040999901357766455
57964,0.007607390849907285
57965,0.005355143506802726
57967,0.25286202794299656
57971,0.004761869429089349
57972,0.0032387654270000527
57975,0.1635324061896742
57976,0.005837488706683879
57978,0.003293995288326245
57979,0.24025316868590518
57981,0.06354312821352935
57984,0.004213340978451168
57986,0.009858609180529943
57990,0.00371220277447644
57992,0.002881710708634306
57993,0.0029179816775931804
57997,0.009313073834020373
57999,0.17959067184208347
58001,0.06485230914369713
58002,0.01982840401732452
58005,0.006637306207864612
58007,0.004509374224710311
58008,0.0038153564853342565
58009,0.0033852704354385807
58010,0.004379805363317084
58011,0.17576004999872483
58012,0.011414908129856688
58014,0.031228721752797284
58016,0.043896179660195274
58020,0.025463002641793995
58023,0.0045423090986165746
58024,0.0029823491033008896
58025,0.057031695655052304
58027,0.0036627567843618863
58032,0.18699004524296456
58033,0.04496983076106337
58035,0.10263722218509679
58036,0.0823957800945631
58038,0.0030561849058456346
58040,0.017625501145170218
58043,0.006596906168315411
58044,0.008004344741776104
58046,0.20777954542036925
58050,0.0032550963175802007
58051,0.029291448565813425
58053,0.20219086833201716
58054,0.03981419325407765
58055,0.003596370685016427
58056,0.17170220978258444
58058,0.025303652029450865
58059,0.04374022543333087
58062,0.00870052227804124
58067,0.06274062370927067
58068,0.004089242940774814
58069,0.022378869850730218
58070,0.008219986915997216
58071,0.0033524611666502706
58075,0.0344104757781498
58076,0.009095962488079402
58077,0.009553827911892647
58078,0.005564150915015074
58080,0.0029459839453713573
58081,0.010213567301891659
58082,0.030015407198027838
58083,0.021823828886866632
58084,0.009202784307398343
58086,0.010455797736756908
58087,0.011859055120630103
58092,0.02001552435413113
58093,0.008947681184356779
58095,0.2230297530096823
58096,0.013303985844880295
58097,0.03510915544565319
58098,0.004002244853191089
58104,0.06512335223415246
58105,0.0338638519192159
58110,0.0034440843230307203
58111,0.011122960602809378
58114,0.005129112874054287
58117,0.009656874693025558
58124,0.036661792086458624
58126,0.16167359988546134
58130,0.004432218908940014
58131,0.06363426138842967
58132,0.015071177857707582
58135,0.0036940199557305604
58136,0.01027533845802499
58138,0.06602740654735288
58140,0.00583194058243347
58141,0.04852031067163754
58142,0.005609904872973238
58143,0.004400211155133791
58144,0.04329127231755135
58145,0.0028157508108536304
58146,0.010909502449247653
58147,0.031066255618356034
58149,0.005373359360808412
58153,0.035496379676534656
58155,0.05626451468308642
58166,0.004180831143967897
58168,0.009444631173404229
58171,0.2154916701888682
58172,0.026092726083828087
58173,0.015398977682851589
58177,0.018928145356296736
58178,0.01658119060340436
58179,0.2634423876458881
58181,0.04184191074171205
58182,0.14460231772843637
58185,0.007216671453501238
58187,0.034140101836048514
58189,0.014231548720390895
58190,0.003827708444642942
58193,0.013875337255851113
58194,0.004634501642600044
58196,0.2680138098399171
58197,0.005828341873454366
58198,0.004418447106468501
58199,0.021771625016738006
58202,0.30407293704656146
58205,0.044862144186823084
58207,0.12166261660053028
58209,0.03525780531937362
58211,0.0036484222404156432
58212,0.008782549574820652
58213,0.22623331663371135
58214,0.015159532251612666
58215,0.059362884669106004
58221,0.003464439057459798
58222,0.015085749868337503
58224,0.09225132804594126
58225,0.020820023719579694
58226,0.004159720328574992
58227,0.05186725381873019
58228,0.03743364855454627
58229,0.006083749319107673
58231,0.2126071052480277
58232,0.042214784149592066
58234,0.013082011097144651
58235,0.0034601944715294147
58237,0.00915089198300952
58238,0.11965247388367158
58240,0.08167829097200398
58241,0.016532227654836376
58242,0.1900743440869086
58244,0.007832965427170279
58247,0.003484734633786015
58248,0.0038323157957655617
58252,0.016500670761824335
58254,0.008016804299900055
58256,0.0032913963932997637
58259,0.022665930085174698
58261,0.04343412148275546
58266,0.13935337555814634
58268,0.0037847726496415992
58271,0.1183958219383965
58273,0.010143268124678768
58274,0.010040279166782398
58275,0.005180946212607472
58276,0.011745547284656882
58277,0.1402931362949872
58278,0.033677840087520755
58279,0.04568685131950237
58280,0.004184917973403462
58281,0.008938007224566256
58283,0.034220965490511734
58287,0.003942769397802931
58288,0.003918990085956761
58289,0.007648935185162424
58290,0.005471583693979
58291,0.03385655018202616
58292,0.1072582863983046
58293,0.015476246844893193
58297,0.026092726083828087
58300,0.010641376057442902
58302,0.0028905897650673058
58303,0.24143016599848446
58304,0.03534425425154897
58305,0.011857931776223728
58306,0.009879006308446854
58307,0.024785772632626216
58311,0.00345767746123151
58313,0.0028944008925033825
58315,0.0034736301643825563
58316,0.06595381195442986
58319,0.1783501498435039
58324,0.04640437166690125
58325,0.012566401656443783
58326,0.006499801720085547
58327,0.06509770859827745
58329,0.004220200179117535
58332,0.0035894635652402754
58333,0.1604714493570461
58334,0.003921578464350301
58336,0.03459537651067348
58339,0.005490444262153745
58340,0.004198402901530682
58341,0.017687601357129594
58344,0.0039255813387601805
58349,0.077136414420946
58351,0.017123508871025886
58352,0.0029598257155144447
58353,0.005284410484287406
58355,0.05213327516328584
58356,0.04225274032683672
58358,0.0030039112233427455
58360,0.011744243625560221
58361,0.22658939459454783
58362,0.003900506168181641
58363,0.004309976885228453
58364,0.006821748818690714
58367,0.002946625769349117
58370,0.005103740349278197
58371,0.07452538809248534
58375,0.010288472460915516
58376,0.003562254299042921
58377,0.014642881096397014
58379,0.07314348715080575
58381,0.08345355520101311
58383,0.015464856407692722
58386,0.07060462392621113
58388,0.04636038572569472
58389,0.006464175028374406
58390,0.01459873596470843
58391,0.0034763168147241962
58393,0.004896389612785025
58396,0.0073394210135809485
58397,0.06391253700443372
58402,0.02091737066796632
58406,0.09206219976181979
58408,0.0197694655186075
58411,0.008971657372414033
58419,0.005808168799060222
58421,0.005542627381949621
58425,0.020277207318868323
58426,0.0035956519614273393
58429,0.033427299934559715
58432,0.004122157532884123
58435,0.0038299784274043727
58437,0.004388898851280653
58441,0.0032309642630626236
58445,0.004050037930626616
58446,0.00586686502343013
58448,0.004601819377735092
58451,0.044497782855500864
58452,0.01894188750253175
58454,0.00802324910910831
58455,0.005270889281476354
58457,0.003194238799781854
58458,0.003651314021755926
58465,0.0073514079106808865
58466,0.03829842076881263
58467,0.03172219494031757
58470,0.003670743188627316
58473,0.015512542041952545
58475,0.05683563986989706
58478,0.22454445079598842
58479,0.003696265817952026
58482,0.014708844857287866
58485,0.1019040994143288
58486,0.00550164596116673
58487,0.005392137194015789
58488,0.006540530562372234
58489,0.012145968956742179
58490,0.003716148745702639
58491,0.0032215423826513923
58492,0.0036170930772645225
58493,0.005942900209263947
58494,0.00381219843270538
58495,0.04645479542355072
58497,0.00505448949902248
58498,0.014015414434667325
58500,0.0074870890024906515
58503,0.039071593445587506
58504,0.0061106458041306575
58506,0.07940266933697691
58509,0.2270833226614139
58510,0.0033416087571656993
58512,0.002960132533463055
58513,0.09278051830071324
58515,0.003697321539453846
58516,0.010290235322861193
58517,0.022977479039644786
58518,0.0029322228095225444
58522,0.003978891482937227
58526,0.012239095763642625
58527,0.026092726083828087
58528,0.0030503758167737234
58529,0.09220592683455135
58531,0.013973953911511402
58536,0.03330609219978493
58537,0.022065504909887682
58538,0.01103059082474832
58544,0.07107535884043145
58548,0.07635257572685872
58550,0.003922155218077957
58552,0.15234453977699336
58553,0.018756641572527058
58555,0.03404340760098439
58557,0.006784722357836478
58558,0.07874052102550881
58559,0.010449016328117651
58560,0.009421856049080989
58563,0.007305104321577477
58564,0.01603601575675448
58565,0.05268452423024326
58566,0.007485543803186551
58567,0.0041876570039455305
58568,0.057745910247351456
58570,0.0056179303852737575
58571,0.0035390601150941167
58572,0.003970628130755209
58575,0.003877951726422867
58576,0.0050104234001260555
58577,0.004690729056254192
58580,0.18693545278726778
58584,0.003185944877574028
58585,0.07838473237340614
58586,0.006263654241367753
58587,0.0030387412552293027
58589,0.011051036123603971
58593,0.0646968833644549
58594,0.026092726083828087
58596,0.026092726083828087
58597,0.00687531041491825
58600,0.04185323245847176
58601,0.08380006732876133
58603,0.006999650926804168
58605,0.017580709888471054
58606,0.031892727819256866
58607,0.009093013904203723
58609,0.11603229720214338
58610,0.06976296400432026
58611,0.011739543423100877
58617,0.022357605894172797
58620,0.28954481231178736
58621,0.03193686139337514
58622,0.005496007305814453
58624,0.2447079054271362
58625,0.011529780377760347
58628,0.0067097465531099805
58629,0.07783132938083132
58631,0.036047824540498936
58632,0.0077676392168770396
58639,0.28240350706193773
58645,0.12003126559201835
58646,0.2605352921423788
58647,0.003384707483700346
58648,0.0028945850342329154
58649,0.0030093529708163807
58651,0.01478673151901543
58652,0.004114383344555129
58653,0.0036921931352082112
58654,0.003615608648216177
58656,0.0030990287051975906
58662,0.2429549785504611
58666,0.013714430382564436
58668,0.018323941005114232
58672,0.0046351242081232695
58677,0.010193354586636734
58684,0.003854695580918991
58685,0.03512080707876662
58687,0.02509645694261478
58688,0.0034797939244922494
58689,0.00802956339831915
58690,0.0163255826325477
58693,0.014421345177213796
58694,0.0034778936439827397
58695,0.012430079411708716
58697,0.07813299955887514
58698,0.00378774012813848
58699,0.07048947911286128
58700,0.00696422158696156
58702,0.03322739991794007
58703,0.19319742134669743
58707,0.005298390694400516
58713,0.031678780045863116
58715,0.006827031899100893
58716,0.006400592213916162
58717,0.011042035740468269
58719,0.026092726083828087
58722,0.14441357805003047
58723,0.014395550140411347
58724,0.08021985890439275
58727,0.003373841659356291
58728,0.0051063685127550095
58734,0.031703384364532114
58737,0.015487188426258099
58739,0.007065707008706774
58740,0.019523584111612487
58742,0.026092726083828087
58747,0.01189092304814263
58748,0.0028839871070738855
58749,0.06962290362718769
58750,0.022605831394424257
58751,0.07599931390188024
58753,0.030385342390026656
58754,0.004634075292576597
58755,0.004595521379229604
58757,0.004525532271383932
58759,0.003857563490355615
58760,0.012622781737913048
58761,0.0049510604262416645
58764,0.00555755819306853
58765,0.007321629653428205
58767,0.005101714848802293
58771,0.2673547050123918
58774,0.23320132989570472
58776,0.1412670301729293
58777,0.0031745099609970574
58778,0.02696873032896779
58783,0.0029511027216526957
58784,0.0034617741463249785
58785,0.022740623354225654
58786,0.0038639756171352773
58787,0.0029493307951251354
58788,0.005578248905727699
58789,0.011352080916323693
58791,0.0029628905275911658
58792,0.00374373356186459
58793,0.02419083404957872
58794,0.009891934578925704
58796,0.00420584351017544
58799,0.014019592147939387
58800,0.00847173447083829
58802,0.01860456975978399
58804,0.07211435834224537
58806,0.010323048973976501
58809,0.026921425696133643
58811,0.040134726978141015
58812,0.004601582770165081
58813,0.04713864987250633
58818,0.008018156101439756
58826,0.015240872465308196
58827,0.010169372410310101
58828,0.018739231444851154
58829,0.1770394029561682
58833,0.006044622810414756
58834,0.03677007114831681
58835,0.0461017655279833
58837,0.022271865212478544
58839,0.15814911069693052
58846,0.004123793209891945
58848,0.002831993083072756
58849,0.2017997968587227
58851,0.034887935341532374
58852,0.003791623702701892
58856,0.08253866019809783
58857,0.006971707535944168
58858,0.01777658482590082
58860,0.015563234532636513
58861,0.21131812699595023
58862,0.09545191143862954
58864,0.003733612431477488
58867,0.004718522414386288
58868,0.011120325940410021
58871,0.009042841667731703
58875,0.02066796413225861
58880,0.28372913611243966
58885,0.007786504256150098
58886,0.031984076365924215
58888,0.03153234144854325
58889,0.0032641398655943697
58890,0.0036064668513487953
58891,0.004609466838093139
58894,0.10354582807046085
58895,0.0038011834041165094
58896,0.021128955026092744
58897,0.007855534529361781
58898,0.011730339192809401
58899,0.2355477025544137
58900,0.24341157625414533
58901,0.0581934112257298
58904,0.0036040007353236813
58913,0.1374028145320485
58914,0.06151156037763959
58915,0.05172276582396161
58924,0.0032916858666407955
58925,0.004252006924740552
58926,0.0031062454289429928
58930,0.11842115390818461
58931,0.05129289379918298
58932,0.008496206550169158
58934,0.13412647659081578
58935,0.003929857430000519
58936,0.007666862477369646
58938,0.003971086577810793
58943,0.0031135403050200406
58947,0.003967708575625477
58948,0.010738145142286862
58949,0.019353459300668324
58950,0.3062916360100505
58951,0.002974478067722984
58952,0.04596739961142599
58953,0.06393563530839125
58958,0.008128446746874766
58964,0.2127816315335761
58966,0.16282551765973816
58969,0.021177829493978072
58971,0.004102138841904681
58972,0.021951897381531714
58974,0.164772259347212
58976,0.005841749443803943
58979,0.07790552737070888
58980,0.1080285397448055
58981,0.004547747951533835
58982,0.004032796890206552
58985,0.00621206705224377
58989,0.06312154186446378
58990,0.003651597957177065
58991,0.016030921008752093
58992,0.004569963026344712
58995,0.006606199965685695
58997,0.003376096894763563
58999,0.017351787919592184
59000,0.12975807921831778
59002,0.0034076452025890054
59004,0.025883836927172464
59005,0.01682666814044286
59008,0.01293921343650725
59010,0.010744661619801572
59011,0.010554659281015004
59012,0.0028720967455881682
59013,0.023179454127710258
59014,0.01983966732621314
59015,0.03386741564258667
59018,0.006313860154723007
59022,0.0038920194201068946
59023,0.07297558278639656
59024,0.014751395539398434
59025,0.019113654989391108
59027,0.032003824592722545
59028,0.0034046827659624888
59029,0.048988018310334946
59032,0.0337210661960051
59034,0.004917188915376769
59036,0.010982478445965635
59037,0.0033905783670819204
59038,0.005629779711323435
59040,0.014702963914236688
59043,0.10577503630605083
59045,0.1973148004934895
59048,0.13866016823268046
59050,0.03287156587526146
59053,0.009560541486182442
59054,0.22717888078589948
59055,0.005063102826926313
59056,0.16806362956204807
59058,0.0037152901528914495
59060,0.011973169161771567
59065,0.012936473472434705
59068,0.005754258771202872
59071,0.027929264676942952
59072,0.012526664975068236
59073,0.24184453193619831
59075,0.008986079662718603
59078,0.0035662284372111595
59079,0.011989511580213006
59081,0.005510325769258374
59085,0.005181762834647723
59087,0.0037284560247604656
59088,0.01969376495786149
59090,0.00656218809958095
59091,0.08022239636428122
59092,0.036076249333171065
59101,0.0053707807373959806
59102,0.050073544374869404
59105,0.0043036082569655396
59107,0.00401323352224647
59112,0.016787237444025143
59114,0.01544947060177034
59115,0.0157831576565052
59116,0.0051564909039109935
59117,0.014800988161979061
59118,0.05246846302432871
59119,0.010598690136891268
59120,0.01735708212110325
59123,0.07667929371412872
59128,0.008226996567015763
59131,0.008400228226672834
59139,0.008972781204876509
59141,0.006380428109003812
59143,0.030103782256526372
59144,0.06945432965963072
59145,0.005519964443628938
59146,0.03417662413323686
59150,0.07268798352187635
59153,0.03153436361609281
59154,0.00554455457195172
59155,0.011020363262439879
59158,0.003748739303278984
59159,0.01983880728076562
59167,0.0072231309034712626
59170,0.033535307517837454
59172,0.0065602467369217385
59175,0.0030279275572176446
59177,0.008551822355303966
59179,0.009987281911105634
59181,0.007743220324114873
59183,0.01543581098457247
59185,0.03325372122940242
59186,0.028906592460917657
59187,0.0028983503882359834
59189,0.0536211393788378
59191,0.004197979546526825
59192,0.004629117970253693
59193,0.0057833135667666275
59194,0.0030974867349751905
59195,0.015657860998876047
59198,0.006442438444368034
59201,0.003624090085730512
59202,0.03204529609344612
59207,0.03461893976215059
59210,0.0035558580424894224
59217,0.003512223120587619
59219,0.0029497888865750777
59220,0.009915120858414705
59221,0.22490984827206345
59223,0.004051438411715973
59225,0.005261123654689336
59227,0.0033998547683642467
59230,0.0472259013678882
59231,0.1990956067115618
59233,0.03326740943332694
59236,0.0562264078306458
59237,0.3021769867436356
59239,0.16077314513016086
59240,0.0038444230229792123
59241,0.003689772732919668
59243,0.004627468080395628
59244,0.003335554569261244
59246,0.1443489312484589
59248,0.0030359001734823017
59249,0.031469656560566744
59250,0.005633962646239599
59252,0.008444211642859094
59256,0.011001569118924802
59258,0.24049539278008944
59260,0.20873145526557393
59261,0.008297447576457465
59262,0.004005441247283585
59264,0.030613901629257402
59265,0.0036435964355689713
59271,0.008573027481621353
59273,0.00524956093431768
59282,0.0032257232064957066
59284,0.0071203205461229995
59287,0.019438475726718366
59288,0.13168612875089025
59289,0.007254154429002818
59291,0.005249809431275759
59292,0.004610038354642797
59293,0.004937256576006892
59295,0.025536158999588388
59296,0.004115537124620383
59297,0.2637912021677939
59300,0.1774083569014867
59301,0.011859394311887293
59302,0.003616261574097085
59304,0.10189768318908168
59306,0.018843598152503936
59311,0.006554741350265158
59312,0.004409471202839556
59314,0.004276729043119989
59318,0.17985751681422957
59320,0.01427497738767734
59324,0.003307992405259399
59327,0.002871184703240681
59329,0.007088418577425548
59330,0.00529101316242428
59332,0.002992111249554315
59333,0.016976006172337618
59334,0.045354491721300294
59336,0.004499534967177369
59338,0.0036293604769999308
59341,0.013501180899209153
59342,0.019989753838174407
59343,0.10980353377418013
59344,0.011046764779770044
59345,0.007690652953894662
59349,0.04609633612748951
59353,0.007510403547424684
59355,0.008597064627088374
59356,0.009394382340672346
59357,0.03334377726080664
59364,0.01878998046339598
59365,0.02146215669947083
59367,0.01413117328900386
59369,0.06293112275838693
59370,0.0451197692088084
59373,0.018381421843387223
59374,0.01242862452785114
59375,0.18632406143020272
59376,0.0083929969545887
59380,0.003824027374432185
59381,0.006105407617089662
59382,0.04241434316027076
59383,0.042986055022372266
59385,0.003304753781244547
59388,0.2052350592134686
59389,0.051371909635973496
59390,0.14332538602714104
59391,0.06777411057476107
59392,0.2890289615676266
59394,0.015604442944756828
59395,0.025066010884428554
59396,0.006887898389481844
59398,0.04124094200998922
59399,0.03413061961915657
59401,0.0036804123868935308
59402,0.0082919020506215
59405,0.006373474387311593
59409,0.014169011328084548
59412,0.1007261242990456
59415,0.004942972935236617
59416,0.02134505097070033
59420,0.013087246160693986
59421,0.026259284107037616
59422,0.009359269494292633
59423,0.00397895732402517
59424,0.05098519697003709
59425,0.036471212248520915
59427,0.00547040402045247
59430,0.055170686675503795
59431,0.04674941862323499
59433,0.0040858813164049955
59435,0.004778684947599032
59439,0.013961887017251191
59440,0.002915110809456085
59442,0.004329039400150734
59443,0.004664948330796298
59444,0.009839546252632211
59446,0.00925492436774997
59448,0.003938831230708142
59449,0.031736535746407855
59450,0.009875762363128664
59452,0.02289904263021158
59453,0.011570710496392007
59454,0.07575732065315209
59455,0.19527076637220991
59456,0.007946664896297676
59457,0.0029451215946745962
59459,0.015027304492192722
59461,0.006729853266201964
59462,0.0035322887401139634
59463,0.026092726083828087
59464,0.004287891526039941
59468,0.011878005668844263
59469,0.09686657717267176
59472,0.03535651576594074
59475,0.012310578538912207
59477,0.02188461660455602
59478,0.008909358046696396
59479,0.004299439936634863
59480,0.059318106862278744
59481,0.0036741670195888066
59482,0.04251821952955206
59484,0.016136087393618794
59485,0.013798881645018902
59487,0.0057915396706804834
59489,0.25268911574180747
59492,0.007273686128167787
59493,0.05948222020868703
59494,0.01897326842459464
59495,0.006891746783909021
59500,0.055189133344381046
59501,0.035096940985118
59502,0.020249756325860725
59504,0.05133677292922613
59505,0.009379700804638985
59508,0.004140445531709632
59511,0.19223506751362784
59512,0.09284075433125713
59514,0.003091018207330928
59516,0.0066678963857263315
59519,0.0036292265518268127
59520,0.0037224235435967742
59523,0.057287495867726024
59529,0.010229052992132141
59531,0.003066354303635734
59533,0.00364986557659659
59536,0.014656895205059318
59537,0.015010578948615998
59538,0.031573481716532556
59540,0.002931530546696851
59541,0.05325757082295017
59542,0.0041650277576235125
59544,0.012361196125203887
59549,0.07207992584652546
59551,0.002852524735511691
59553,0.025040978936628492
59554,0.004314922474318829
59555,0.008979076350023816
59556,0.011154956262667002
59557,0.026092726083828087
59558,0.04482826095647338
59560,0.03403489003629562
59563,0.003426127002766294
59566,0.03318670367879617
59568,0.1903320588472976
59570,0.011069650503757862
59571,0.003253031148597062
59576,0.004049184251371037
59581,0.01279711087364181
59582,0.0754992196910989
59589,0.019783235166537582
59591,0.015044302239138394
59594,0.026092726083828087
59596,0.0029979656528991865
59597,0.07273608160946236
59599,0.034801295805553245
59603,0.01025688333821838
59605,0.08092637769879994
59606,0.07184866263235906
59607,0.19164184872838358
59608,0.10075028174292319
59609,0.014264996104498155
59611,0.05627083311435583
59613,0.007971581482240971
59614,0.20099223596138113
59617,0.01437410708583298
59618,0.014218967019879082
59620,0.011546405482955243
59621,0.003510297009957436
59622,0.007463203355958032
59623,0.003343437200310178
59624,0.024802475800914058
59628,0.1175211399029213
59629,0.00893892822233439
59632,0.015426141505396342
59634,0.4184738378685356
59638,0.02074789353000233
59641,0.10348423576917744
59642,0.029290398420556103
59644,0.0033610463989544054
59646,0.0035718020812031334
59649,0.0044313270136301375
59650,0.003327721612809042
59655,0.003735334908538426
59658,0.034078232505105034
59660,0.042785785930957616
59664,0.003048533237010228
59667,0.036530744648754485
59669,0.14009080509263502
59671,0.17433393558418522
59676,0.04878342655516215
59677,0.024826998304343706
59680,0.18546091718609634
59681,0.06930799385402396
59683,0.01194859042827338
59684,0.03844739380020206
59686,0.004299043191250645
59689,0.007994969353820908
59691,0.007825406811576615
59692,0.034325315740150276
59693,0.03134580293664347
59694,0.009902747567716839
59696,0.006552813823527754
59697,0.011526287977303115
59698,0.04943259347471719
59699,0.010718974747552044
59700,0.016717666673720464
59703,0.034448590980267986
59704,0.026092726083828087
59707,0.003925536780186197
59708,0.017514682640228978
59713,0.14850907789962328
59715,0.008782007199040133
59723,0.15336697602503388
59724,0.005839003493174458
59729,0.010722099037279784
59731,0.009162906845516709
59736,0.006218012823454516
59738,0.0156427986165573
59740,0.008923482477744823
59741,0.004286386286995569
59745,0.19236316877829568
59746,0.1771974842253553
59748,0.019440605900146936
59749,0.004703112607002034
59750,0.10851498034008634
59751,0.01339060675965381
59755,0.0035918823589247695
59758,0.07663901676886589
59763,0.01937375158206464
59764,0.003170477398647074
59767,0.004003647653587598
59768,0.005122808423168389
59769,0.022525914045931898
59773,0.0033795205507036017
59775,0.0168709475630176
59776,0.13470927545522327
59778,0.003705640513572279
59780,0.0029380603999598735
59781,0.004092563062514491
59782,0.12870183768808618
59785,0.019103496608417793
59787,0.005463326394600848
59788,0.006884828011300146
59790,0.009008972735004268
59793,0.0039037393062549145
59795,0.0036393468751060266
59797,0.003970752043335687
59798,0.012878738336223515
59800,0.022562361633405012
59802,0.026092726083828087
59805,0.009908974805207096
59807,0.0057747293846994235
59809,0.005070891469550475
59810,0.012873400074563725
59811,0.009510365222780417
59813,0.03077746647521358
59814,0.08553418315042537
59815,0.07035142585259298
59817,0.05755785374492789
59818,0.005888064159964131
59821,0.10726209283998
59823,0.012882268273225536
59826,0.22897596410489435
59827,0.0378901345111963
59833,0.07414452912757315
59841,0.03039491819984709
59843,0.004217178838647064
59844,0.002992625795785159
59846,0.04708103770266077
59849,0.020222103368246737
59851,0.006964844968895416
59853,0.005821016433222162
59854,0.049005820028534146
59855,0.0037799903809536697
59858,0.008268383952765907
59859,0.0037548620168372537
59860,0.007411588702132345
59862,0.06051170021878386
59863,0.025296959904902713
59864,0.062923983019909
59865,0.013173816443365363
59866,0.004274349608473243
59867,0.051328347148845356
59873,0.002999247625097099
59874,0.015069894619279635
59876,0.01967629458723111
59877,0.00283353362575878
59879,0.04110933251456551
59882,0.020247574708217975
59883,0.03025798479091707
59884,0.0033525686470017653
59885,0.02322745569015478
59887,0.0029670880130365823
59889,0.04420695786773096
59891,0.006098431415861343
59893,0.0036653084197817904
59894,0.010853721706359424
59895,0.015908468374428452
59898,0.003806166162642557
59900,0.0037300596642762555
59902,0.21636643587179114
59903,0.06835397076866372
59904,0.026092726083828087
59905,0.014541394166709357
59907,0.16116092001372895
59908,0.010684535282684232
59909,0.06301471893464568
59910,0.003882076223262879
59911,0.0847613653635635
59912,0.006252080989422387
59914,0.037053169189191645
59917,0.07501100838103192
59918,0.005544601015848676
59919,0.2223146686759653
59920,0.009751704749728836
59921,0.0032755893764623454
59923,0.0806472114014584
59924,0.06106716408283684
59925,0.006184997403288368
59927,0.004359505008067717
59928,0.06554617279261721
59936,0.18453573274650198
59939,0.044308299802822006
59940,0.005181692570306342
59943,0.011751382499459348
59945,0.007009942026337158
59946,0.119251639170547
59948,0.0039547244314432906
59950,0.008967989126256883
59951,0.20942026110756534
59952,0.02720013330714396
59953,0.0038303416521538658
59955,0.19393319634197578
59956,0.027671747111391903
59958,0.003595682618946555
59959,0.1724616080891561
59960,0.003603894282745373
59961,0.1545302896490901
59962,0.050287610102745864
59968,0.0033408425070213057
59969,0.0034155126109056263
59974,0.008604434024370456
59976,0.007845038554468099
59979,0.0043896342137917516
59981,0.037750522028366956
59982,0.0052385005045910045
59985,0.003995015793388045
59986,0.0035877749178431497
59990,0.08272925963832027
59991,0.00399470915795998
59993,0.0038511906931093104
59995,0.013943243133849589
59996,0.004460460676401664
59997,0.006721127240440668
59999,0.008846082895227498
60000,0.04630581828012959
60002,0.105893651904806
60003,0.012131652054579955
60004,0.0877826828529746
60007,0.011847248855765281
60008,0.06411422239236744
60010,0.04271441435203711
60011,0.0036329370352697985
60013,0.003010399610994413
60017,0.006749733571130015
60018,0.2102047336677766
60020,0.003487830750668111
60021,0.0029597679702315534
60022,0.2341954518577125
60023,0.009430666714553679
60030,0.007618641875224459
60032,0.019818495373621046
60033,0.037195433254078224
60034,0.018317791000132387
60035,0.12029363208533868
60037,0.0032965709063318134
60038,0.03723048575117313
60039,0.0396174458169273
60042,0.02563140864272985
60043,0.14015691141426104
60048,0.010206033383695417
60049,0.011721571934983643
60052,0.015618698635337734
60053,0.010151407829016502
60054,0.0076183171963009255
60059,0.00408842072169318
60062,0.004958733802165922
60064,0.003927890304505662
60066,0.014603131327259699
60069,0.19541955160547106
60070,0.014833838367975291
60073,0.015660018015036654
60074,0.0034992932351701634
60075,0.008626680447268784
60087,0.009873771653911467
60089,0.020981531559667036
60092,0.004197094536749772
60093,0.002941044991957636
60094,0.18246797209984622
60095,0.0030459650069617887
60097,0.005921498176494785
60098,0.0028878482728277822
60099,0.013570635854703805
60100,0.1955998718970598
60101,0.0036120041198335925
60104,0.033629826364605334
60109,0.011897169629148146
60110,0.0033043683888999533
60111,0.029329762545888483
60113,0.0053048720212920345
60114,0.04618952209629359
60115,0.011027253873416853
60117,0.0032400571800734086
60120,0.003771152968418483
60121,0.003099034202780925
60125,0.02277037359142966
60127,0.019268278955732295
60130,0.0030752118749753856
60134,0.012942597784014876
60136,0.006562641094470089
60138,0.007952879356722512
60141,0.010069844153438754
60144,0.007573788484512911
60146,0.02058908996035737
60147,0.003339292380446507
60149,0.0033931478330909842
60150,0.0064464777392158785
60153,0.0067589942472539915
60154,0.0046586080711273166
60158,0.009679938103521803
60159,0.009885558828490586
60160,0.013228877904480707
60162,0.017055321157981793
60163,0.009868738552023885
60164,0.008543598728584928
60170,0.01600817424860933
60171,0.04429546132592814
60172,0.01797946371333268
60177,0.11426497959010161
60185,0.005481172039162522
60186,0.0031578025657106284
60195,0.018892053062694387
60198,0.2138898391619022
60203,0.0036357215566025732
60204,0.0031432286282488974
60205,0.031119227497919295
60207,0.004258635703276406
60209,0.004004060518933927
60211,0.017991408717245177
60212,0.021183523263697823
60218,0.003152050441182809
60219,0.006607719081617204
60220,0.00810942317967782
60222,0.002914123359159699
60223,0.02189856268882706
60224,0.024304221870462203
60228,0.0031685685097051406
60231,0.003149920402658116
60232,0.009905996750436697
60234,0.012265668244614562
60239,0.04934523482316468
60242,0.0028693041635203084
60243,0.008771337875742118
60244,0.022246159462192713
60245,0.02206609445834537
60246,0.003916221731019649
60247,0.10384793093635233
60251,0.04644237370220378
60252,0.17290564547215034
60253,0.0038767425414395025
60258,0.006952881210791654
60260,0.034783011502714914
60261,0.04521139117011442
60262,0.13418179271893493
60263,0.0030053079596308887
60264,0.09113930256958779
60265,0.003217343386489375
60267,0.003726356690536253
60268,0.30476016249973
60270,0.02383302755348614
60275,0.014648861474651765
60276,0.003438896243451138
60277,0.004664027628335114
60278,0.0032670907200244314
60281,0.0192477054946981
60283,0.002898299612981224
60286,0.0037229801244725923
60288,0.020671872517286007
60292,0.26860932914465807
60296,0.03455772529247684
60297,0.04784248852399836
60300,0.05864079717733612
60301,0.0032787426472302727
60303,0.04018176649982819
60305,0.010064551853581882
60306,0.060647413034035424
60307,0.015629434204647054
60308,0.23232439154406506
60310,0.01482073425354148
60314,0.0036900744200969848
60319,0.0029637415432725847
60320,0.1767022435138391
60322,0.10810880465460633
60325,0.0362961798488614
60326,0.04344983790009584
60329,0.023597792213265235
60332,0.0083766237068323
60333,0.026092726083828087
60335,0.018940060793924348
60337,0.003339597604056823
60338,0.034117900920332477
60339,0.0031193196729896646
60341,0.007901509532245147
60342,0.003069940331400527
60345,0.12810968307164447
60347,0.039644503541484764
60351,0.0038713266564681754
60352,0.005350631339630364
60354,0.20164671485741695
60356,0.021225588686564125
60357,0.01750340037278628
60363,0.017853443676187773
60364,0.2035482775013325
60365,0.06002673809502613
60369,0.003718131271011349
60370,0.09355382171440844
60371,0.0048214085962777825
60372,0.0035204248397743484
60374,0.011826999134363978
60377,0.0028993993585422905
60379,0.003754608211942266
60380,0.06814095067000342
60383,0.02216071690023983
60385,0.006761065813449245
60388,0.009520602103186183
60391,0.0037078016475209554
60394,0.03552538760848789
60395,0.011370411107984361
60396,0.009551001029195722
60398,0.028366898887454552
60401,0.006692466944618355
60402,0.02160848154299815
60409,0.003184839191588144
60414,0.0034027634406909382
60416,0.026092726083828087
60418,0.005217984065334957
60421,0.004633289569285012
60423,0.0035446033426264367
60424,0.22174527600145902
60427,0.003810215586677228
60428,0.03892559038520753
60430,0.0875765020864613
60432,0.014227814991430067
60434,0.039678497635410134
60435,0.008179342650615087
60441,0.0028684553752411747
60448,0.003530929839377493
60449,0.04530260963064304
60450,0.004904140445991671
60452,0.021359732969835662
60453,0.0039792124628359885
60456,0.011914327769265983
60460,0.006647275143402465
60461,0.011856483089176886
60463,0.004313452759367693
60464,0.0042933229707833335
60466,0.007449062199683565
60468,0.007837329072573741
60469,0.003494991066427267
60471,0.10077285141681404
60474,0.21653108439987534
60475,0.0034591778437999972
60480,0.025675875160595826
60481,0.05412726505555582
60484,0.0032627778882266126
60486,0.2043213394290824
60487,0.004117760999928045
60489,0.015738287245278898
60492,0.009903019831622464
60497,0.07089853005776732
60498,0.003764247201855136
60502,0.016431691247749864
60503,0.03235605873245839
60507,0.21635392943721768
60510,0.2661350588274758
60511,0.007901509532245147
60512,0.0033793422406859066
60515,0.20033640660769877
60516,0.0044605906479546036
60518,0.051943016619183664
60520,0.03829764864307263
60521,0.003879004197639812
60523,0.005353139456572783
60526,0.008068443271237001
60529,0.004006832867091973
60533,0.0035940527482236436
60534,0.1562540320478634
60535,0.003002111992051521
60537,0.01793207891872112
60538,0.0064081791710681145
60539,0.014928418246474666
60542,0.010540481267634528
60547,0.04724691513982119
60552,0.03536031832420865
60554,0.009852450557936812
60555,0.0032704681828314617
60558,0.02049869646550519
60559,0.012725001625330195
60562,0.028135990041189024
60564,0.0319892530985483
60566,0.164772259347212
60567,0.03891023475736175
60570,0.006385339903208583
60574,0.014144308072686719
60582,0.03242019934480648
60583,0.0034333473983235653
60584,0.006421475288230144
60589,0.11348946570097837
60590,0.10919902994011219
60598,0.1591682090276955
60603,0.20873208503974272
60604,0.05330945417840804
60605,0.009938342770554182
60607,0.022261554931779465
60608,0.11925065963895508
60610,0.06423678558925415
60611,0.032275978868237236
60612,0.08388844944325126
60613,0.0035632011824529037
60614,0.0032390686403748884
60619,0.21938026409057718
60620,0.004788770840583288
60622,0.10608558777051093
60624,0.047608289982261694
60627,0.014840193206767122
60629,0.09773733198458878
60630,0.003182327927588236
60631,0.005639104924587543
60632,0.00359685135789139
60633,0.007321978146315902
60634,0.01007001486336231
60635,0.003246005674445574
60636,0.0036255757573686927
60640,0.0048532899508444
60641,0.009953662075480894
60642,0.026023278507985383
60643,0.09826649680639811
60644,0.003591916337670023
60645,0.011225439726360698
60649,0.05279569325514709
60650,0.01839893247207892
60654,0.005846578907890079
60657,0.124193886816315
60658,0.022852210204864287
60659,0.1118445064026793
60660,0.014087908396640782
60662,0.06278927285739094
60663,0.18654379030108037
60664,0.01163926174209371
60668,0.05599290589888257
60672,0.2037673438162745
60673,0.019978879412187657
60675,0.0035055154099962824
60676,0.04824638386484415
60678,0.09445247952746898
60679,0.006374934543951817
60683,0.008234935721976894
60688,0.031246934912063193
60689,0.01663057537873166
60691,0.01127843551867434
60692,0.1046089959160904
60693,0.009961599362768924
60696,0.005438012025060351
60697,0.02155799247632479
60702,0.007183925040306651
60705,0.003529748228832919
60706,0.015064428182460642
60708,0.0039053033139606853
60710,0.012929177851794479
60711,0.008991355404779291
60712,0.0034397759866182554
60716,0.007979421600356671
60719,0.0070225310861831
60720,0.008438581647426205
60722,0.004181371042620458
60727,0.007011915598136371
60741,0.019819355206865567
60743,0.03146024560127245
60744,0.1438621323487847
60745,0.007890896684846238
60746,0.04312392145069663
60750,0.10935617053872053
60752,0.08566683193064617
60753,0.06110628121875815
60754,0.014877184689689602
60756,0.022324497082431338
60757,0.026092726083828087
60759,0.0486377574099155
60766,0.003998125704546028
60768,0.0036836492400463853
60770,0.003436290068389125
60772,0.009750373083542058
60779,0.009033247254144986
60780,0.006231417446762379
60782,0.06807662087990217
60788,0.003577178693568487
60789,0.0037551099881993713
60794,0.008377651334114208
60795,0.009984920358445852
60797,0.003013962311377395
60798,0.05219178586560881
60799,0.004323456736468795
60800,0.009112333636235582
60809,0.003117310870148109
60810,0.16598189633087407
60812,0.012249138064417367
60813,0.008642117032617353
60814,0.04722327587684804
60815,0.006359637400888417
60817,0.003299749493861682
60818,0.00463417127072359
60819,0.007683294357197045
60821,0.011881973201931656
60825,0.0042352137366168776
60827,0.0032362654877855115
60829,0.0035084387755571936
60831,0.008237322425812321
60832,0.049684630437163264
60833,0.004179996263838678
60834,0.007466279522021013
60836,0.007542284177581534
60837,0.04913382922998394
60838,0.010649779207667957
60839,0.010970560298804976
60842,0.15652990544860126
60848,0.11795793893658191
60851,0.0028742795184780318
60852,0.1426912575602888
60854,0.01171116825071522
60858,0.049303007270823804
60859,0.0051770015292365015
60860,0.025352068837638075
60862,0.03326338367520784
60865,0.002949813029426941
60866,0.026092726083828087
60868,0.01336602930921547
60869,0.06144144830047871
60871,0.0113307594918962
60872,0.00748315404682363
60874,0.0036964893448885538
60875,0.03294067839058497
60876,0.05696858980572522
60878,0.004059516948583203
60880,0.007336832183904655
60882,0.00384463074158671
60883,0.05192140660038276
60884,0.20296781275973183
60886,0.0032039255410954382
60891,0.011593673895668729
60894,0.004367169136663894
60895,0.026092726083828087
60898,0.009939728459141676
60899,0.013404784034924528
60900,0.08749876866143087
60901,0.005758493117894012
60902,0.029314862321570274
60905,0.014131507612790806
60909,0.01680200160175416
60918,0.002992111249554315
60922,0.010641329250137858
60923,0.006287699650450736
60924,0.010722180191218888
60925,0.0436919626257881
60927,0.003857335676758113
60928,0.007784979890580189
60929,0.0048331243209739335
60932,0.15798549593366387
60935,0.01264692653415479
60940,0.007159652503935361
60942,0.22532751977870566
60944,0.0031195762555465815
60949,0.10274126568750272
60951,0.003671231117405505
60957,0.009244020876252269
60959,0.019820323879365245
60961,0.003929888109888099
60962,0.2268572440285857
60963,0.005011710716497568
60965,0.1968135072437951
60966,0.006277469088769048
60967,0.0036293604769999308
60969,0.009496690415985113
60970,0.01281193480062661
60973,0.007186971489227347
60974,0.049433357373935796
60975,0.009773749978275788
60977,0.047635444310474936
60978,0.005279010754960929
60979,0.011301628946835748
60980,0.04284583583137301
60981,0.01797616919529191
60983,0.013087708778747039
60984,0.20057972674252098
60985,0.005473712893410879
60986,0.01735754775818774
60988,0.0056130362764067665
60992,0.07926668072966822
60994,0.0033827157830748525
60995,0.00447974288907828
60997,0.2553630173056345
61004,0.006480766650372135
61005,0.0063707751369751035
61008,0.030339819206125915
61009,0.015270291206319448
61012,0.005309296517902599
61013,0.00482175054719274
61015,0.010780784543777795
61016,0.008890114071100165
61018,0.006863238258812544
61019,0.010723666357760783
61022,0.03686077231467718
61023,0.004220403927313556
61024,0.16192804924692994
61026,0.03815033514423011
61027,0.035343784603095944
61028,0.0032169948187926374
61029,0.06164931727068756
61034,0.04772507198152684
61035,0.07156604357740108
61036,0.006690885223005915
61037,0.031773343688629184
61038,0.0037619402221425245
61039,0.0032984256284921765
61042,0.004945906290684762
61043,0.004878687867179075
61045,0.011915596002006338
61047,0.2034520358198027
61048,0.030270903172966587
61049,0.20612521649372767
61051,0.005500743862814897
61052,0.007395555809645107
61053,0.0761367128885722
61055,0.010521326737743808
61056,0.16919318699571315
61059,0.026092726083828087
61062,0.0033923342378095285
61063,0.039347412975832816
61064,0.10579715240542362
61065,0.003755816168224931
61068,0.00989654657086483
61069,0.010991767117596746
61070,0.006751898921775358
61071,0.03432536418277511
61074,0.014713709040958204
61078,0.01733373324221402
61079,0.00405929435850359
61080,0.015134084810569553
61081,0.11093185340600392
61082,0.003664373085268194
61083,0.17925874852350007
61086,0.004720668550255744
61092,0.03917556647252208
61093,0.07189536311514634
61094,0.004976556427103558
61095,0.015059810637347905
61101,0.011486386231633009
61102,0.09170840219542066
61103,0.0038911337461027405
61104,0.021650344889702352
61105,0.02232987739050041
61107,0.20400092550139204
61109,0.3066298738356155
61110,0.22823804582305
61111,0.029813858216903116
61112,0.030122558554455232
61114,0.0034036574601357546
61119,0.010889077084513386
61124,0.07780694954679493
61125,0.005448536632747375
61127,0.03767521894570461
61130,0.03408184363807926
61133,0.004843078992242069
61136,0.01149289234482861
61138,0.015141775189974914
61140,0.0034353919269192804
61141,0.00520274673450062
61145,0.004018344224730179
61147,0.0040363597765192515
61149,0.020410043343650975
61150,0.015863663594274924
61151,0.03756932762368049
61153,0.018738190887769814
61155,0.0036500711543206265
61156,0.00700281916132
61159,0.026092726083828087
61163,0.011083457139688368
61164,0.08762677051901713
61165,0.009372992362404492
61166,0.011696338842068452
61167,0.186149058090668
61171,0.008697063489618592
61175,0.1771974842253553
61177,0.004459816490792827
61180,0.01877554829522363
61181,0.007966115843626484
61182,0.14348279180684753
61183,0.008833670368927307
61185,0.04082152842464874
61186,0.0029437757362243055
61187,0.014471704359595397
61188,0.004194991502110554
61190,0.009861612271909964
61191,0.005166576368247569
61192,0.004521048161458688
61194,0.009471479163026228
61195,0.005121177490590668
61196,0.007411588702132345
61198,0.0032256864391072637
61199,0.009250121940267584
61200,0.0030049812698923714
61202,0.015034327430213618
61204,0.003985359979600451
61205,0.08801908600755708
61207,0.006158449420689563
61208,0.00490641309565695
61210,0.003702454729373487
61213,0.006426294751596348
61216,0.05110756666292311
61221,0.09373393174235764
61222,0.005512889067742796
61223,0.0070040219401319645
61224,0.03709146698467618
61225,0.00657176778944226
61228,0.027047846030562185
61229,0.0029676072116623787
61230,0.03888100318594624
61232,0.03393354218811618
61234,0.03220881551756212
61235,0.04950492417119238
61236,0.0038540947881975304
61237,0.0036767825695104813
61239,0.004243435718502127
61241,0.01922932761938963
61242,0.005460260152488157
61244,0.005293205801267911
61245,0.009694771392698583
61247,0.020102263270375433
61248,0.04411419146311358
61251,0.003222060395733005
61252,0.007187155135023105
61253,0.00812169527501191
61257,0.003880158358529327
61258,0.07271963722145344
61259,0.04256445991913538
61262,0.010831973239513609
61263,0.01011866160697438
61265,0.0999489016924281
61266,0.040410275481615604
61268,0.003973040591846237
61270,0.04396613456211995
61271,0.08892908957034755
61272,0.015946806736345433
61274,0.007864676620322487
61276,0.019802831321748492
61277,0.0034683287360222103
61278,0.012500973706097016
61282,0.009442700240263922
61287,0.019234925567756612
61289,0.004270633193621407
61290,0.04313854745353794
61291,0.0049813050931419925
61293,0.15784449754546134
61294,0.005189081813734571
61296,0.12323400648926022
61297,0.006442290217205414
61298,0.011108353066423009
61299,0.022408118441796614
61300,0.009168723294692236
61301,0.008768949505028763
61304,0.04134913435411333
61305,0.00675263191370178
61306,0.0036743188754039184
61309,0.004829235082289422
61310,0.08561798822920069
61311,0.005502203258247315
61313,0.0033713694701178404
61314,0.003876543193432324
61315,0.16169537924684552
61316,0.009984750463469569
61317,0.01035235584424192
61326,0.018845248565466557
61327,0.02172544931871617
61332,0.0046689269764819555
61333,0.07717933911676962
61334,0.0034316447068253415
61335,0.01637941519587813
61338,0.01831014468362533
61339,0.01886928920851405
61341,0.0555402561863593
61344,0.023448287570133442
61345,0.04482564788727665
61347,0.003970250496685891
61348,0.020840045445584005
61352,0.131846380440757
61355,0.019444186851402118
61358,0.08197359782763056
61359,0.005578500087392697
61361,0.008444527426186368
61363,0.004127017849227112
61365,0.00449510623290308
61368,0.020471961788279352
61370,0.004307608428816564
61371,0.004579058719792107
61373,0.006417919318693293
61378,0.00378424483840236
61380,0.004764190863903613
61389,0.04423605924247397
61391,0.015085820508432152
61394,0.1472293549460134
61395,0.008784078746920804
61396,0.006890472848374155
61398,0.005773117508361603
61399,0.09165773477413082
61400,0.01826460664113494
61401,0.012014883662865088
61402,0.0683111815216785
61403,0.0035990001350541378
61408,0.01014540278329197
61409,0.028269943473705223
61412,0.005059180100718189
61415,0.11557190984377294
61416,0.013271309015529904
61421,0.18368255236920236
61422,0.1364580120379261
61427,0.056271773078142164
61431,0.0033003697571360306
61432,0.018483925571629242
61434,0.2486094931991985
61435,0.004605598341854807
61436,0.015483708728116339
61437,0.003007576357873888
61438,0.004332900311054091
61439,0.020488872606232972
61440,0.008665824691458828
61441,0.04569494506009686
61442,0.010614784894114606
61443,0.009906422593247706
61444,0.004300672936968715
61445,0.0037855129380784847
61446,0.02131614403302077
61450,0.008177115731929923
61451,0.008133997122213963
61454,0.006260683488142224
61455,0.009279135282171978
61456,0.01007722128261667
61461,0.08288841851467074
61462,0.030908091451096045
61464,0.018852145512888743
61465,0.014394891459566876
61466,0.10110800319150541
61468,0.018227336769554785
61469,0.004093089694492084
61470,0.029273369463400156
61471,0.020698875448977954
61474,0.0052854570521955625
61477,0.009440183616134896
61479,0.03711647853044888
61480,0.004495183723000042
61482,0.021358617259250746
61484,0.0038295941673689954
61489,0.046167217943452805
61491,0.23292889909604877
61495,0.007233145239062888
61497,0.015721891792518688
61498,0.21921669707868385
61499,0.024377468759029564
61500,0.026092726083828087
61502,0.006810587929684674
61504,0.20219086833201716
61506,0.0052620675005864564
61510,0.04336992310898405
61511,0.030666487958780814
61512,0.04769084339206034
61513,0.046433201734421184
61515,0.009378535487293413
61516,0.006843689950775155
61517,0.01027091291691269
61521,0.01575062101555478
61523,0.004745108199516106
61524,0.15971660420621747
61526,0.00501731548594386
61529,0.010241007942870247
61530,0.0030878975258267754
61531,0.0032840173807100314
61532,0.28752280390095175
61537,0.010923677959263432
61539,0.02556515387005475
61542,0.002938295992134989
61543,0.12319015328712886
61544,0.015704390872607322
61547,0.0038551431555739223
61549,0.022240352935922907
61554,0.00550790465509841
61556,0.008376971699595405
61558,0.047336089909357455
61563,0.010741227417599678
61565,0.025275366104124158
61567,0.00420584351017544
61569,0.16498460920929944
61573,0.006166343431641151
61576,0.00657041186575522
61577,0.004452345733608537
61580,0.0774562885074224
61581,0.016069066765197603
61584,0.009449888733441948
61586,0.05598615574014491
61588,0.003650272145055334
61590,0.034616941338936384
61591,0.0042468355847957474
61594,0.3558056088606651
61596,0.07443767366267062
61598,0.004100829007934966
61600,0.011196373851418863
61601,0.23674228236164954
61602,0.03658900700859234
61606,0.23130754969896075
61607,0.011179439739423081
61608,0.003538420868364924
61610,0.014131680513919961
61612,0.005676865102647817
61614,0.1684933904402724
61616,0.29907666271091166
61620,0.0028350619810428254
61622,0.24066985615321956
61623,0.0028814677071472027
61624,0.008985895852695958
61625,0.13537021030591678
61627,0.002887338427369215
61630,0.23162504047225807
61631,0.007390641269459744
61632,0.003984565489268191
61633,0.013858297715274102
61634,0.005473657287467798
61635,0.02289006494751467
61636,0.052887884495416454
61638,0.02405422338036559
61639,0.02644454491049012
61640,0.026092726083828087
61643,0.011949275158224339
61648,0.023524583238766723
61649,0.005149462938701002
61650,0.006577174823008373
61651,0.003723826073517656
61652,0.011642033936385434
61653,0.008080976705806757
61655,0.004802911981848992
61656,0.01046139422589364
61658,0.0056540080217909894
61660,0.029548771172946808
61661,0.00333816950943481
61662,0.007259746631160591
61665,0.004718063304205534
61666,0.009014210555905839
61667,0.1737120655242939
61668,0.002949813029426941
61670,0.003949991573139379
61675,0.012878537077657877
61677,0.022374779677413196
61680,0.19211507052282284
61683,0.011581128169486964
61684,0.024540826656865213
61687,0.20267001677743732
61688,0.004592560887282322
61689,0.2776772945083511
61692,0.02708226418793483
61693,0.10630122568164971
61694,0.003993549474394841
61698,0.026092726083828087
61699,0.008758621677326344
61705,0.01023500952234664
61706,0.0030298613867740876
61707,0.005329563256571117
61708,0.010732162452448615
61710,0.013011686406431574
61714,0.009658903806727381
61721,0.1702023705391186
61722,0.015196288367026923
61723,0.003551810477573466
61725,0.1682144227075928
61726,0.003016226389070318
61727,0.031047817013350663
61728,0.003576787833929551
61729,0.0038523027879939034
61730,0.003564545509251653
61731,0.00817284242286277
61735,0.04199774379607015
61736,0.13183629723157547
61738,0.003537967247314477
61740,0.009888845814930493
61742,0.014281924450867395
61743,0.029286691680318413
61746,0.011480712382011071
61750,0.04715874891053862
61751,0.008433623863795975
61753,0.002891051153626386
61754,0.003470922073732485
61758,0.003310880889708867
61760,0.006970289548646671
61761,0.01446722353847614
61765,0.02773980925193007
61770,0.005323361766593754
61773,0.02030604050222829
61774,0.0126367846808056
61778,0.004226442569844046
61779,0.014703092821014169
61780,0.017303690281540243
61781,0.0032402829234557773
61782,0.0033958174589629603
61784,0.004995871577950719
61785,0.03496704452814991
61786,0.03978184197245144
61789,0.013387203577181324
61790,0.013158480990960904
61793,0.0036448137588919256
61794,0.008782646434595982
61797,0.045462296135593175
61798,0.0035730679345450027
61799,0.01074002950668673
61800,0.0064944026985532515
61804,0.004002485557124246
61806,0.026092726083828087
61808,0.20705526216869338
61809,0.004792030595033615
61811,0.004338956697018519
61812,0.19166200429530608
61813,0.009845359391092172
61815,0.020677161803649934
61816,0.007607165553104513
61819,0.050218899333544016
61824,0.08332832105926463
61825,0.07811968003603308
61829,0.01009259561402067
61830,0.008914447332778026
61831,0.005604595105102211
61833,0.004303529965603935
61834,0.04199774379607015
61839,0.013703881893866584
61842,0.0870834363406079
61845,0.0859785639455241
61847,0.006444726673971609
61849,0.0030427002386309555
61850,0.03452173673016224
61852,0.004325356622928774
61853,0.010929042210666897
61854,0.020649465278933365
61856,0.0053142126705434485
61857,0.02942749868691184
61858,0.0030006813136155296
61860,0.026092726083828087
61863,0.056435911835522115
61868,0.05374946872434121
61870,0.003814250414909577
61872,0.008181659041635382
61876,0.010536127072016729
61878,0.0032163960791928496
61879,0.013376626578685822
61882,0.00298502699699063
61883,0.004222773384778981
61886,0.0036652658665015125
61889,0.003361196815734368
61890,0.0029798383531746044
61891,0.011749070261732535
61894,0.09189361749731632
61897,0.09510359692985938
61898,0.011318918823999907
61899,0.01100333574566616
61900,0.03303680760382221
61902,0.004140837834743427
61903,0.020622591777053677
61904,0.004452900591478895
61905,0.00872648412613297
61906,0.23170835280718163
61909,0.006132457171781915
61912,0.026092726083828087
61913,0.011724282600606567
61916,0.022238586774673445
61917,0.005489880609878909
61920,0.041107970116432434
61921,0.00466480496300857
61924,0.07764252608968104
61925,0.17364165507133458
61927,0.051127653847198265
61930,0.003303096574285235
61931,0.037931273629391325
61932,0.011942567390123102
61935,0.006819528877120809
61936,0.005469129061259834
61937,0.007272681475616627
61938,0.04383437587206132
61939,0.09660922648514386
61940,0.0036660886198876088
61942,0.07853234915224963
61944,0.003927660056038111
61945,0.09018573994081565
61947,0.003849940974877773
61948,0.036840385490603575
61949,0.0047935012231098435
61950,0.013866742756475472
61957,0.015179066630867107
61959,0.004617315021786527
61966,0.0031372255985929274
61969,0.01589709620551159
61970,0.05080928872030165
61971,0.13764392323221
61972,0.003975968460002913
61975,0.003193652515038648
61976,0.029988971910692375
61977,0.0034908751626532095
61978,0.003290275167391722
61979,0.007652017527694086
61980,0.006730226382205588
61981,0.04571168701498092
61982,0.1627654984806502
61985,0.0260027516176303
61986,0.013619629176374647
61990,0.008571144997840908
61991,0.07067774115473982
61992,0.04763751452359792
61994,0.02728275903018125
61996,0.10439006439177467
61997,0.0037756021988864627
61998,0.004555321563744646
61999,0.014393792227418475
62002,0.023049819796159273
62003,0.003322832885461797
62004,0.009630415036791311
62005,0.23317994523986665
62007,0.004080743191708528
62008,0.034673662915653485
62009,0.003636045261407292
62010,0.0056969137306602064
62012,0.04063518926847481
62013,0.18693545278726778
62016,0.0031466603475361803
62017,0.10248449836724147
62020,0.025059911761228716
62026,0.21793441644429856
62028,0.006515697497858668
62035,0.009069562395061093
62037,0.0033576573295216005
62039,0.003007171439171829
62042,0.0036212431548646624
62043,0.0028278665859698643
62047,0.00935610784240691
62048,0.00783588672765047
62051,0.026092726083828087
62052,0.029841334982226325
62053,0.003247652671530971
62054,0.013131459206029976
62056,0.05235101887600015
62057,0.00549188401043594
62059,0.04662868539897366
62060,0.011730436730716632
62061,0.10886218293704814
62062,0.014673627120763564
62063,0.004657233187629016
62070,0.009231381068669532
62071,0.031937571891728946
62073,0.004053089134411479
62074,0.19527076637220991
62075,0.0036669832858133656
62076,0.00722515433818617
62085,0.04535773050239808
62087,0.04311108634372948
62088,0.017415678550906612
62089,0.08792459963441954
62090,0.014630762409735614
62091,0.017917771586509132
62092,0.18693545278726778
62094,0.19368076543706933
62095,0.02960596243681286
62097,0.014293516723930734
62099,0.005529076683237499
62100,0.03400275032448536
62101,0.0611495697379999
62103,0.004451288334552197
62106,0.08386457552789128
62108,0.003398928750755098
62113,0.05423147236027609
62114,0.07327801376432543
62115,0.01021406136438141
62116,0.06220578758004598
62118,0.0040075405576877965
62119,0.014552794112125605
62120,0.21874673900332328
62121,0.0036783857523840437
62123,0.07056261531114162
62127,0.003286920835311467
62130,0.014665218249147701
62133,0.07127859706320924
62136,0.00876775494101711
62138,0.013564030308448943
62140,0.0035902900205992193
62141,0.0132510366892998
62142,0.01624666105080916
62143,0.01460112030203064
62147,0.003453912324791331
62148,0.0030174943764672947
62149,0.01532141498606346
62150,0.005113288343395176
62151,0.005408754883772844
62153,0.031033456355248373
62154,0.004357456584669373
62157,0.16949081245889425
62158,0.06360765681463489
62159,0.003295684947479195
62160,0.014240141625374129
62164,0.004578920437791419
62165,0.006706436676275696
62166,0.0036162955877951223
62167,0.09629743640967431
62168,0.07874114961723855
62170,0.05402727667161043
62175,0.0037409934189737578
62177,0.004272833542727641
62185,0.004426669299877466
62186,0.006377437359501894
62188,0.003711738592848476
62189,0.006780587671360342
62190,0.0057918860045045465
62191,0.007398480936815991
62195,0.002888935670719732
62196,0.024873771456127607
62197,0.01698120819246899
62199,0.0028530351137174043
62202,0.0037106183437757524
62203,0.004409523271661657
62204,0.018248819271254418
62207,0.007362830086093205
62210,0.07229613844281134
62211,0.017117619817503746
62212,0.17427423187094823
62213,0.016070777308783493
62216,0.060015042007964786
62217,0.0039571985953900735
62218,0.05282476480083523
62220,0.005450523169616506
62221,0.0039381721930749035
62222,0.19636696009444404
62223,0.00502263685111668
62225,0.005768324735241472
62226,0.2952154577174944
62228,0.013998062193455906
62229,0.010321611821954936
62232,0.0061351202506238125
62234,0.031079770016369652
62244,0.012487137906084581
62246,0.05830178890390726
62248,0.0034866641634645353
62249,0.00358360947497262
62253,0.24871535383270457
62254,0.004344395649564777
62255,0.021572761226497275
62259,0.003594665922810658
62263,0.006670926159422623
62264,0.030946961770645508
62265,0.05236529046787427
62266,0.032434823101246846
62267,0.003801928936529607
62268,0.026092726083828087
62269,0.015692821675407025
62273,0.008523820626083693
62274,0.015434256044524072
62277,0.026092726083828087
62278,0.17740646584433298
62282,0.0172374053152721
62284,0.004688617088819995
62285,0.007398642099602803
62286,0.004733221218166378
62289,0.10448524554149849
62290,0.07393249270650595
62293,0.0030651876351722785
62294,0.013595950104724214
62295,0.0036717204802155456
62297,0.01413210270225635
62300,0.03348069788264416
62302,0.026773576102449532
62303,0.014127917078022235
62304,0.054708306746346774
62305,0.011846280959276314
62307,0.035686855815568304
62308,0.0033925297665465064
62309,0.20591590005811233
62310,0.20526444751800782
62311,0.010083213882043751
62313,0.005960801482495961
62315,0.07610486417025088
62316,0.06094466857828615
62319,0.007006546534781459
62323,0.0036698790789141994
62324,0.015244679658988524
62329,0.16862299423166655
62332,0.04530156555519775
62333,0.028437967198255882
62334,0.022083191982097312
62335,0.08004392461327059
62337,0.0037617906465759543
62339,0.06279687917485215
62340,0.0030112269435542587
62341,0.0029352035219252642
62342,0.010131730886777037
62343,0.003338199199860394
62344,0.07154987625563114
62345,0.03201560710499464
62347,0.07984771644472545
62349,0.062112543462306
62350,0.14640436392261344
62354,0.07862304922126778
62357,0.0028394538655596505
62360,0.04026251234296517
62364,0.24317566109930386
62365,0.038220777288289744
62366,0.0033166710458559525
62369,0.16714477784917908
62370,0.006730636342629099
62375,0.0038755360381703377
62376,0.004961597136603419
62377,0.02115874503823348
62378,0.003453907621900772
62379,0.010085839549645911
62381,0.046772760096445556
62382,0.2209732050762011
62383,0.033171963462589875
62384,0.005125406346411684
62386,0.029427618002880483
62387,0.017711778694287597
62390,0.019685351365024355
62395,0.018725191319781315
62396,0.003952498506514703
62398,0.004547172659538599
62401,0.12387695224744916
62402,0.06079363815459088
62404,0.004341755596754513
62405,0.004105353537028513
62415,0.006353655572713118
62417,0.006998526102757093
62418,0.011239559182157157
62419,0.00444284780896321
62420,0.08658418711449176
62422,0.015548446902369744
62423,0.0045891980544761025
62424,0.19874084765749914
62426,0.14071687166531605
62427,0.005722175126395733
62429,0.04129826487520374
62430,0.22123906800447476
62431,0.052324210369775824
62433,0.004149788724178632
62435,0.010017769044691779
62438,0.07309778128420628
62442,0.15059190274940282
62446,0.04571000780760859
62448,0.003981613412165069
62449,0.01489594808507086
62450,0.00443950528990166
62451,0.004012226806196584
62453,0.027390209560318315
62456,0.22293640203677614
62457,0.005998880904870965
62458,0.022113065382646083
62459,0.04007806047512913
62461,0.004599664878563436
62463,0.011024416365929978
62464,0.021124133726525305
62465,0.003818879646536852
62469,0.2724691320770055
62470,0.07736548437118196
62472,0.002928902542144826
62479,0.015605548638659499
62481,0.10377998334359236
62483,0.005219194228653735
62484,0.017811399089117743
62485,0.010170989958829313
62488,0.06816131748711057
62490,0.025753293239189762
62491,0.06642335138402633
62494,0.003576784437930482
62495,0.005063741288442958
62498,0.00932474907162023
62500,0.0037411798711166192
62501,0.03540498802348187
62504,0.013240278043611069
62505,0.02547391044724445
62506,0.018674764772790165
62507,0.01278416807600748
62509,0.004189081346018057
62511,0.004363260903027914
62512,0.007607390849907285
62515,0.008542064517138341
62518,0.008352524817243292
62519,0.0038300238517994314
62523,0.03022802030507876
62526,0.01055431880695953
62529,0.13804544630543464
62531,0.005036781332433458
62532,0.006011336234210793
62533,0.2538667996223149
62535,0.004112500449126826
62537,0.017732365485056755
62538,0.02150464086581508
62540,0.002901596331145571
62541,0.10558217442772434
62542,0.012020614024605608
62544,0.024069986987658717
62547,0.003889681462206496
62553,0.10795927161055528
62555,0.0262660999535793
62556,0.01142713050307228
62557,0.05210588470972852
62561,0.012116894473090457
62563,0.04091319998967156
62565,0.012199919955398578
62568,0.009632579620894366
62569,0.015940068066577898
62570,0.007798596854556298
62578,0.0066424319098951174
62581,0.004751527659558788
62582,0.02965009503723761
62583,0.003572777844132142
62584,0.0029469875084806095
62585,0.016056226008263175
62586,0.04751927628687299
62587,0.017673410728565687
62588,0.0036031735354483
62589,0.23760567691022977
62590,0.003479528803045905
62591,0.01695630496745946
62593,0.1858957337477867
62594,0.003568863517117507
62596,0.012804916887275298
62597,0.0093880282544117
62598,0.0037966418887661847
62600,0.025040978936628492
62601,0.0038979883431824727
62604,0.009454728452633225
62605,0.006010253610025015
62606,0.11813347132877156
62607,0.011531179169485919
62609,0.030748785120865995
62610,0.011430550427916016
62611,0.051788536585512815
62612,0.03846833495729263
62617,0.054297287087797116
62618,0.00465944194932043
62621,0.006962580473196188
62622,0.0038405218809675185
62626,0.005061582505063414
62627,0.2216638964206353
62631,0.012084659148068182
62633,0.0029648561834463836
62635,0.0034284984151816875
62636,0.0035503178452780267
62637,0.0239229334618082
62638,0.021527180357666445
62642,0.0040667701791403145
62643,0.004273202270964281
62644,0.1927690164286643
62645,0.0039480491217136265
62647,0.002884158869825211
62648,0.014630660426918723
62651,0.008411145565412418
62653,0.0038909731853102964
62654,0.0032544871468839684
62655,0.004759360260362249
62656,0.018533779521608194
62658,0.0035985540118808556
62662,0.061765171093368224
62666,0.011858757103389362
62669,0.005194888996256452
62672,0.011721534893946048
62674,0.013396219900694655
62675,0.10776732032672301
62678,0.0033084554485655142
62680,0.010506098588612305
62683,0.26614462093092744
62686,0.004560090972783604
62687,0.07420149722696859
62688,0.0909369993714652
62689,0.005402918529502775
62690,0.1539396823653719
62691,0.01606057819891787
62693,0.006915757881445186
62694,0.02030811092478074
62696,0.00427007246932952
62698,0.257349241432383
62699,0.24962987195881645
62700,0.0029213776432421355
62701,0.010122831821413542
62702,0.018039734820203462
62704,0.15652990544860126
62705,0.0032158738313836158
62706,0.011633571098229163
62707,0.08070565212458487
62708,0.005106804647970308
62709,0.004449942737137364
62711,0.006123591463979741
62715,0.007040633118821941
62720,0.0036610096561983324
62721,0.003505286413338008
62723,0.00353442183851516
62725,0.005192456723251062
62726,0.006998923565362942
62727,0.07849664102565135
62729,0.22376226964323817
62733,0.01757217126877784
62734,0.004890793695806859
62741,0.004820531475385076
62742,0.06064148527176983
62745,0.032586338313689095
62746,0.00930798477979506
62749,0.006092098150067411
62753,0.0035236315726540996
62754,0.006011552838846319
62755,0.03336452467684507
62757,0.018137778860638866
62760,0.005960985673029916
62761,0.041748865924569036
62764,0.09693351743915096
62769,0.003601702836481519
62776,0.003165984846251607
62777,0.008320089054257499
62779,0.009278822676401293
62781,0.02080115472173942
62782,0.015314105845704251
62783,0.06708812718448648
62784,0.04950598476569411
62785,0.21771003942714737
62787,0.028379371888414082
62789,0.013973741149251567
62794,0.002961517306645119
62796,0.007097740282294511
62797,0.0032049799394768606
62801,0.06642507605695468
62803,0.0034365782312722796
62804,0.002863770312089677
62807,0.026092726083828087
62808,0.011317074418165478
62810,0.00887267110390013
62811,0.02118158344896603
62815,0.1541694407700259
62816,0.0052764732172768366
62820,0.03310469336113689
62821,0.022590288594021228
62822,0.010146600526767253
62823,0.004889044347487129
62824,0.004260979926657863
62826,0.004484353716581866
62827,0.0036038427033457244
62832,0.0033573309025825573
62833,0.005292961187897735
62834,0.016572705323030058
62838,0.0035476188362919383
62839,0.01755817116037206
62840,0.03096225901173582
62841,0.00405853552760872
62844,0.12360657887185911
62845,0.025040978936628492
62848,0.010311181528275428
62849,0.07400826111485022
62851,0.19908738392831743
62852,0.22440344353418565
62854,0.019169085270351983
62856,0.0075773649846611795
62859,0.0031389495879366887
62862,0.013908557751524114
62864,0.01932135766632531
62865,0.002998761413489464
62871,0.024207777863372505
62872,0.2283844154907327
62873,0.24177039947317677
62876,0.008189542720283416
62877,0.010177894449987073
62880,0.018122372348318257
62882,0.025040978936628492
62883,0.10227534681736287
62885,0.011871762373099884
62888,0.17364165507133458
62890,0.011897311798616163
62893,0.0042094204058988165
62895,0.014019067123101586
62902,0.19874084765749914
62906,0.021357263685056593
62907,0.005936080663666146
62908,0.0029637146417650934
62909,0.014802092918643876
62910,0.1055233309637095
62912,0.05095953362102908
62913,0.03715294898756286
62915,0.19541955160547106
62918,0.00355607082278241
62920,0.030670377073408712
62921,0.19686680071885393
62926,0.016768102094012922
62928,0.0031142362639663243
62932,0.025040978936628492
62934,0.10262187290429797
62938,0.0031216904836722493
62940,0.003731618168376756
62943,0.018178194408367623
62944,0.005119241667660132
62946,0.011501892839892294
62947,0.08717126310363923
62948,0.014691125507062053
62949,0.004312925419515673
62953,0.0034721628374309753
62954,0.07376253840709718
62956,0.0035237137172774123
62958,0.0038695399289259487
62961,0.006655987216818664
62962,0.009451583585760455
62964,0.01673797391426819
62966,0.009247165110018744
62968,0.006983270074412855
62969,0.0035964472762742695
62970,0.0046493648910934104
62972,0.010248105972234862
62973,0.04338051192124126
62974,0.03616030536897167
62975,0.038623273823811165
62979,0.01094154981609672
62981,0.09547299536673001
62985,0.004120054386762526
62988,0.007089810581466541
62990,0.05658417066124282
62992,0.014706660558601271
62993,0.02585112498545671
62995,0.0028580978376849878
62997,0.006476561472850821
62998,0.03177127023099827
63001,0.014161151896083976
63002,0.012499517184907284
63003,0.01122383488193383
63004,0.0038134499326104806
63005,0.007904007859239375
63007,0.018550385072872943
63008,0.00394003946748587
63012,0.17171029974177057
63020,0.2646100406739467
63021,0.00302146979272033
63023,0.30824973108915305
63025,0.008540368908943956
63028,0.008392148551137835
63030,0.031200722439960138
63034,0.004139138296350708
63039,0.0039495866190197276
63040,0.0038662748011550237
63041,0.0037136258576763092
63042,0.003615954134313045
63043,0.004049834815463464
63045,0.04463755748259015
63047,0.00618776807899378
63049,0.01501647002981068
63051,0.04672584681362334
63055,0.17171029974177057
63056,0.0040554508061054345
63057,0.2392440355469655
63060,0.01520740097143855
63063,0.004268048099757159
63064,0.0037987176207849535
63065,0.016272846336117728
63067,0.1940735937554035
63068,0.009860734973739727
63069,0.0035979555376287214
63070,0.036152247031362286
63071,0.004286989825986813
63072,0.004685563352172108
63076,0.11374151431730888
63077,0.04276582193239759
63080,0.003593458431481192
63082,0.04733525455925349
63084,0.058648007443074135
63085,0.0266193142548975
63086,0.025040978936628492
63088,0.03538822715199945
63091,0.0031187153805223005
63092,0.0032397757021843665
63093,0.22179137601132476
63094,0.05762155938963709
63096,0.0032580999624249015
63097,0.005435969938090124
63100,0.011363324974457249
63103,0.03535302835494382
63105,0.038946996375204275
63106,0.0038629766647045463
63110,0.031242572765851264
63111,0.06228879318938937
63113,0.23396955603928943
63115,0.007931126779381783
63118,0.026092726083828087
63119,0.004155598703613547
63121,0.025040978936628492
63127,0.027944005337738352
63130,0.009305433911238574
63131,0.018389859895614126
63132,0.06702610682667041
63133,0.007561802742043104
63134,0.22829403042728247
63138,0.006918181599372985
63142,0.06941896186533895
63145,0.003997346579758941
63147,0.007467333085467464
63151,0.016489817035751544
63153,0.0122545795317914
63158,0.00341333380632438
63160,0.014376476323809097
63162,0.010813470942727029
63163,0.014604475321774814
63165,0.12920919679471718
63166,0.0034799446649881323
63167,0.006667142936148083
63170,0.0038321726057672497
63172,0.029581462664979827
63173,0.004094756411866201
63176,0.0077932969155341284
63177,0.21581297212262773
63182,0.008667404543946234
63187,0.03384641233029164
63190,0.012671470579177734
63193,0.03839972402217614
63195,0.034323335097868814
63197,0.16378621126913445
63200,0.003803795949603745
63202,0.05839327046320404
63203,0.006537847609969136
63206,0.02043265775615105
63209,0.08696590283280288
63212,0.006950397358567372
63213,0.19789523176751814
63214,0.0029097334900629736
63215,0.006855253865225491
63217,0.017524022566924945
63220,0.07608178333954317
63221,0.051057153451825585
63226,0.025579912361176
63227,0.027625959961074812
63232,0.003528172094360391
63233,0.017409072418687343
63234,0.0034391126141536986
63237,0.19648132376964186
63241,0.07705863990556172
63243,0.10896091383459129
63244,0.006129039777848332
63251,0.0033948850755309698
63254,0.007103436251556179
63256,0.012646549611258334
63257,0.0038375348737164357
63258,0.004504563266005864
63265,0.030660541835900536
63271,0.22822814269169675
63272,0.043459740379468106
63273,0.03415950918150568
63275,0.0030901654164900783
63277,0.010131730886777037
63279,0.003152338641984381
63280,0.006117524509696102
63283,0.0036066582221423843
63285,0.17963454978418628
63286,0.26480117201162334
63287,0.011783554324282748
63288,0.011043446047090308
63290,0.03585938674015922
63292,0.003001099568131345
63293,0.013824751759704369
63294,0.003822529530334657
63295,0.021404653833139567
63296,0.1213966251425489
63300,0.006322837408485887
63302,0.009284485538226372
63303,0.009552898706119094
63309,0.004221972606637475
63310,0.018495501605059295
63312,0.01679053172366362
63313,0.00298744146564778
63314,0.004631938418247098
63315,0.024357581727901617
63316,0.00428848883334758
63321,0.008768305677428192
63326,0.005251238643765094
63327,0.012737966633083965
63328,0.004591734107280412
63330,0.003926522673260942
63333,0.01079685670294543
63334,0.026092726083828087
63335,0.007021735404233259
63338,0.12654142091648252
63339,0.007093068961423657
63341,0.01703729240716005
63344,0.004332763624681325
63346,0.003985697941673004
63348,0.01427591234525596
63352,0.02327496847537104
63354,0.2165485163041543
63355,0.02070150858976574
63357,0.01857333525176961
63362,0.022080929834908825
63366,0.005022731194524794
63367,0.010843678071489934
63368,0.033748729738632265
63369,0.0801481724424713
63371,0.03737247367664789
63374,0.003840366991281631
63375,0.022817988433982427
63376,0.086888123553039
63378,0.003774861398059614
63379,0.22006074183687901
63384,0.03454506665888447
63386,0.19527076637220991
63387,0.046588751042357136
63390,0.0038713266564681754
63392,0.003502350922728839
63393,0.005617819576513827
63396,0.007213327218443508
63398,0.06842987833413755
63400,0.003707219632237739
63403,0.004055265956717363
63404,0.20631513825833972
63408,0.0033115653618877197
63411,0.005109770998008094
63412,0.0038550403470936014
63413,0.011947585665455389
63415,0.0034400178311340384
63416,0.0033214109217002386
63418,0.008302289471261824
63420,0.003446918139708038
63422,0.042745045371093644
63423,0.012363202230435518
63424,0.006108900443713717
63426,0.003056422148863073
63427,0.011150452634523586
63429,0.003317657288836929
63432,0.013279874421318455
63434,0.005539459151518203
63435,0.2367966091991645
63436,0.06193233791489946
63439,0.006812305711040456
63442,0.07526178039533421
63444,0.004038388631164197
63445,0.03266292550879953
63448,0.026092726083828087
63451,0.0031471958512573803
63453,0.08539845221697807
63454,0.07601448858375366
63455,0.014430163641200696
63456,0.006670753828011595
63458,0.01177109409308418
63459,0.006552455235752386
63460,0.010463755526522279
63461,0.007942816431143135
63462,0.003552010006064893
63464,0.029427901785109133
63468,0.16926478194836145
63470,0.008542944422762322
63474,0.02858126256625072
63477,0.040559534463795614
63482,0.008477361748759727
63483,0.11580888130934343
63484,0.0032506847570417346
63486,0.01749274157478687
63488,0.00555791382834633
63489,0.007016115906535304
63493,0.0038090357931256026
63496,0.01074651859637412
63498,0.016045988644185993
63505,0.045726524940616214
63506,0.09064598898116467
63510,0.004123793209891945
63513,0.007052851069452357
63515,0.08169480512484693
63519,0.05235628982143116
63521,0.008326804918248687
63522,0.008781727463354285
63523,0.07161434537863917
63524,0.004050228492127665
63527,0.007626576351256841
63529,0.003967870401834885
63530,0.007396494431400068
63535,0.007658286258955786
63537,0.004445583813962849
63538,0.008504764147296315
63541,0.003950780574264339
63543,0.06480980445852869
63546,0.004952640200573814
63547,0.014822218903363158
63548,0.015338215687148622
63549,0.14211461936455153
63550,0.019197302978561235
63551,0.019212726425594042
63552,0.006174451997182773
63559,0.004520495042108731
63562,0.07829271389019947
63564,0.007160241519457606
63566,0.058575739715891174
63568,0.0814326562411487
63569,0.003917793783167782
63571,0.03138893204265666
63572,0.011021997223734521
63577,0.006567117382279576
63578,0.013538933351124065
63580,0.02473369421609089
63582,0.19648132376964186
63584,0.15367539992986948
63587,0.021077810471479566
63588,0.004098514758999704
63594,0.00473563842748842
63596,0.026092726083828087
63597,0.17626771250367568
63600,0.008095860469942555
63601,0.20074219114087594
63602,0.012574706925098225
63603,0.003786818176220031
63604,0.027466950111224124
63606,0.011643745855023264
63607,0.10430290444620938
63610,0.08301459138764238
63613,0.007939113975234715
63614,0.003812641727163487
63619,0.10844704962367
63621,0.02659888622114587
63622,0.004091765143136327
63623,0.07913852838631467
63624,0.0033676300901644275
63625,0.004348594065518541
63626,0.14987107850488907
63630,0.006688178876007325
63631,0.02338919946419671
63634,0.03015336175871451
63638,0.010997013440966432
63639,0.016000223954031622
63641,0.24020325162823847
63644,0.00488029811765784
63647,0.010145342225768655
63649,0.010814616788190259
63650,0.09992296431271223
63652,0.15241763000473765
63654,0.07938796436103682
63655,0.02923311026450272
63657,0.03878181716929809
63658,0.03461978703813866
63662,0.04367553463850046
63663,0.04411098445905635
63665,0.08524098037691011
63667,0.00441723608120644
63668,0.005087907284249761
63669,0.052903648146094745
63670,0.014965286023178561
63672,0.009396445577538394
63673,0.004749483080089716
63674,0.16655583685866218
63675,0.02911426462246325
63676,0.031041369904059323
63678,0.004219034002979136
63679,0.007983053516249753
63680,0.054099238779292576
63682,0.02999986451855619
63688,0.01560017221368903
63689,0.014842149875008911
63690,0.05643211587862067
63691,0.03855506748999293
63692,0.0035952169715094476
63693,0.003613706772201581
63694,0.05075358988456809
63696,0.00603489890855516
63697,0.0849700947091935
63700,0.003518618610321365
63702,0.0039835034285284334
63703,0.0031069251211438406
63706,0.012344226819663226
63711,0.01608906080635862
63712,0.0029856855993542412
63719,0.03960422252985381
63721,0.00467335030932025
63722,0.09395074901765621
63724,0.003712356929728943
63726,0.004790500973025876
63727,0.006078668790846545
63728,0.22242460699427738
63731,0.03469728831598124
63732,0.22789454814073656
63733,0.003746223683342681
63734,0.02347622390673314
63736,0.003956819058675693
63737,0.005759325386112802
63738,0.006169316927661613
63742,0.0644188647657012
63743,0.010223286541557386
63744,0.0033591160572870224
63745,0.003184029397160573
63747,0.0031758125973370545
63748,0.004103287740297117
63753,0.06227243516805422
63755,0.2227817084269156
63757,0.04333101611192077
63759,0.05067933033847264
63760,0.04163243120279132
63761,0.0070347268964995515
63763,0.18826766870006734
63764,0.03325852531558593
63765,0.0037830143081182864
63766,0.05279569325514709
63768,0.037694127585162926
63770,0.00621034163368842
63773,0.034584016638245646
63774,0.044960313773987806
63776,0.021723806395214148
63781,0.03732662616840805
63783,0.2005732993591157
63787,0.005756621860710564
63789,0.013880754643343042
63791,0.00921626808286516
63795,0.026092726083828087
63796,0.004854619125710788
63797,0.0036671064387785775
63798,0.006383266334650774
63799,0.21874538675129693
63800,0.0181076137425692
63803,0.0045668283196381556
63805,0.19578665393226716
63806,0.004047231646720576
63807,0.03391582379047942
63808,0.06514119911424361
63809,0.06185847632066728
63812,0.0081485989457644
63813,0.004424835262524456
63815,0.015326047957398036
63817,0.01849688540637806
63822,0.004580233877226648
63828,0.005371408845901577
63831,0.03709713538865622
63833,0.029186125761756065
63836,0.010082069506666524
63837,0.0037831680205987015
63838,0.04142858383476706
63840,0.06394413726658023
63841,0.02208218201205239
63842,0.014938024189888887
63843,0.01143024884246727
63844,0.007918374833300622
63846,0.026092726083828087
63847,0.009228902530156548
63848,0.019653279574137705
63851,0.021569374183500526
63856,0.011890696203159282
63858,0.03216074029512816
63862,0.01024862644915925
63863,0.014996577453524222
63864,0.20825303922147848
63867,0.035647051229150725
63868,0.0036672664380245873
63872,0.005241269051120163
63873,0.003552133454358845
63874,0.0035204293790565442
63876,0.2386429209063704
63878,0.12467265593764357
63880,0.27460612817021113
63881,0.2165854092680534
63882,0.08715644623920243
63884,0.011310422589951687
63885,0.02584178384967321
63887,0.009795069860684446
63890,0.009926240569637031
63892,0.030599438789373004
63893,0.23210100692839364
63894,0.014903182198891076
63895,0.006101101648073965
63897,0.005482154429111693
63899,0.013376692044857336
63900,0.003662547646190657
63901,0.0069657977429061334
63902,0.009419177636060632
63905,0.013057608913369524
63907,0.011082421263566032
63910,0.004763283751120799
63911,0.0966117525335822
63912,0.006784079553545057
63914,0.027499565547394928
63915,0.21641529942441773
63916,0.002942314416911549
63917,0.010196843351935212
63922,0.0036255677468152313
63924,0.011855200697374977
63927,0.004048535461476144
63928,0.004710830261435431
63929,0.07436426070722385
63932,0.0032233595689699214
63933,0.013762132716279848
63935,0.004197094536749772
63936,0.00712581289677138
63937,0.08100055417798328
63938,0.003367868888787111
63941,0.18533153130682384
63944,0.036781440260411746
63945,0.004240838894176484
63947,0.00521970255176951
63948,0.049866519764408666
63950,0.09330725415526503
63951,0.08715061771181783
63956,0.04862281608520863
63957,0.003725880512131504
63959,0.003986812899841465
63960,0.026026913843315208
63961,0.006628337896125937
63963,0.110571918933946
63964,0.009516068205507024
63969,0.008019936514169726
63971,0.016992904935122892
63972,0.11335546657251538
63973,0.006740424602926909
63974,0.11510916919407543
63976,0.05286281319191534
63977,0.0037066308068231784
63979,0.00738251535717816
63980,0.20056653497431193
63986,0.044393517464609136
63991,0.05788157283028397
63998,0.005932301716188666
63999,0.06404812877840385
64000,0.04968678784326935
64005,0.23538446237082666
64011,0.00465354120030817
64014,0.03711821250289376
64018,0.003431627945303288
64020,0.04538477233355196
64022,0.003523587947976624
64025,0.03622958672515025
64027,0.004702305219513019
64029,0.2541944115521241
64030,0.0028104285752677343
64033,0.004985902393666936
64034,0.023845647780718293
64037,0.00877783313716114
64038,0.004011424947233724
64043,0.05488347407471305
64045,0.05199177493353736
64046,0.166272754326326
64047,0.0037838171592624683
64048,0.04010729882525402
64049,0.006046022948826567
64051,0.008933830407369935
64057,0.0096260125280186
64058,0.004179642213998842
64059,0.04934523482316468
64061,0.005261793412525444
64062,0.005303545280599879
64067,0.1661347614530185
64070,0.0032492255227672723
64073,0.02677445728329428
64075,0.04284844142684608
64079,0.05132970427251969
64080,0.03310955949550793
64081,0.056370055163774656
64082,0.03925560979076406
64084,0.012957797947499615
64085,0.0041176453478723625
64086,0.034673662915653485
64087,0.2410175343749571
64088,0.026092726083828087
64093,0.2283128459024619
64098,0.019649120582288335
64099,0.19318117541928845
64100,0.022676586801398016
64101,0.0031963133352216856
64103,0.003711620002596354
64104,0.004082805326730197
64107,0.0029673397543668067
64108,0.004765905203512512
64110,0.1960171085525207
64115,0.00941974836352599
64117,0.004031762155298467
64119,0.07452507196958648
64121,0.0030179805870518307
64123,0.0031303668125811134
64124,0.0038499895158992953
64126,0.004062696030612582
64128,0.0038927628972187395
64129,0.031104037228291304
64130,0.11142598619497161
64133,0.003151016841475223
64135,0.011859625807641057
64137,0.008707747791091262
64139,0.03098647336980752
64140,0.004643773699215164
64141,0.02967779428719859
64145,0.004090735586163338
64147,0.0032060662467374504
64148,0.010051940477479199
64156,0.0031706804551363725
64157,0.016891507940692104
64163,0.003033256202343646
64164,0.04401433765998338
64165,0.006616386123944076
64167,0.04845211779719715
64170,0.009196519010767578
64173,0.11600748684291638
64176,0.07312744276486804
64180,0.002941924092898803
64182,0.0031019452908485
64184,0.05793981663443319
64185,0.18892650820393034
64186,0.0037215504398666636
64189,0.007435623657691194
64190,0.002896437980270805
64193,0.06386555255119318
64194,0.0032563981561979506
64196,0.012727415277711965
64197,0.004455210675981075
64198,0.03153751953213335
64200,0.003911566811359441
64201,0.01324600770765224
64203,0.04199774379607015
64208,0.0839878190685906
64210,0.023011384573629508
64212,0.046876645718687444
64213,0.1035247797292855
64216,0.011757279395733658
64218,0.08761189058395114
64219,0.09093069698952559
64220,0.0036988712640127885
64223,0.028874215887466238
64224,0.042859301900180356
64225,0.002863547574899172
64226,0.0040861059599691055
64227,0.0036511015006330905
64229,0.0195465902589003
64230,0.1783751420792533
64231,0.0072688470132283335
64235,0.0036753856403175834
64236,0.05446062658734383
64237,0.0032921783625397814
64239,0.03341167954281824
64242,0.022497412255487893
64243,0.016187380079045282
64245,0.0037415302193839904
64246,0.017706412356377512
64247,0.02118348181043599
64250,0.07626477537234796
64255,0.008323108876195652
64256,0.04538925219501548
64259,0.021010639646018427
64260,0.0035185287842278362
64262,0.0036873404802184734
64264,0.1564066257894443
64265,0.23236578840810238
64266,0.0033478407347427
64267,0.003873677612254288
64270,0.20289956395390973
64271,0.0032439950844582706
64272,0.004294950731733915
64273,0.005055254798092878
64285,0.0056859810987674566
64287,0.0034533514323385433
64289,0.00491024162456121
64292,0.08718793699743806
64295,0.03140925125115572
64296,0.17964131770223565
64297,0.010668385022221501
64298,0.17171029974177057
64300,0.005458397277073691
64302,0.0040134353743637285
64303,0.02412796548737231
64308,0.00927082960162005
64309,0.00510295871320409
64312,0.4115235234095352
64314,0.010219048642033914
64317,0.00864747278144404
64319,0.015141846321533444
64321,0.009823100165943443
64322,0.0030351843475617695
64323,0.011859486886378428
64324,0.007091769673294199
64325,0.006055493120258307
64326,0.012885009266108085
64327,0.008457849420401755
64330,0.009395333608618757
64331,0.004723708308986622
64333,0.01685313792503823
64334,0.026092726083828087
64339,0.021495038215749558
64341,0.026092726083828087
64342,0.01413526488357531
64343,0.004352131262102787
64346,0.006647246524399967
64349,0.003593575118926612
64350,0.14354937508095078
64351,0.025430251441202298
64353,0.048981790086333646
64359,0.004291991234595676
64361,0.22101536308971761
64362,0.008510578720605616
64365,0.011321749262641706
64366,0.06678333738852017
64368,0.007648643442905153
64369,0.00945431056335857
64371,0.046374401227607234
64374,0.003174690083426797
64375,0.019420964842535995
64377,0.07638632972021878
64378,0.22019234003299404
64379,0.004076326703938587
64380,0.0038403140163582165
64381,0.004673266205793111
64382,0.04234614554849398
64383,0.032511311007504484
64385,0.006846962775827843
64387,0.01164934310192515
64388,0.10949756070927809
64391,0.0035633723598488677
64395,0.0043771910608415825
64396,0.0051958486821137365
64399,0.015334559057579052
64403,0.003690166444838441
64404,0.24319198940186404
64411,0.003410573800640661
64413,0.03248443013771392
64415,0.17624234621302645
64418,0.09109717037524707
64419,0.0035792903570356117
64421,0.05882435223335886
64422,0.014312162279616496
64423,0.006420993230321171
64425,0.026092726083828087
64426,0.029115911686285145
64434,0.013083663488322022
64439,0.1827799393132879
64442,0.008320880234687317
64443,0.1726143961567873
64444,0.012327442110986018
64445,0.01329118200602338
64452,0.02222187962000362
64455,0.16378805743617322
64456,0.06590486492555805
64458,0.04357531854473367
64459,0.0034034870189758567
64460,0.014608281996186167
64464,0.03432551119343058
64465,0.16013218339729807
64468,0.0030294508660811685
64471,0.015508271348049198
64472,0.029433152587521584
64473,0.07623663857495312
64474,0.03459273806963169
64475,0.0039372175491135
64478,0.006684435764488187
64481,0.0038307942855850246
64482,0.014872947191506423
64484,0.011451327415619455
64485,0.021426255081663938
64486,0.01902353425189521
64487,0.0909516454058602
64488,0.03564649557169266
64489,0.018848552058689898
64490,0.0054556298731825706
64491,0.011988347471549105
64493,0.004554304891020266
64496,0.28609287925828847
64497,0.016365104956078985
64500,0.00902704173792644
64501,0.019404733622346876
64502,0.012424176000887993
64503,0.006641431846922319
64505,0.07553169427438323
64506,0.0049576964815405515
64509,0.03516984387527164
64510,0.02113432601892918
64512,0.005677725441153436
64513,0.037118516071094246
64518,0.05196281052747554
64519,0.004629511036601095
64522,0.006396249616425977
64523,0.12462561036562912
64525,0.026092726083828087
64526,0.0813262128618424
64527,0.01185558166034538
64531,0.005096354335407784
64532,0.012836899602867673
64534,0.09447443988167759
64535,0.030122559439581607
64537,0.09483025544943606
64539,0.008168219127675926
64541,0.0030885948726569953
64544,0.014914994359121404
64546,0.0034899840103135306
64548,0.02146178521778401
64551,0.00478161795379981
64554,0.0030279275572176446
64557,0.08496910318737463
64559,0.01051304739602626
64560,0.07014816467946938
64561,0.01652996127372442
64562,0.03683960251502791
64563,0.024717451821060596
64566,0.17573675627303728
64569,0.020909310115755423
64570,0.019325883193649935
64571,0.01830329425355595
64575,0.0049889909276255705
64578,0.008619275112605464
64579,0.07335004831637322
64582,0.0033710293154353365
64584,0.06529057057049087
64585,0.03690003259403108
64587,0.008703667513691352
64588,0.17970468940307235
64589,0.01429494827931382
64592,0.0042061849793279425
64593,0.19451691971979912
64598,0.03869039124026589
64600,0.02533288569311528
64602,0.005746743698136682
64603,0.004279202718197346
64605,0.016565264650254135
64606,0.003489704917369681
64609,0.030928516242935595
64612,0.004055961102748978
64613,0.026069566102567616
64616,0.08920900150545555
64618,0.006293568362195257
64619,0.003857563490355615
64621,0.013687264731778667
64622,0.010959476945005332
64625,0.0029941784263650983
64628,0.13938469124002698
64629,0.022508008002326906
64630,0.008052395672814416
64632,0.011932722216089327
64634,0.07039763619348037
64637,0.003000646579016147
64638,0.28709414194393157
64640,0.010277856476471975
64642,0.07490384983064773
64643,0.019179717050337806
64645,0.006049481308593617
64647,0.01505113237972847
64649,0.28764577795114815
64651,0.006115741037589551
64652,0.015674867955774264
64653,0.010055059690921832
64655,0.007348899115785853
64656,0.05440555026058052
64657,0.08106250807412685
64660,0.11160229263978558
64662,0.0063621313581745335
64664,0.002944219221003451
64665,0.01659445759160744
64666,0.004244035055910277
64671,0.05245245619964162
64673,0.007036244050309293
64674,0.06759561340864736
64677,0.024398581409410685
64678,0.0035553375555926704
64681,0.01717282418315219
64683,0.17237319064279344
64684,0.06625778464040721
64687,0.006908979880167775
64688,0.0036834672920633515
64689,0.006677845764193851
64691,0.056260035786125574
64692,0.06023151818748147
64693,0.11180881093971007
64695,0.010659158066809452
64697,0.0036899995866369216
64699,0.003891610539734858
64701,0.12277383916473572
64702,0.0054415782860235415
64706,0.0455392446162811
64707,0.00315585607641028
64708,0.07013539200499692
64710,0.02367332425970877
64711,0.0047947722044673485
64712,0.0914102527389397
64713,0.03355223177952777
64715,0.08487868956442225
64716,0.10206079068312425
64719,0.08369755071271472
64720,0.011526237439471955
64722,0.19889952611543738
64726,0.005952490753383381
64727,0.14115637251777424
64728,0.18543131431036167
64729,0.003675943870516331
64731,0.01635898263896518
64732,0.15077750799245496
64733,0.003818338936751501
64734,0.035835580604515804
64736,0.006186007134252133
64737,0.005812313406328957
64738,0.003921239394404753
64739,0.005745534547978135
64740,0.006127673821411002
64742,0.014451088900062196
64743,0.010871912908419247
64745,0.07588972881416524
64747,0.08208036874993822
64749,0.03445421850659484
64750,0.00538127650321373
64752,0.09155796754728504
64753,0.004642249208576906
64754,0.07062489503457596
64755,0.0987208144567107
64758,0.020672286813984295
64759,0.021969855641398816
64760,0.08515489918528829
64761,0.011635701791496917
64765,0.08036749419201955
64766,0.012592149542062335
64767,0.04197699251914416
64769,0.11646950307573606
64770,0.07688898933783544
64775,0.0038592914351939923
64776,0.003968742476511934
64777,0.197240212289503
64778,0.12908223473657482
64780,0.0035700991278448794
64781,0.003102212285856435
64783,0.006807068258584939
64784,0.005602782082379498
64788,0.037690250452246735
64789,0.012438124204698765
64790,0.0032916858666407955
64791,0.006276410854658366
64793,0.00432917813226705
64794,0.020301023498683943
64798,0.005553437097114758
64804,0.01612181180337818
64805,0.16285751773810808
64807,0.004294103566473131
64808,0.01073294813451257
64813,0.014653018929575297
64815,0.008689399851185471
64819,0.003681078599209871
64827,0.007003314660234353
64828,0.0047358635250436725
64829,0.011076680726601623
64830,0.0401668321072787
64831,0.03790812806993402
64832,0.03112007888352694
64833,0.02693178588211572
64836,0.03523378751672805
64838,0.007729962434568798
64841,0.09063546923918486
64842,0.2738694904114502
64844,0.007515803386901351
64847,0.011997737346223338
64849,0.007585921528156549
64850,0.0038790828124604074
64851,0.0029901172950550863
64855,0.006929362417922409
64857,0.16075152161744985
64859,0.002948786024785992
64862,0.013307055908917769
64865,0.006102279752048033
64866,0.004791715660667492
64867,0.014901381644687722
64868,0.06138901507146582
64870,0.03157788615159477
64871,0.0046319889138960535
64872,0.021843522022760714
64873,0.04500297492144049
64875,0.1668666161261394
64879,0.0045738107349251175
64882,0.1411383401645159
64883,0.01922309276027391
64885,0.00292991640218411
64887,0.03339315672208733
64888,0.20013007774323385
64892,0.03378518855581104
64893,0.0030703850004712404
64894,0.28865670132601795
64895,0.004170184082945523
64896,0.0038445423648083934
64898,0.13212854236582403
64899,0.004284171487077898
64903,0.011034862032927549
64906,0.012839737474665588
64907,0.009794838828259737
64910,0.06188690015265337
64911,0.003541640137747254
64912,0.08898724127220764
64914,0.005468797489530448
64915,0.007173960603507539
64916,0.2410193898446288
64922,0.015125402475548697
64924,0.005362471940813256
64925,0.005504806234471178
64926,0.08067598307785923
64927,0.039135238340548724
64928,0.18125754913762285
64929,0.04067824046708208
64930,0.03914874952995504
64932,0.006600710830032129
64935,0.06380420883685461
64936,0.028656880854460217
64938,0.01802095641577355
64939,0.0035542727474396248
64940,0.0031469271107008564
64941,0.019043545947177637
64942,0.00491945910530515
64943,0.06983083782465865
64947,0.025040978936628492
64948,0.004915021121016587
64949,0.0062824805873407715
64950,0.007209997305699924
64952,0.20033640660769877
64956,0.00394398713031258
64957,0.062215256909721135
64959,0.216866550276097
64961,0.11108570742191559
64964,0.002936550333238365
64967,0.01400132598963094
64968,0.04952857391760747
64970,0.013810258829641918
64971,0.008479935809757607
64973,0.1999223635810421
64974,0.0038550403470936014
64977,0.006880876791188804
64978,0.010773711053110795
64981,0.004149196453654173
64984,0.07001640414453107
64986,0.004335713568116695
64989,0.007913164082727138
64990,0.011846137570663853
64993,0.006380428109003812
64998,0.004525532271383932
65000,0.0046274871151959635
65001,0.00323019547356726
65004,0.005985105625228273
65005,0.008853258640485577
65007,0.0032396641124491626
65008,0.005998313200736141
65012,0.07159677655405554
65013,0.03365755181172451
65014,0.0054204954150114445
65015,0.003708732405646318
65017,0.00307306244790271
65018,0.08849559199024233
65020,0.20219086833201716
65022,0.048822737192863466
65025,0.0036330833690323217
65026,0.011392540856239442
65034,0.005209069570463174
65036,0.005818591844669626
65037,0.015112572843792109
65039,0.004018181717014128
65040,0.009381980202700313
65042,0.0035354379228800005
65043,0.019450294839014937
65044,0.006383408366989945
65045,0.1670088699962863
65046,0.021469288438632602
65047,0.007715660260307741
65048,0.006295356301460407
65056,0.0629641628184607
65057,0.01915098797118418
65058,0.005224483678777974
65060,0.005318031591413462
65061,0.004578917835218057
65062,0.023890418941164386
65064,0.027607898483260472
65065,0.040324550280490506
65066,0.026092726083828087
65067,0.018570754032852563
65072,0.01715793789193901
65073,0.006295908120707498
65074,0.23431021221312925
65075,0.003513819380010173
65076,0.1966172691320513
65078,0.004043711354826148
65079,0.014862748328746112
65080,0.003966917137295563
65083,0.23193844161590899
65084,0.013982868861881517
65085,0.1825703227089882
65087,0.02853654382426731
65088,0.09416984075820962
65090,0.0032408536848954656
65091,0.010197833734863437
65095,0.0029620277112365795
65096,0.004715151945205014
65097,0.037145585009997754
65099,0.003170031154977161
65106,0.004899031605555674
65108,0.019715027363189298
65109,0.10215363775839267
65110,0.0054610956414651015
65112,0.21691831718139334
65113,0.0029779867973746556
65114,0.0950867300709488
65115,0.03394327986873563
65116,0.0028918972108617777
65117,0.007617312219710647
65118,0.0038649333470438586
65120,0.003957985002634333
65122,0.08778722805861996
65124,0.03008463166197907
65125,0.0036128106405111035
65126,0.010351896620533867
65129,0.020542344593294588
65130,0.012819432409901545
65132,0.053861503833281435
65135,0.0697136574320916
65138,0.0038206870719148913
65140,0.0124335721036009
65144,0.20191723619178156
65145,0.05910537863681923
65147,0.007188190756618065
65148,0.024978010901334596
65150,0.00938280321264549
65151,0.0060266648818092525
65153,0.003981385448971332
65154,0.006327564298781608
65156,0.010512986932684503
65157,0.010269344487959685
65158,0.05915389549394964
65163,0.028191186596407725
65165,0.004185223993871093
65169,0.004566720238931709
65170,0.03465711473154038
65172,0.04199774379607015
65173,0.10345986782411508
65174,0.012010395696005982
65178,0.029470521541747
65179,0.01347850744654327
65180,0.10241918103255714
65182,0.008820248749380942
65184,0.034915329625935694
65187,0.02422914823412187
65188,0.0040486014752401074
65189,0.03736972045629197
65190,0.004510764467139733
65194,0.003019016736636861
65195,0.07941303174249974
65196,0.0034921050321743705
65197,0.22789061695531307
65199,0.004268602913958338
65202,0.029288152435998954
65203,0.148537449060882
65206,0.007832483361973664
65207,0.008393739391199577
65211,0.023018351001181787
65214,0.03558193722476604
65216,0.03459537651067348
65217,0.13278739722623528
65219,0.0050543238128013725
65220,0.0035892146223929504
65223,0.002878438290483975
65228,0.11741057158883512
65230,0.0427115614504108
65232,0.1740229388419514
65235,0.02585419653144994
65236,0.0035785849639760796
65238,0.01679172766051247
65242,0.02656605908098061
65244,0.0036211481695951017
65253,0.00372268716631731
65254,0.002883288666323665
65256,0.1020363539589809
65257,0.06561178590373305
65261,0.003741515690271061
65266,0.01434047596066031
65268,0.006328230002560143
65273,0.005919841290919748
65274,0.12536893174866412
65275,0.005395416994410672
65276,0.008704977752580261
65277,0.017015131396212274
65278,0.007240839912973056
65282,0.17824337217489758
65283,0.023187612627078618
65290,0.023769940353016092
65293,0.0037864174067484633
65294,0.0028883816662817665
65296,0.026092726083828087
65297,0.007270669079250194
65298,0.03931930479095239
65299,0.00426325587521519
65300,0.013137660225315878
65305,0.3383151069614687
65307,0.003633691052211394
65308,0.007243461500581264
65310,0.0033865653673876383
65314,0.002943770939091383
65316,0.012885844204282234
65317,0.012126433587914378
65320,0.04735559325557925
65321,0.038036869634280435
65327,0.005345056808471092
65328,0.15652990544860126
65329,0.0043370783252219625
65330,0.016022344466915153
65334,0.03912641761599223
65335,0.0037754898562390653
65337,0.06328366816467697
65339,0.0029388394100006
65340,0.09729538280354069
65343,0.03169084738935018
65344,0.021538125842381475
65345,0.009211773148462473
65347,0.004208575577472214
65348,0.008936152127481188
65350,0.006057241841964236
65352,0.02155428182731319
65353,0.0042061849793279425
65354,0.01212759258621008
65355,0.08232672292303568
65356,0.007485297088440537
65357,0.007212462064336054
65358,0.02357560055541522
65360,0.011516424116944363
65361,0.05942365596905943
65363,0.07591881494803047
65368,0.011090768655597572
65369,0.003342693667505869
65370,0.011009296916692427
65371,0.0038790828124604074
65375,0.015263802045604437
65377,0.13389536266707974
65380,0.030415941439898078
65383,0.014730750514394143
65384,0.010366220443419848
65385,0.0038097500188122822
65386,0.060566630755379734
65393,0.142289039231663
65396,0.2594093818372563
65397,0.03140216325010959
65398,0.015364807506239388
65399,0.1105160683152463
65400,0.027895809741161817
65401,0.1505272702825818
65403,0.14543369257259092
65412,0.00405109416317501
65414,0.00476529350703443
65415,0.18973900987993678
65419,0.003192544487686079
65420,0.1920795882142341
65421,0.0037014674277859134
65422,0.0043051112927334064
65423,0.046628186783749324
65424,0.005363377623071297
65425,0.004369297873922433
65426,0.047858981874391714
65428,0.006299663863674613
65429,0.018100491905726532
65430,0.017608262312596344
65432,0.0032706863180115044
65433,0.06055643531397278
65434,0.0029676072116623787
65437,0.04199774379607015
65438,0.03341045032995597
65439,0.003608072839423707
65440,0.005340322568450569
65441,0.019048777981924645
65443,0.14428733053801918
65444,0.01993529352274396
65446,0.015349122484963784
65447,0.003718129701076222
65448,0.12376138317103286
65449,0.01577765673086328
65450,0.2125817759967442
65451,0.006439272239680454
65452,0.09831031126340306
65453,0.01518778105734653
65455,0.018301790838650654
65456,0.22767555857984426
65457,0.03361196834238254
65458,0.00894119579227322
65460,0.003332052105504523
65463,0.027873749553585497
65464,0.0055016175589760255
65465,0.0037976312356524772
65467,0.011525889523418613
65468,0.0029267522362653934
65469,0.18693545278726778
65472,0.04684207331220358
65473,0.2236802311342885
65474,0.0029707997838852823
65481,0.01943773363572032
65482,0.0440123036245769
65483,0.055549585103107785
65486,0.003062432383642852
65490,0.008537293677716686
65491,0.08325797427997104
65492,0.003281540704329938
65493,0.003280575742043847
65495,0.01308106243255509
65498,0.007675986679689999
65500,0.023691963224297233
65501,0.011655992004650822
65502,0.00456987203953644
65505,0.008495835376663156
65506,0.020633861499954574
65508,0.005930708751331463
65509,0.0029108418674442405
65510,0.03088712554063834
65511,0.08982913613276197
65512,0.01320532148905911
65513,0.04882333156112733
65514,0.25410422067260796
65515,0.0028837109136649022
65519,0.004247195865672247
65522,0.005700296045199619
65524,0.06268198523163265
65525,0.03910224325775318
65527,0.008535188134711174
65532,0.012792454304605752
65533,0.23065903121832715
65536,0.003840406642297412
65538,0.014052124390715065
65539,0.014431896342511786
65541,0.006997297021768971
65545,0.12752345982956695
65546,0.014002703499346585
65548,0.21721418215340485
65549,0.0033113096038315903
65551,0.054653405234679237
65553,0.004090252756096812
65554,0.018628434039506852
65555,0.004555235072934021
65560,0.021821785295761096
65562,0.08282324839620861
65563,0.1606927767582069
65564,0.20171633029297628
65565,0.002967525691679126
65566,0.00567298724227088
65567,0.00294914466222375
65568,0.1368788551120405
65571,0.0039923620807262306
65572,0.03943233363768644
65573,0.10637861594612195
65574,0.17484415153838334
65581,0.005898714450272761
65585,0.058777811921821695
65586,0.004763376421298732
65590,0.005707510780549779
65592,0.0103693745366723
65594,0.005251201891245369
65595,0.006952775979456094
65597,0.003915181461866649
65600,0.053082450194682
65601,0.021677469931204445
65605,0.004103126145098755
65606,0.018901020615570693
65608,0.02357218349095107
65609,0.0029678141472409612
65613,0.004075333939472886
65615,0.07359037847843905
65617,0.04199774379607015
65618,0.003542861307976632
65620,0.09119357758604046
65625,0.0036357581708759946
65627,0.008647337709968634
65628,0.023557406754040798
65630,0.03465863340349567
65631,0.021810168252918573
65632,0.026092726083828087
65633,0.008795998406366004
65636,0.004025378856733606
65644,0.0034635484610216925
65645,0.03883896203743453
65648,0.0042982971795056885
65650,0.03818810928403814
65653,0.009075094991207502
65654,0.06323982521878975
65655,0.013423675273064305
65656,0.00837376580640985
65660,0.0470334610599808
65661,0.008804823385271726
65662,0.00553073447756266
65663,0.005563021804268856
65665,0.00799823901614818
65667,0.18622060497883666
65668,0.005787879970773586
65670,0.05739251674434002
65671,0.0051295860022455364
65672,0.003892939089575456
65674,0.005048440419306361
65675,0.0055552321447632285
65676,0.057870446957481135
65677,0.02930806385062655
65678,0.007923347753759922
65682,0.004443747420601486
65683,0.016763380507005342
65684,0.08205300778545928
65685,0.16360019080598173
65689,0.007565226121229703
65690,0.003152451730401757
65692,0.01185368016515154
65693,0.0069397936448667395
65694,0.019835876438591804
65695,0.006314631839917471
65696,0.013840395542238412
65697,0.0371829162978153
65698,0.0037392566569258313
65699,0.009078432768001013
65701,0.009124441804753579
65703,0.011102406354471442
65706,0.04640059138291641
65707,0.006877811353193802
65709,0.19143368626670623
65716,0.16169537924684552
65717,0.0029249619276014815
65719,0.01819208705348005
65721,0.00373696263562443
65722,0.0032927095271715976
65724,0.05251107810162604
65726,0.003918393125355339
65727,0.003944410031903462
65729,0.007098801376408551
65730,0.0035297482972031146
65732,0.03561508209658141
65733,0.043206834626182716
65736,0.0076887836481333745
65737,0.006080284484737914
65738,0.0036293604769999308
65739,0.004994901262798009
65740,0.003483155056670031
65741,0.004009593761481463
65744,0.02661508062136386
65745,0.0061578227438186745
65749,0.04030387955295057
65750,0.0031851623147034444
65753,0.009680898616967049
65754,0.008622202369228508
65756,0.008562936465404503
65757,0.08947403112680935
65758,0.02223842353939563
65759,0.00975612223411417
65761,0.012315725608503268
65763,0.0038118882668103636
65764,0.286439792372234
65768,0.0035379362223921123
65772,0.002958345475852956
65776,0.005842144040813448
65780,0.004190991897313989
65781,0.00370437244310274
65786,0.008645761385248718
65787,0.003538643531784734
65789,0.016696660746529007
65792,0.003509459074260832
65795,0.09494668277751453
65796,0.3363154078193673
65799,0.0058004542287559855
65801,0.015487387429471765
65802,0.025040978936628492
65803,0.003087763745149739
65805,0.03248676517662656
65806,0.07159242149879619
65808,0.20831748028007524
65811,0.008764149917577098
65812,0.014887097861133517
65813,0.0037440368969425234
65814,0.013018891144230254
65815,0.3431631998588107
65816,0.008108033452955873
65818,0.008776577043375573
65819,0.006525561633312794
65820,0.030248017947968515
65824,0.05440763959199976
65825,0.00704516064066872
65829,0.003452571235544934
65830,0.19032431747327544
65835,0.004017545276493378
65836,0.00977157388302533
65837,0.010892464665882336
65841,0.03580013433209632
65844,0.1990956067115618
65845,0.006885147043543797
65846,0.00317330404821169
65848,0.012775967106275887
65853,0.01865501792703589
65854,0.0029698980399600573
65858,0.004950047349874273
65861,0.03483421363830921
65863,0.014510748494051519
65865,0.010729724557020637
65870,0.05998162284588096
65872,0.028780735229204435
65875,0.05151635594898268
65876,0.036232688894008956
65879,0.04273105962391692
65880,0.011196429885184865
65881,0.004608637444960488
65882,0.009875456715124636
65885,0.003132525662271289
65886,0.044397486450554205
65888,0.007442454902712184
65889,0.01439399416265338
65890,0.0033913833789438216
65892,0.16285751773810808
65894,0.028604712912081925
65898,0.004342337234765095
65901,0.0029003523921775597
65903,0.004226476222504438
65904,0.015232556146690389
65906,0.0031093145801167977
65907,0.004494979838435633
65911,0.007752889787241096
65912,0.0342078942230251
65916,0.05493773903884534
65917,0.00471053326410368
65918,0.014394084690582223
65921,0.013912120641777902
65924,0.005749324475442086
65925,0.1774083569014867
65931,0.004071765949828995
65932,0.0216379536595494
65934,0.00405098711468396
65935,0.036847928139552136
65940,0.037793581364048076
65941,0.003529637022395462
65942,0.00292840549101795
65943,0.06445324615117991
65944,0.04852255561019329
65946,0.005776547514839238
65948,0.1512125605307185
65949,0.029285683758888927
65953,0.0032458481308100234
65955,0.02857690716041894
65957,0.16457736470829723
65958,0.0036124154453032117
65960,0.0029528225876476652
65961,0.01988891275343945
65962,0.01677782475592078
65964,0.031759886750466336
65965,0.042553235819649225
65966,0.04075735751066376
65967,0.0851844496495356
65971,0.0037046533466811382
65973,0.01066899977531125
65974,0.008097691457922695
65975,0.014044678951094059
65976,0.22783898173009415
65981,0.003155434317883979
65982,0.04890614438146842
65983,0.04199774379607015
65985,0.00661508755961779
65986,0.00474873157270057
65989,0.009099466494047756
65997,0.012555459803506629
66006,0.24459351061101328
66010,0.01467540079032779
66011,0.021730112006770184
66016,0.004661997069057183
66017,0.006743376670781919
66019,0.043730702194697504
66020,0.0051472366498963
66026,0.0034446752862030386
66028,0.0056779460806186
66030,0.024931254212393204
66032,0.007130700873199725
66033,0.005075627466553912
66036,0.006667467450607566
66038,0.010196483842622504
66039,0.007281621640539803
66043,0.0042587749699909295
66044,0.0037873013074187075
66045,0.003881111174434042
66048,0.00765596406237583
66049,0.007270801908857554
66050,0.023166810754976595
66051,0.020641939618765308
66053,0.18699004524296456
66056,0.00379267912480031
66059,0.007369554225610884
66060,0.032029135873781235
66061,0.003722487637950877
66062,0.0040214194716232865
66064,0.012884115491670895
66065,0.04774564514022432
66066,0.06852237676844107
66070,0.006869387020512748
66071,0.1920795882142341
66074,0.004329568814263921
66075,0.007939034738897498
66076,0.008930433099009344
66077,0.0035362240804435578
66078,0.0044769155970034655
66079,0.025040978936628492
66080,0.014187982941804277
66083,0.0031332459824530354
66084,0.010948780013453688
66086,0.01045466707696062
66087,0.020754459653629594
66091,0.021427197437318878
66093,0.0035847284973161077
66094,0.010227923111891064
66096,0.004406463057078807
66099,0.0032758918441470274
66102,0.18519003373268964
66104,0.04503579825239003
66107,0.009086192889982816
66110,0.1623072148603491
66113,0.01845299663356834
66114,0.0038261111012689963
66115,0.011493719963818965
66119,0.0037936503968486563
66122,0.003067334751053456
66126,0.06329473474354205
66128,0.005110880166206813
66130,0.15652990544860126
66131,0.010338369488135
66132,0.003878129176411229
66134,0.004346539256513139
66135,0.0039458166581200285
66136,0.003707357310504575
66137,0.19840073705020958
66138,0.040372895453527353
66139,0.06602171491415298
66143,0.026891458808700315
66145,0.18817301875243356
66148,0.02333095565891878
66150,0.0054017424166057535
66151,0.004317398903384205
66152,0.0029791835930024313
66157,0.03465219517317605
66159,0.27066566900251865
66160,0.026092726083828087
66161,0.015543883287283872
66162,0.008156038034191716
66165,0.025420487545321373
66166,0.006385142038275843
66167,0.018879443944959325
66168,0.020999361823727428
66172,0.00593558005348935
66173,0.06491136011877338
66174,0.0670867940514712
66176,0.12627258946120914
66177,0.006749811777740993
66178,0.002961244501385341
66182,0.03090918020913353
66183,0.010253415712223731
66188,0.06395082131862707
66191,0.004595463342423588
66194,0.031374517016766745
66196,0.0054631268077065965
66200,0.004458543451579764
66201,0.04794151952634081
66202,0.2324202176329731
66203,0.007315862112321078
66205,0.005321208162834425
66207,0.0043895473026726315
66208,0.006303670302058757
66213,0.0035492054441061097
66215,0.030541566047964368
66216,0.0037392566569258313
66220,0.002866883541308439
66223,0.05555307104935687
66224,0.014395344352450374
66225,0.027571466114582478
66226,0.011730550136674903
66227,0.010294624408212882
66229,0.026194432479633052
66230,0.005277819164069403
66232,0.0035556062456152332
66234,0.026092726083828087
66235,0.020702745544390597
66236,0.1231803948944215
66237,0.01173456931773539
66239,0.0033706559238058605
66240,0.00960287617883057
66243,0.0035980522619632406
66245,0.002874696188964438
66246,0.11010853069823096
66248,0.003166117581818823
66250,0.01099198337093146
66255,0.0031749978670941852
66257,0.013157523308062307
66260,0.007185090823915498
66261,0.004489636868009161
66264,0.008955854614455522
66267,0.035326532438880065
66269,0.051482878671497874
66270,0.010244700518533203
66271,0.014128189170932268
66272,0.025333462292577966
66273,0.011526487737936271
66276,0.017493884377717747
66277,0.072607006006327
66281,0.0034924969797100612
66283,0.07575732065315209
66290,0.0029530426684881606
66292,0.052271808712675415
66294,0.003951402701118885
66296,0.005025990211836069
66297,0.037921266536463015
66298,0.024059011251956485
66304,0.0030290602131956444
66305,0.004165013550027456
66309,0.0284156956196927
66310,0.11641236820996337
66311,0.09327803154924731
66312,0.010824156473895534
66313,0.003416115010315795
66314,0.003740658255468616
66318,0.002969645136037008
66320,0.004526706505536477
66324,0.015113227074679152
66325,0.04425045185060175
66331,0.07290889040404831
66333,0.003089244718590659
66334,0.058144374101334384
66337,0.011730995949903894
66339,0.012250198773087638
66341,0.005654061268841802
66342,0.008332820118238438
66345,0.0035067602389905303
66347,0.009885580216657665
66350,0.003805272183370981
66351,0.047136442223341735
66352,0.08394189581596508
66355,0.005969058632293151
66356,0.1306097101405346
66358,0.028035833093239756
66360,0.003220601200536045
66363,0.004357364122598266
66364,0.010519947136628223
66365,0.0039388137504612975
66366,0.013957328567429452
66368,0.010026002256082675
66370,0.0031256181829899905
66372,0.22755153862596236
66374,0.025736791708652798
66375,0.0037580878612785535
66377,0.009982345611462995
66378,0.0029034987315894032
66380,0.011907817130808478
66381,0.004221617369567572
66382,0.003996861478210655
66383,0.025184680093332107
66384,0.008074786613623583
66385,0.011747517784771908
66388,0.011388447680518093
66391,0.002929921872715688
66392,0.05079710481728196
66393,0.01577868979542488
66394,0.006811784780568619
66395,0.01593954156302639
66396,0.0028866063345676595
66397,0.03981612968246798
66398,0.0367458507826202
66401,0.19527530378191674
66403,0.17069443872352566
66408,0.09492797632687698
66409,0.0033628053916846187
66410,0.003953380589291911
66413,0.02638909572493704
66415,0.004937950242598733
66416,0.03565544499962674
66417,0.0049577051287533975
66421,0.013647254629556411
66422,0.00678126959125462
66423,0.0039927262091715284
66427,0.003530434686442448
66431,0.012064775374177047
66433,0.003523111926425519
66438,0.003382732731515402
66439,0.0664281297366952
66441,0.011819946526354756
66444,0.0045559650525788635
66445,0.03177262537971295
66447,0.008220832709500053
66448,0.0052695387960127035
66449,0.005770510447530562
66450,0.007215300400167123
66451,0.07734698412330515
66452,0.0035706222691533522
66453,0.01419777605249102
66454,0.016572225500488015
66455,0.013715433277251814
66458,0.03204529609344612
66459,0.03481972352205335
66460,0.0032570657927024488
66463,0.0034277954038707836
66467,0.0042123650635270534
66469,0.013128710673647211
66470,0.006295188462761539
66474,0.009583874666144233
66477,0.01595759755175928
66479,0.019154320390770994
66480,0.0034066784822843507
66481,0.1343486922818144
66482,0.018152821385264174
66483,0.005287853387494574
66484,0.025475164786463392
66487,0.04525552841619263
66489,0.004470611616690225
66490,0.009879394069037732
66493,0.003106779159526858
66494,0.012548959000902138
66496,0.016892330863608966
66501,0.011863143055495556
66502,0.0035296981834385915
66504,0.0846264791986315
66506,0.20105444292233232
66508,0.009795807740832633
66509,0.04893451656083352
66511,0.002992111249554315
66513,0.024406457966281103
66514,0.003395772423569019
66515,0.005410994868940831
66516,0.03133628673467444
66517,0.09454799806114374
66518,0.002943248767889639
66519,0.009315677276964428
66521,0.009319470281864868
66523,0.04548592788687069
66524,0.05380553677862238
66530,0.05076622878129558
66532,0.015317996532146775
66536,0.005359690418614204
66537,0.0065736477311850615
66540,0.007048736961246213
66542,0.035753523050443076
66544,0.026543155047019665
66545,0.03899303381408172
66548,0.21416973173473486
66549,0.10090308479462728
66551,0.008826622630683258
66552,0.006948986719450612
66554,0.036864088782349216
66556,0.007293375247958072
66562,0.0030516849911209373
66563,0.0495411496362078
66565,0.007677116644781692
66567,0.03795748251915225
66569,0.0037267099645295824
66570,0.006365115378404281
66574,0.04015187947743302
66575,0.00409790758168721
66576,0.00561612379811343
66580,0.009793502763818076
66581,0.007911892692331644
66582,0.012021212841341113
66583,0.003977928805581238
66584,0.004083970161636885
66585,0.03563870587853319
66586,0.002979217304112626
66587,0.0038275803130951025
66591,0.025161638436979387
66593,0.03189841330379128
66596,0.0037317905233558366
66598,0.023633517624298345
66601,0.003986162130830865
66603,0.027786208868696
66604,0.03654858220438219
66605,0.11092796036859044
66606,0.006822196604736342
66607,0.011239718020705395
66608,0.0198167020528882
66610,0.16459272336922326
66611,0.025040978936628492
66612,0.010070650779433227
66615,0.003531088500244325
66616,0.003462078525051169
66619,0.00702244057004403
66621,0.010163230962562579
66622,0.004588677231262236
66623,0.2411305811602864
66624,0.008382112852402878
66625,0.0051474505315601765
66626,0.010939643737398636
66631,0.03478081298254196
66633,0.051038685924341604
66634,0.005433672395367679
66640,0.005001313802518835
66644,0.0029668252907157815
66645,0.009273194490516118
66647,0.23291064085311838
66648,0.0038035008713277357
66652,0.011345311463250116
66653,0.01649394298244214
66654,0.014409349732380106
66655,0.00500219858369015
66657,0.03638959404229522
66658,0.014793928196383452
66659,0.00591590685393364
66662,0.0053613661942801755
66663,0.01464015749876148
66664,0.009395361067956777
66665,0.007901509532245147
66666,0.017790986746997285
66667,0.0037622097562729456
66671,0.10540982892968385
66673,0.012585830986063397
66676,0.008698160341950725
66678,0.06688410711255414
66680,0.019783429173478025
66682,0.00281394573899448
66683,0.029286176238527948
66685,0.011746724970621488
66686,0.003883592469052103
66689,0.00701023617724089
66692,0.10833128834615571
66693,0.008476683577071917
66694,0.011730546717747986
66695,0.013379644716235975
66696,0.005473351022520566
66698,0.03279156213417322
66699,0.06875004477251405
66700,0.006721039746401439
66702,0.00699895009659024
66705,0.20108096944472206
66706,0.008207735513440737
66712,0.010636309465589067
66713,0.050688489820193416
66714,0.04017491344578223
66716,0.1770342532507861
66717,0.004841023845084247
66718,0.003795534431465902
66719,0.006164759677200764
66720,0.05604178843392703
66728,0.006547325618191337
66730,0.06497953678854561
66732,0.0057516737228485125
66737,0.011043446047090308
66739,0.08020751888425859
66740,0.003045723152064456
66741,0.03519702275835689
66742,0.00478909391597722
66744,0.0034353349891359324
66746,0.0319332302687105
66748,0.041674692476350646
66749,0.1988602375103776
66755,0.0033947482293843817
66756,0.34468633519221104
66757,0.08257874953168645
66762,0.12536893174866412
66763,0.04820429810755203
66764,0.004870639713910605
66767,0.014130272146990405
66768,0.0073421991720389835
66769,0.03658908696865299
66770,0.005532446832852153
66775,0.0890726668968341
66778,0.004478700977427782
66780,0.00827611625758907
66781,0.15261017228338813
66786,0.11773957233896266
66787,0.003462611499354227
66788,0.011894926833154996
66789,0.05564416415438249
66793,0.003456156630383414
66795,0.1465337011259312
66797,0.008989018057794111
66799,0.0031366695908013127
66801,0.004878464179386282
66803,0.006713483206310205
66804,0.009874946284412373
66805,0.004141602532711095
66806,0.11075178797445773
66808,0.006476786679074382
66810,0.004044320102344421
66811,0.009354474836229577
66815,0.009867627625697362
66816,0.004800370858359003
66818,0.05054290325478589
66819,0.1998224012365151
66820,0.07575732065315209
66824,0.003792851812915317
66825,0.06940618093136697
66828,0.022479795133669853
66835,0.15777345553470185
66836,0.02563140864272985
66837,0.09379830025481654
66838,0.012369184764114418
66839,0.031255473848808765
66842,0.01651183367571469
66843,0.10894366118282992
66845,0.010964641931724908
66846,0.007658247312441156
66848,0.08757106650320265
66849,0.005056528541917526
66851,0.02142381146961211
66854,0.002951077915198404
66855,0.019575014882839276
66856,0.0034946644441235923
66861,0.011406401750209873
66862,0.0301505473130103
66863,0.021666720935552004
66868,0.006076006061740354
66872,0.014497092062669078
66874,0.006068419849238571
66876,0.008933975058137554
66878,0.003905871987501618
66879,0.04371114874239319
66883,0.003880717567996249
66884,0.004073603770748754
66885,0.0325041027573546
66890,0.1774083569014867
66895,0.021210039036344046
66896,0.07899807437201257
66897,0.16791289283976782
66898,0.0030415632709638128
66899,0.0031374688311141836
66900,0.010010106559414596
66901,0.007117151287331602
66905,0.011878588452902086
66906,0.1727560287942314
66907,0.004933912940796129
66908,0.005792803919806093
66911,0.039186692796503386
66912,0.013514499236860924
66913,0.21929553954042996
66914,0.09844912181396384
66917,0.005158386376273111
66919,0.010504573716909105
66923,0.01240300561798688
66925,0.027509151832419376
66926,0.029587910080455533
66927,0.010410218140298667
66928,0.03459537651067348
66929,0.003729093825365682
66931,0.004967575783403598
66933,0.053231381527252215
66934,0.03919607475583009
66940,0.0038899656595017826
66941,0.005132190859014279
66943,0.028896925972900278
66944,0.018327854081505675
66945,0.009480741732283658
66946,0.002837212750007063
66949,0.04447554240412836
66950,0.0033409526527718764
66952,0.007997161734702002
66954,0.003953086093403377
66955,0.03595465570709281
66958,0.011639341125166762
66959,0.07283599934764931
66960,0.11833852147093613
66965,0.00369491266362457
66966,0.010539240013298359
66969,0.01470880063909724
66972,0.006429662208318155
66974,0.0029332640355085194
66979,0.007752596371914798
66980,0.21528155693283438
66981,0.003002842480361477
66983,0.03426021931065487
66984,0.004402392557522656
66986,0.002950895420054318
66988,0.06055996584066339
66991,0.009395719391907737
66993,0.004531216866612985
66995,0.011140314036832024
66996,0.09127005710292899
66998,0.003170223778349849
67001,0.003918194885635263
67002,0.0036653084197817904
67008,0.047120109150098746
67009,0.003908483642763813
67011,0.1932081109935022
67013,0.014403468977197369
67018,0.015635415607802572
67021,0.03927789649492942
67022,0.02573179446855538
67024,0.0035165280642291278
67025,0.003495538703231594
67027,0.01013337920831172
67028,0.04020333662683889
67029,0.02942622767702641
67030,0.01292432826144736
67032,0.003949639522475859
67036,0.027234346289526538
67037,0.00379886893908797
67038,0.011458746201818101
67039,0.033166264594567396
67040,0.009792598402432481
67043,0.006665916113775654
67045,0.0035786934243669296
67046,0.025692630091638184
67050,0.004678091746027461
67051,0.007717251166909875
67052,0.003089536338941989
67053,0.01883092125522588
67055,0.006041487753285157
67056,0.003967450686494626
67057,0.02033431112642875
67058,0.015468950748853981
67059,0.015414565974731525
67062,0.05702145219033366
67064,0.046283444353982815
67065,0.029840246899286743
67068,0.014143057456915626
67070,0.08049573741772946
67071,0.006043441281816292
67072,0.013519080007156063
67074,0.037379761580007574
67075,0.0034264250499203537
67079,0.07523804932516749
67080,0.0035681724410242623
67086,0.06491145141175443
67087,0.217213143541298
67090,0.003954346270399316
67091,0.007977302037762764
67094,0.010986066188848214
67096,0.0034550925150289994
67101,0.011528918378779061
67102,0.0031400452965702026
67103,0.005269524218644602
67105,0.012378037541046511
67106,0.0032735155554853243
67109,0.013123221836661005
67111,0.004406186904056457
67113,0.0292419651225914
67116,0.00918407758264172
67117,0.0542519788803085
67118,0.06432107889839246
67119,0.16138903857261175
67122,0.016759332861930282
67123,0.0029502877885737174
67125,0.05166232432968855
67127,0.06248099403432976
67129,0.015785730786494492
67130,0.008182347022190761
67131,0.004369222233210621
67132,0.10802516639961089
67133,0.03459537651067348
67136,0.0052092807242932115
67137,0.01855690687855246
67139,0.0067448555027665846
67140,0.03221276225582782
67141,0.22714355253039326
67142,0.025381350679334842
67144,0.0037970792556384163
67145,0.00876498596495851
67147,0.06808303256628176
67148,0.09308641196937643
67149,0.04428591973113196
67151,0.21874782128276296
67154,0.010186209570158346
67156,0.00911853561411312
67158,0.014255235511050329
67159,0.07744056056226137
67160,0.015304083023771087
67161,0.008697221036507208
67162,0.04084797980134887
67163,0.009006939288571974
67166,0.03548070873694737
67167,0.030248737537155075
67169,0.003329333897838577
67170,0.030114885822853973
67171,0.009222506513344908
67172,0.1359597495600418
67173,0.10330613307280012
67176,0.004903227893282127
67177,0.003784863038220376
67179,0.16182199902098587
67180,0.005065254730064716
67182,0.033891447561798085
67183,0.04271597319925772
67185,0.09362557686063004
67186,0.10035385057420797
67187,0.04337427252832486
67197,0.03940929352788661
67198,0.003840037303279774
67200,0.03807890427133773
67203,0.0036834672920633515
67205,0.010250859683627215
67206,0.04035740528613309
67207,0.011969345505354804
67210,0.0036699775648113397
67211,0.1548484785667643
67215,0.05088912758914419
67217,0.18143297344119805
67218,0.018925872924455574
67219,0.0036272414260210364
67221,0.2545170516177972
67222,0.004496896054516809
67226,0.08963829016760905
67228,0.21938323564991405
67229,0.003158758563584097
67230,0.19202992049582412
67233,0.0073075488201370395
67234,0.0046906552924228856
67235,0.0029389415317979044
67236,0.0033876516581429236
67237,0.13916453034010184
67241,0.01214542015884544
67243,0.005603443152376456
67245,0.0041214412369702455
67249,0.04405410293557335
67259,0.004012059467355648
67260,0.0031826915658543604
67262,0.0070042495062392586
67263,0.007926743503446717
67265,0.009181327996038432
67266,0.008856484394001895
67267,0.008563872556706825
67274,0.004465168241462289
67276,0.09326023874919923
67277,0.01160863540937514
67278,0.006170433938205314
67280,0.003727372247761919
67281,0.004519121060949784
67283,0.015799007918061006
67285,0.0039016120103827255
67286,0.0037444492054050974
67288,0.0034542158708960086
67290,0.006324140984852563
67293,0.0056766679415173925
67295,0.0037655128446548295
67296,0.20283481550243623
67297,0.004151369257464446
67300,0.046404722308398434
67301,0.0029515010257493302
67304,0.0031278528519839382
67309,0.03134517537300179
67310,0.02238309718312856
67311,0.004232194662339716
67315,0.005909828855552374
67316,0.031293046509506046
67320,0.02929473736485954
67321,0.08124977584519247
67322,0.010837425852055197
67327,0.046660626501135415
67330,0.003387587364658743
67334,0.0031737237524276586
67336,0.010154331008565299
67341,0.002946764120071707
67344,0.029091663078274214
67345,0.00314266001498197
67348,0.029471133975626368
67350,0.05238525209932163
67351,0.0035425821344989795
67352,0.011633782433674633
67354,0.005325856759832871
67359,0.009852292390433953
67360,0.0440224743391261
67362,0.026302954623422144
67363,0.0034125933956853176
67365,0.0227940245028198
67368,0.003680288473030832
67373,0.2242713838413096
67374,0.010036695021323523
67375,0.23045763661949747
67376,0.01658265714138823
67378,0.005127061166418162
67381,0.006575973953122516
67382,0.21266439892011432
67383,0.0030321890922995216
67384,0.010077051579336558
67385,0.03613839671463302
67386,0.003953440631499928
67390,0.032035989071413716
67391,0.006858447251745377
67392,0.005776534990845378
67393,0.003663600776900856
67395,0.036471212248520915
67396,0.03270123839578208
67400,0.009853003054414439
67403,0.029843032698024193
67407,0.004119962400188617
67409,0.05260223708045222
67410,0.038976116225527095
67412,0.014132032411787588
67415,0.0037938349987691688
67416,0.0070278316236492555
67419,0.004427200422393267
67420,0.0032730841217467614
67421,0.002865695476109758
67422,0.05689490735560242
67424,0.003622287699808486
67425,0.00456987203953644
67430,0.014051873779893235
67433,0.003696845745037244
67435,0.031235270249030268
67436,0.012497537035548411
67440,0.05279569325514709
67442,0.19511904435925853
67443,0.006875691943117712
67445,0.009213923838732308
67447,0.004704029534946671
67450,0.01421406435114711
67451,0.007996155834908354
67453,0.003944145350703397
67456,0.0061501046522713185
67462,0.008752019268607662
67465,0.011390507906039852
67467,0.0031694928285745734
67468,0.02005681774862489
67469,0.1736493097781073
67472,0.17156470602663748
67474,0.0035146420788710986
67475,0.003988029942205766
67476,0.004904483340984172
67479,0.30218064384616516
67480,0.17121391333456498
67483,0.06770665668222407
67485,0.0030293948875164036
67486,0.004027792279535341
67487,0.010940506048973488
67489,0.012056527307042103
67491,0.005464593585680016
67496,0.05279569325514709
67497,0.19659851957300922
67506,0.05315295550026462
67507,0.0034585945308736993
67509,0.006900847763497355
67510,0.003033888418454946
67511,0.002953599355911654
67514,0.028961277946007002
67519,0.031013717983472234
67520,0.007291763250848996
67525,0.00690283690483935
67527,0.005889933102571829
67528,0.19043339009846416
67530,0.007124815345008575
67533,0.005838503968737969
67540,0.004054378661403024
67542,0.014708532374390466
67546,0.002935329092848465
67547,0.0037637360995249483
67548,0.026092726083828087
67551,0.04471071541893245
67553,0.008434602712456059
67554,0.17351473335738554
67555,0.01717730416190353
67556,0.0031667603478796125
67557,0.015050802611840943
67558,0.03697286633898228
67560,0.0315269039233687
67562,0.03466026888029285
67565,0.009473324001797793
67566,0.0034994295771851995
67567,0.016664916175892785
67568,0.03909377723967172
67572,0.006288385680329861
67573,0.00783089597938414
67574,0.014554091903790525
67577,0.022477831072763778
67578,0.03172924111837642
67581,0.06872137661966775
67582,0.005916830598868754
67584,0.09800006567651753
67585,0.008786037456329146
67586,0.03546836050431474
67588,0.004276987366319379
67589,0.0034498875165230136
67591,0.026092726083828087
67593,0.06883320805784501
67594,0.0030281635616264463
67595,0.005225480013362558
67596,0.23476610694154806
67597,0.007249178766217743
67598,0.18278524399894797
67599,0.2554349209092744
67600,0.03000343519961018
67602,0.0477652179903815
67603,0.022559665588756193
67605,0.021920202097158215
67606,0.015590637827835157
67609,0.01188414613338712
67610,0.009852801627414533
67613,0.004077549776334684
67614,0.020260780740912632
67616,0.0033542641177569405
67620,0.1845791892828293
67622,0.004253444388551335
67627,0.021339780578109424
67629,0.013309449639763299
67630,0.22276789290591706
67631,0.07198400388294758
67632,0.015753770253809547
67635,0.05378270047990363
67637,0.0031810377559019845
67638,0.007609506980183334
67641,0.03565012614376426
67642,0.017668598802536562
67643,0.03159022819385274
67646,0.0050615242685220045
67647,0.004612741317599459
67648,0.014430918492030001
67649,0.040008808231497245
67651,0.003341080278959587
67652,0.005883746985727083
67653,0.03593374940615684
67655,0.043194118576913076
67656,0.008785758461029896
67657,0.024217861018414562
67658,0.01450435031651526
67660,0.07060650516194218
67661,0.007012160998061001
67664,0.08187230194012082
67667,0.013606708801364782
67670,0.0030259211707528238
67671,0.004017862016637528
67673,0.025850026086619033
67674,0.003092146904055709
67675,0.0035332979617953776
67677,0.011277962112900197
67678,0.009519066033642729
67679,0.04730911490534325
67682,0.0034806249160481075
67683,0.010860655648970012
67685,0.014785011120878891
67689,0.003968098020017387
67693,0.07552008103116639
67697,0.004874834205054618
67698,0.017716325181651036
67703,0.19239790860236988
67705,0.03381231462818213
67708,0.026092726083828087
67709,0.002998313030801641
67726,0.19318492279494445
67728,0.0198918487524757
67730,0.016262293864140586
67735,0.01371547013349825
67736,0.06665648841271238
67737,0.04596597069811361
67738,0.003031868509874511
67739,0.03165368733668423
67740,0.004396569386167614
67743,0.03160020343727633
67744,0.017935123945188845
67746,0.006176885165276536
67747,0.019667453008941117
67748,0.0199094602450764
67749,0.011609400698700447
67751,0.0036834672920633515
67752,0.34187763377452707
67753,0.09007307382136978
67754,0.008929236044802648
67755,0.014922626880478167
67756,0.03579142156256267
67758,0.01808561136258862
67761,0.03589892324935744
67765,0.006489524334608282
67766,0.03140164110050647
67772,0.029811088489443586
67773,0.14560037722107258
67775,0.0029907890198783236
67776,0.019406987013891996
67779,0.04919013330154172
67780,0.03758870655895126
67781,0.0145613762401624
67787,0.07305274282832333
67788,0.026092726083828087
67791,0.00376498627340099
67795,0.0107472380172616
67797,0.006343371837290181
67800,0.06067798859282203
67802,0.01258028764848678
67803,0.1712209623502572
67806,0.008560628664467492
67808,0.10875647501275676
67809,0.0589889534192204
67812,0.09483290057386368
67814,0.0030120972991588245
67815,0.011660754737169316
67819,0.026092726083828087
67823,0.03071794445868664
67826,0.0053883770890760605
67828,0.1740229388419514
67831,0.031136060701250624
67832,0.06914876748471854
67834,0.027968713017414576
67835,0.01828430172938425
67837,0.003952202310984657
67840,0.2185418278901612
67841,0.01336038633257376
67843,0.09614663659010242
67850,0.008431688173940284
67851,0.004979912232541771
67854,0.06435083397236332
67855,0.005045581607632442
67856,0.18322059579666422
67857,0.003047274551615001
67858,0.09197313099588009
67859,0.00443372220285942
67860,0.0030041429458745714
67861,0.007082387925874863
67866,0.012663928196994226
67867,0.08187204421925239
67868,0.020780999386196184
67869,0.005782075877082593
67870,0.16457733170079847
67871,0.034493530880923
67872,0.003252986380450908
67875,0.005478391300571931
67878,0.002949367094328032
67879,0.005565069528413727
67880,0.10744862121389644
67883,0.1168195120888043
67884,0.0028597491343464237
67885,0.139624343223181
67886,0.030110403817724212
67888,0.10049848127260258
67891,0.004256598124713046
67893,0.019548415799716713
67895,0.007787933585675271
67896,0.0037326736218782994
67899,0.009007757729984817
67901,0.004574847705996564
67902,0.03721081349414595
67906,0.06411057578342826
67907,0.013304808522292821
67908,0.0028338214573476565
67910,0.026092726083828087
67911,0.03407842309581186
67914,0.009263521121677866
67921,0.005304937219298326
67922,0.030354036787915574
67928,0.004606718438521428
67930,0.005221872632984109
67931,0.00390853803662932
67932,0.004986823989578291
67933,0.018457018160287476
67934,0.003093205647075615
67935,0.08766075908050058
67936,0.010148247017481894
67940,0.04171602991812085
67944,0.08630750272808235
67945,0.22973459917415584
67947,0.0067448555027665846
67949,0.023784614693869964
67951,0.004074297478212489
67954,0.0036665053356684787
67960,0.004310179553591336
67963,0.009200285278353171
67966,0.003483031555345235
67968,0.002992133929139611
67969,0.10571711297273736
67970,0.00887836184878992
67973,0.03126732259287791
67974,0.002895767864274879
67975,0.048195761058302394
67976,0.0063682842223062065
67979,0.008806028467468257
67986,0.003604558563412403
67990,0.0036997728441681014
67991,0.006761857667198875
67993,0.11836220398022365
67994,0.0034139853311386803
67995,0.002903822418370072
67999,0.0033965087352617117
68000,0.11344841754027493
68002,0.011977504309476078
68003,0.09851702362909699
68006,0.01024533154495979
68007,0.007278743483328424
68009,0.062453908403530864
68010,0.008935410855322793
68011,0.00398101614927359
68015,0.005400927206941405
68020,0.0033219315110681663
68021,0.048200464184292934
68022,0.022494449627750053
68023,0.003512651476583423
68024,0.004785971624626612
68025,0.014048940203665384
68028,0.164772259347212
68030,0.008320303946078947
68032,0.003242371096947191
68033,0.003466514906937201
68034,0.004039988733108663
68035,0.04888029622178427
68036,0.0038798489647587416
68037,0.010539695544670775
68039,0.02905288594553165
68040,0.0045104751010259965
68042,0.0061733442001211895
68044,0.003931231237512836
68046,0.02385810700118701
68047,0.010118713764298489
68049,0.00786938010790001
68052,0.004825427837067204
68055,0.0036162247631677464
68056,0.003806376605023163
68058,0.026092726083828087
68059,0.03000312817328185
68064,0.019764994188855488
68069,0.00364006947830021
68070,0.018777975203270722
68074,0.003966415347132128
68076,0.2244426431127384
68078,0.002922667441078249
68079,0.0060234891597945135
68080,0.005210920231718951
68082,0.02473369421609089
68088,0.0037390192143736374
68091,0.013497091449613412
68092,0.003373316756227701
68093,0.3021744113068454
68095,0.07949694366527439
68096,0.004357256163270134
68098,0.03459537651067348
68100,0.002937743260467824
68101,0.15234453977699336
68102,0.004069184403738484
68105,0.004975501290739735
68108,0.040667131549641036
68112,0.008082921817563574
68114,0.006913455086225162
68115,0.021595736808988887
68116,0.008772673808775123
68118,0.009296447104856272
68119,0.003332298936033247
68122,0.0029439423133630366
68123,0.01767731010768346
68127,0.06451765335410654
68130,0.03472187974471747
68132,0.00409931029607528
68135,0.003530757138746435
68141,0.05028963376696551
68144,0.009444929304514543
68151,0.014657979004262654
68153,0.034848265472032944
68154,0.03628693202475383
68157,0.006001190149659564
68161,0.0068123498670172086
68162,0.17573676671278823
68170,0.003865686757027185
68171,0.02262913846208798
68177,0.07691183095410933
68178,0.2866329990899585
68179,0.007697274992821026
68180,0.00574416543936239
68181,0.004359477896190102
68183,0.10290698717598297
68184,0.005372593481183221
68187,0.005036270820803474
68190,0.006873118238075593
68192,0.02483527894416413
68193,0.005009400987418974
68199,0.0033306930844178018
68200,0.021080117129462582
68201,0.01819784668652959
68202,0.042146343638641684
68203,0.006367867152632325
68205,0.03740021415617075
68208,0.0035819585496918304
68209,0.0029561490723636744
68210,0.08671044190812646
68211,0.015307032038455768
68213,0.0037568238283174253
68214,0.10239330868982073
68216,0.004050049232596332
68217,0.005095646339358772
68218,0.004326177616369188
68219,0.03664092649208116
68222,0.008765099847933493
68223,0.0054264006876493616
68225,0.07171113998707619
68228,0.015334209867645268
68229,0.003589298367522764
68230,0.13553445606207357
68232,0.11539092204499636
68233,0.007210236919623601
68235,0.021557884153959157
68240,0.003642817077334675
68241,0.0028524853005505624
68242,0.005702543926740424
68243,0.030741957276999615
68244,0.00792300381034293
68247,0.00425042146814481
68253,0.011493846452379348
68254,0.0029651151257824282
68255,0.02808765718784157
68256,0.0036880474594718445
68261,0.024856392859700448
68262,0.035724283828214146
68266,0.028077203648596567
68269,0.007598955476055124
68271,0.014129476149104078
68272,0.006097423262340992
68273,0.09362475328925587
68274,0.002996679469524546
68275,0.00554746705971623
68277,0.0030442505706024985
68279,0.003793703994767372
68280,0.027658882661219485
68282,0.0959951798051016
68283,0.06692355411217657
68284,0.08426893896716176
68290,0.09517181594523216
68291,0.010704136627329957
68294,0.033071410071314006
68297,0.0740901894023591
68298,0.03455706748166761
68300,0.029705969409837992
68301,0.15553297699297539
68302,0.017460838640621253
68304,0.015785258386008603
68305,0.004394453736738361
68308,0.10848770812987463
68310,0.015479971663824586
68311,0.061077430278981194
68312,0.006792714664414249
68313,0.003689054770379432
68321,0.025356729507691404
68323,0.014191862964848569
68327,0.013321313336324529
68332,0.0043260451392271495
68334,0.016987871784135234
68336,0.003235699092216932
68337,0.005545004363660671
68338,0.09445953529190486
68341,0.010693914726001815
68343,0.004220400434931389
68345,0.08522699181095904
68346,0.003180203943601139
68347,0.03764503696220158
68348,0.09698621966845977
68350,0.01381789925395244
68352,0.2544611303569443
68354,0.003783276673599203
68356,0.005555775291253166
68357,0.18967399334441265
68359,0.005825307372586002
68362,0.011286672671662733
68364,0.003973598942589806
68368,0.07575732065315209
68369,0.014231947431861593
68370,0.19527076637220991
68373,0.0082796418181826
68374,0.00906312649988935
68376,0.008551822355303966
68377,0.02601487702237766
68378,0.0037159947810130375
68379,0.015561494858612454
68382,0.0039000897357340256
68384,0.016474128202700087
68386,0.010119324692389086
68387,0.030844656064004175
68389,0.003934173554750174
68391,0.008965839567070024
68393,0.002931240155628245
68394,0.0032610518220656626
68397,0.016674530502240832
68399,0.003920993457216925
68400,0.005336161653992233
68401,0.031189290112720102
68402,0.017263692609511844
68404,0.03298272085740597
68406,0.003110203675506454
68408,0.02928733072456271
68409,0.0037742746824758694
68411,0.014607827686093719
68412,0.17121391333456498
68413,0.048227446092769646
68414,0.0034641491793722546
68416,0.1958783483632651
68418,0.06356580757200078
68419,0.04261143967020757
68423,0.003462609147020256
68424,0.015237270832272215
68427,0.007696466905455678
68430,0.003593628974756124
68433,0.19130182286608202
68438,0.10172168028789909
68441,0.019657226582848603
68443,0.005876634963630915
68445,0.07220779929805882
68447,0.0038453046381652753
68453,0.007055683644728631
68464,0.03204529609344612
68467,0.022678947815418547
68468,0.015139519088201738
68469,0.3109314977249158
68470,0.005733196997248972
68472,0.0029481239036809816
68473,0.009114355085122934
68476,0.00506048667312588
68477,0.02496959183415379
68480,0.0035888106974263038
68481,0.003603872084439576
68483,0.006456524655835049
68484,0.043146934687267685
68487,0.0028922014868958475
68490,0.10198996416006953
68491,0.0051413876949414385
68492,0.007930511442357216
68494,0.005404669012311084
68495,0.006447825557930883
68496,0.025040978936628492
68497,0.012132043258509414
68498,0.0056163482010366484
68502,0.0036339315432950643
68504,0.003535265383889408
68507,0.07498643145353552
68508,0.008230628555732655
68510,0.022869350364659796
68513,0.0145613762401624
68515,0.026092726083828087
68517,0.018917223775871798
68520,0.028863330508313356
68523,0.030751171775556814
68527,0.00441136314178051
68528,0.25769291535875966
68530,0.014708736673340097
68531,0.04880986120803483
68533,0.14110126261866496
68534,0.003608943915184259
68536,0.004791348634763632
68541,0.006956539919419435
68542,0.06511739919750605
68548,0.004197094536749772
68550,0.003523009671604646
68551,0.020094046586692383
68552,0.05535309633145723
68555,0.004017938421629666
68560,0.0038998602818645024
68562,0.021121620099138035
68564,0.018421391723029014
68569,0.0037625943215080166
68570,0.02734363781002843
68571,0.17768126316683214
68577,0.004777522305818907
68579,0.01045582702876605
68580,0.04017347988360798
68581,0.04072698381392815
68587,0.07763299856774611
68588,0.01319288006057699
68589,0.21408885241001258
68590,0.20678756275000074
68591,0.006560484853595556
68592,0.01592908265940822
68595,0.20419029590998905
68597,0.010476266470861846
68599,0.0823442468070325
68603,0.0035436238203433086
68604,0.08305597371938758
68605,0.01205678644078106
68606,0.005315561811188612
68607,0.005355225220947177
68613,0.05611708800561611
68616,0.014965877378089893
68619,0.02384013280828293
68620,0.02936091336902551
68621,0.00406587239556679
68622,0.004162055540261885
68623,0.010353298302493295
68624,0.01412906855346677
68625,0.2221231902408482
68627,0.02514003604478595
68629,0.041646879388049694
68630,0.10932928562264793
68631,0.0047941201821310245
68634,0.12226654289659668
68635,0.0029951257215842927
68638,0.00986129828093357
68639,0.015564005376615904
68640,0.03720589726911987
68641,0.014331185313048913
68644,0.008202611195798468
68646,0.026434764537276723
68653,0.007933608794117994
68654,0.016107633833540975
68655,0.05439016342829349
68657,0.005234925629809595
68659,0.010060860892845648
68660,0.004832271882744652
68664,0.0037576832333241993
68668,0.0673782749485452
68669,0.044350517716541846
68670,0.03542795882738466
68672,0.08296318502622207
68673,0.008457625873404716
68674,0.012117761111083479
68675,0.030591343165323144
68676,0.006659587180082631
68680,0.016593703837228455
68684,0.0077294348228434725
68687,0.24135587703183717
68689,0.031345398599472024
68692,0.024481567265851566
68693,0.00441718785888984
68695,0.0036101562568303857
68696,0.00614007052237035
68698,0.003673506064900881
68699,0.003443847921744027
68701,0.011367184065754422
68705,0.1057890699578181
68707,0.0038421266232295677
68708,0.05723806153550085
68709,0.14143350595561885
68710,0.08043292246121722
68713,0.057268106121547785
68715,0.25251052636947796
68717,0.10690894706818252
68719,0.13086921689210707
68720,0.04582581038803609
68724,0.010542081229326476
68727,0.014622891465955362
68730,0.030796219226811753
68732,0.0036983650316218964
68735,0.02450085146373951
68737,0.010138996864598423
68740,0.012071077065007532
68741,0.006334935818000781
68743,0.004194016336574103
68746,0.25878593881231715
68748,0.01920072405293774
68749,0.008574110190824824
68750,0.003846129070333398
68752,0.018371228515478115
68754,0.010519838182620443
68756,0.019233406886658987
68757,0.007150422059587756
68758,0.04732509371071204
68759,0.00557727148439124
68760,0.022678947815418547
68764,0.009399220095295674
68765,0.011355447994381042
68766,0.024720873302689208
68769,0.007307241586116245
68772,0.0048357753748864375
68773,0.008198445193514502
68774,0.0029920268455139545
68776,0.029345296739590427
68779,0.0037434906167425185
68782,0.015849279027453516
68784,0.008561881605084547
68785,0.03315505298891593
68786,0.011412630894886979
68787,0.017390874600135657
68790,0.026328816423532558
68791,0.003790299511204235
68792,0.0034620111978167054
68794,0.13704675761081553
68797,0.025040978936628492
68799,0.015577839194328518
68804,0.005734610176361442
68805,0.003994569762623384
68813,0.003609210544954549
68817,0.16115943790799814
68818,0.032109051003539404
68819,0.009395581431363558
68821,0.007274573594812268
68822,0.08974109860074476
68824,0.006239787384825318
68826,0.0596058034813222
68827,0.00425430871233607
68829,0.003995015793388045
68834,0.00715760307670196
68838,0.0035220200553451597
68839,0.02234054917937414
68841,0.25158020665091685
68842,0.14949763239903396
68845,0.023825825559798806
68847,0.01831509597272455
68852,0.0238142841465612
68853,0.004056211905758214
68855,0.0034630942752838447
68856,0.20033640660769877
68857,0.033542789266995346
68858,0.03429344035343196
68859,0.04076851316751421
68862,0.0029158083008301644
68868,0.048609344746161624
68869,0.19994587270707717
68871,0.004701712983023858
68873,0.014079852940547631
68874,0.004858697189327492
68876,0.002896782065494286
68878,0.04616837733928648
68881,0.030090021069406035
68883,0.03208835769159421
68884,0.22237685748738742
68887,0.00610191717771793
68892,0.446063404305996
68894,0.027846144140105358
68897,0.02853163192240887
68898,0.021510037978432973
68899,0.005361049871144268
68903,0.02883761860381295
68904,0.009178761896147301
68905,0.005604097618752426
68907,0.09560038284709373
68909,0.009896900409837688
68910,0.027782984867776143
68912,0.011304207248623238
68915,0.03769100880794091
68916,0.00642342315677628
68918,0.015022015156861898
68919,0.062754332866486
68920,0.015335275103648398
68924,0.021794517227053573
68926,0.0948971785870426
68930,0.18216507332164886
68931,0.0034448414376356527
68932,0.00877587506682395
68934,0.11888255540002507
68936,0.0038782887544976286
68939,0.0035888160765925685
68940,0.05722752272246264
68942,0.0037627064241033785
68947,0.018332998074131853
68948,0.0031691188610491255
68949,0.0030107303304886803
68950,0.004205087107456804
68951,0.04705635447735597
68952,0.007111736635196568
68960,0.004362438286476646
68962,0.0206808039048402
68964,0.033091641653938283
68965,0.0820484751798974
68966,0.006032054816767953
68967,0.20052124413288563
68968,0.17876029362965476
68969,0.008693979862313588
68972,0.006305524025157349
68973,0.05809934516133901
68975,0.004363773964483362
68976,0.02377936626535234
68979,0.12920919679471718
68980,0.03103392441767192
68984,0.0336666075025075
68988,0.003592167255853109
68990,0.0036598630638607077
68994,0.002895037429831404
68996,0.003454804092470046
68999,0.006404246408831577
69000,0.00759198124509207
69001,0.006301714025913948
69003,0.02965982382166154
69007,0.004035258549085635
69010,0.021930681420927998
69011,0.008892617743940873
69012,0.0065117697170422525
69013,0.09617432479408156
69017,0.019831684014411894
69018,0.005840080579978126
69020,0.1774083569014867
69022,0.009055579469596486
69023,0.0034869446473548824
69029,0.004056118767201215
69030,0.006844131695947009
69033,0.006203376607235909
69038,0.006068150414204163
69040,0.0077820994306902255
69041,0.08114123556455763
69042,0.0566231275884243
69044,0.0034928124018679288
69045,0.014630097121988803
69049,0.0029121487067370433
69050,0.16847910556883094
69052,0.09269113091324466
69054,0.010532375273880084
69055,0.00802051881409468
69056,0.05560724833172484
69060,0.003723399608990526
69061,0.24974575050747178
69062,0.005762902078587052
69065,0.01715690157680338
69067,0.23161585733825438
69069,0.025572822035349257
69073,0.026912718962654958
69077,0.0032618577819835738
69078,0.003596510438028581
69080,0.041124346523299965
69082,0.19877433448181658
69083,0.01721275906348255
69085,0.015151714657618498
69086,0.002932710974063202
69088,0.016539588701091713
69091,0.17907353131022036
69092,0.005464005393439122
69094,0.021592951598633954
69095,0.004903382352344963
69096,0.0038421512677098684
69098,0.029845720643995842
69099,0.01279394502388923
69102,0.006966155562166132
69104,0.0059048299986263686
69105,0.008067772723543396
69106,0.003257996227065283
69108,0.04473736952057589
69109,0.009368724151302053
69111,0.0046197850197869155
69112,0.03725975572015229
69113,0.00784165024315253
69116,0.03459537651067348
69117,0.0033373491150317618
69119,0.018099765787506793
69122,0.03727555949876883
69123,0.003297768510232755
69124,0.011744618454008844
69125,0.0035836367868500576
69128,0.003928380889924223
69129,0.06509276545671969
69130,0.003455857386118511
69131,0.005851648816080954
69132,0.013300205733093406
69136,0.02404438738517557
69142,0.044980824259980776
69143,0.0844643651123971
69145,0.01012023848925746
69146,0.007200807734429968
69147,0.022929379712472338
69149,0.018659950437195698
69150,0.015364244540386
69151,0.005273425127662373
69152,0.08720679797737048
69154,0.04734502182787918
69156,0.09993776346293864
69160,0.003929888109888099
69161,0.008230850386472865
69162,0.003936352939810395
69163,0.005188355441720729
69164,0.0039350465418484136
69165,0.008608158083397788
69166,0.002990309516007573
69167,0.02032412787180481
69168,0.06051217270330724
69172,0.010368098632092352
69173,0.01797692269942914
69175,0.02695153449409859
69176,0.020150274256687875
69177,0.002958779021592397
69178,0.02184927980867226
69180,0.003978702813875547
69181,0.006052855267355551
69184,0.012308464825891539
69185,0.04401508077019344
69188,0.0036948803468140126
69190,0.004941055481261661
69192,0.02108025326949867
69193,0.005667302004845939
69199,0.029672247164541657
69202,0.0037440531034735537
69204,0.05238993369225182
69205,0.005444103280677107
69206,0.003091067032363917
69207,0.026092726083828087
69210,0.003527772680800387
69211,0.018799453516547132
69212,0.01564367640096183
69213,0.005928803466413876
69214,0.01921039146775731
69215,0.0034936871141144125
69217,0.008001580181688723
69219,0.1699072974825541
69222,0.0244826740688884
69223,0.10830971387261902
69225,0.004719297050546654
69226,0.004013284960197153
69232,0.010130347556433605
69233,0.00538160727101971
69234,0.00864085862429484
69235,0.003371215522893177
69236,0.009868505773688445
69238,0.0039275024528994526
69241,0.010216545397881098
69245,0.009165711438036494
69247,0.07051935213754087
69248,0.0031239632154966774
69249,0.015839163312980815
69252,0.06555970848926986
69253,0.03488744581985766
69257,0.005532316107251301
69259,0.013769409415994492
69260,0.02960456813158614
69263,0.006150891679115271
69264,0.003162969312908964
69265,0.0739961679081001
69268,0.011289063487934433
69270,0.06048348142067071
69273,0.20698070378630692
69275,0.0037102427245162984
69278,0.052830591844139345
69281,0.0035757069795160222
69282,0.038308594918857394
69283,0.003985587243799031
69285,0.28796492216295355
69286,0.0042088399511025065
69288,0.00439874223883396
69289,0.003375074824609666
69292,0.04404248871452272
69295,0.14002265925207952
69297,0.003995908574764402
69298,0.03204529609344612
69299,0.015727544957816125
69300,0.01488656351910892
69301,0.0033019352894459054
69303,0.011996177253230178
69305,0.026092726083828087
69307,0.013078805144329195
69309,0.026092726083828087
69312,0.0043254993804416825
69314,0.005898049635187415
69316,0.02855299026899448
69320,0.07112346507084503
69323,0.003375390478669358
69325,0.002950757123524173
69334,0.017944274202548946
69337,0.0036317574817402334
69338,0.00988320044754872
69340,0.013474147134046462
69342,0.006241975094754386
69344,0.0048312938484862235
69346,0.018013774548240727
69347,0.003733724573227964
69349,0.004101657846563132
69350,0.009868768272931299
69351,0.05602491676223296
69353,0.07129625417630393
69354,0.012503925631550209
69357,0.007411374572187511
69359,0.08301536641318183
69360,0.10966146092579356
69361,0.004582696424592521
69362,0.00409068696191174
69363,0.002955419048216783
69364,0.0029073508786953564
69365,0.003420781283411654
69366,0.010130416989800764
69367,0.0033494428735151094
69368,0.15140531283128586
69369,0.02403844693845726
69371,0.06094466857828615
69374,0.0330402306112168
69375,0.00524256165075703
69379,0.042609592322717146
69380,0.08842721985044409
69381,0.003690403850709763
69382,0.04303067300094696
69383,0.004533439583125063
69386,0.04118714137448269
69387,0.003907638839440932
69389,0.004533994360449203
69390,0.02787391386198505
69392,0.006198168192413232
69393,0.00910230813818622
69394,0.008334364638054505
69398,0.005534721691883695
69400,0.04186188636937662
69401,0.026092726083828087
69402,0.00290925094756128
69404,0.012955205466962248
69406,0.002980305856868806
69407,0.013473136154389914
69414,0.003541452993305739
69416,0.005372190252569596
69419,0.20322216880103858
69422,0.009873070440082874
69427,0.011524920736604593
69429,0.010331245050231171
69435,0.030271823204055415
69440,0.0662096946154302
69441,0.08222699726127908
69443,0.006541247746656106
69444,0.0066202265537374004
69446,0.003949096524040323
69448,0.0812899732170593
69450,0.014736153199399717
69452,0.10088175341389702
69453,0.0606503404161604
69456,0.19128394419082553
69457,0.025261976082639807
69458,0.0036643881564325724
69462,0.2670044488093303
69463,0.003951578960387571
69464,0.07014276297717198
69467,0.07140890540657946
69469,0.013106412258492614
69471,0.008098436870768232
69472,0.10203841475070444
69475,0.003314935270985257
69478,0.003893305399758505
69482,0.0028859183486747157
69484,0.004626976808410293
69486,0.14905477761440417
69487,0.008089434158441567
69492,0.009395264499013215
69494,0.2285340027652681
69497,0.005989111141961147
69499,0.024209444137647196
69501,0.008341832827210224
69502,0.039818445011585324
69505,0.04198091273903524
69506,0.07913968156355412
69507,0.02371667410636878
69509,0.005008024631552754
69511,0.018264296321133126
69513,0.0049628569523559865
69520,0.017509490805410317
69522,0.026092726083828087
69523,0.003761728801145034
69524,0.07094619743252532
69526,0.0690161747149466
69528,0.013102640590235762
69529,0.0039570779924954745
69532,0.0029747397044997794
69533,0.004726394869831792
69535,0.011960320711781347
69537,0.00409181066757765
69539,0.011324646802612207
69540,0.004402324998115604
69542,0.011640028293003693
69545,0.006619740387327009
69549,0.0038895114181051963
69550,0.09408748824575347
69553,0.008086140689127497
69554,0.0035592582951937584
69555,0.1008366201782079
69556,0.007384990670686898
69559,0.0090789195257195
69560,0.0050038183632542645
69562,0.003614977322656853
69563,0.008283637793777063
69566,0.007016238533305792
69569,0.026092726083828087
69570,0.131688794942738
69571,0.026092726083828087
69572,0.007595051269212565
69573,0.010995668748221698
69574,0.016760828243437713
69576,0.004286965284345865
69577,0.003566950546441153
69579,0.004537519571124536
69580,0.10079219861261483
69582,0.0030310389764768263
69585,0.0072327733208009445
69587,0.06665103422797519
69588,0.004733334983816975
69591,0.04709725914968712
69592,0.0037327848486425146
69595,0.008559250377149233
69598,0.2409635252223195
69604,0.10744758368700055
69607,0.006514324115264943
69608,0.010600344232513029
69609,0.003545192491388835
69612,0.0036017109050451163
69613,0.003359032867755533
69615,0.05707596572926222
69620,0.020580952412812027
69622,0.03497210644832059
69624,0.0037819001075660957
69626,0.008054369457756665
69628,0.008849349162976514
69636,0.008764154784641928
69638,0.029225414492037968
69639,0.01198069930149037
69640,0.011563929889210104
69641,0.0036329370352697985
69643,0.04278978667633365
69644,0.004398402556781256
69645,0.0037817656879611436
69646,0.004430356341126313
69648,0.01118369791993936
69649,0.04073292550879746
69651,0.10538874482494726
69652,0.022054362797663568
69653,0.003640681017857206
69654,0.0028364731967107665
69656,0.003710015736611045
69657,0.0030529209268269214
69661,0.002942742882537425
69662,0.027151986032953088
69663,0.1542547594264088
69665,0.003749914377080044
69666,0.025040978936628492
69667,0.01006625037188786
69668,0.047860551410404524
69669,0.014032429178458138
69670,0.03501359625007819
69671,0.026585358472155027
69672,0.03091272675262957
69673,0.014114267317935638
69674,0.006861018477705637
69677,0.027499493131180913
69679,0.003785412566605888
69682,0.004029948033747866
69686,0.13013264599343427
69687,0.02122326819866479
69688,0.008925605659151655
69690,0.013798094075239646
69691,0.02339895258270456
69692,0.014848279547714827
69694,0.13807993222670728
69695,0.013735129001446715
69696,0.006433869985353919
69697,0.008813596977974313
69698,0.06146203924778354
69699,0.003266358204885793
69700,0.0156575574762825
69702,0.0038424917564952254
69703,0.008318379311963968
69704,0.026092726083828087
69706,0.15206290457736243
69708,0.0040786053280419165
69709,0.00505597017158227
69711,0.008117367235063191
69712,0.003570105117193121
69713,0.02448667286909681
69716,0.0037144679440281715
69718,0.016953725424635854
69720,0.005155438994765198
69722,0.008661386088498124
69723,0.024844319540455146
69724,0.039396083704575334
69727,0.008068845610971487
69728,0.018654152139921665
69732,0.052327723618168905
69734,0.07381002261119637
69740,0.02798838285495578
69741,0.0041647080324429065
69742,0.0034387656718903818
69743,0.03612211726277935
69744,0.0028825930349933586
69745,0.0034496835465000412
69746,0.03230213775495868
69747,0.11373946854483635
69748,0.0037179208698781456
69749,0.19371009124510266
69751,0.05388631525093421
69755,0.003937063569875235
69756,0.008214630427187158
69758,0.068039997943071
69760,0.09083008894483814
69763,0.01938730624603361
69764,0.0844838398845972
69767,0.003601875470666077
69768,0.011915068313047197
69769,0.0036848748826768794
69770,0.031830418655767634
69771,0.004647769279004477
69777,0.007205046283685069
69778,0.007147810712666395
69779,0.01102740604969209
69780,0.026042897359577922
69782,0.008353363277799994
69784,0.030794019653187094
69789,0.004371993210035899
69791,0.042293232212518475
69792,0.012418602403695172
69793,0.007168100745540519
69795,0.15854084031877674
69800,0.020187623314820748
69801,0.005791601417442419
69802,0.004353358502419144
69805,0.17653375813177052
69807,0.23530350264566272
69808,0.003662363547490844
69809,0.22207848163288982
69811,0.003372326615442221
69813,0.013482317113569316
69814,0.004448348730719846
69815,0.00793075510361522
69819,0.19368776589124034
69821,0.2005732993591157
69822,0.004410451299470289
69825,0.0974364222183977
69826,0.03112162596318334
69827,0.011947937017963968
69828,0.06086401951635879
69830,0.002884047445643687
69833,0.07619755032660747
69838,0.048975596553346074
69839,0.025552187245289053
69843,0.047800598174413775
69844,0.2509892195848766
69845,0.004575052276843987
69848,0.005707567854704051
69851,0.03380861165618999
69854,0.06177485906914011
69856,0.03138946406235864
69859,0.06736047922423227
69860,0.005464123795405755
69861,0.05791559650470898
69862,0.03968041957521568
69863,0.009588546575353473
69865,0.1727560287942314
69866,0.009007742586148787
69867,0.0062905248742829495
69868,0.004082587984863855
69870,0.04399552567088792
69871,0.06913484458209278
69872,0.0613433395393305
69874,0.029951527650581705
69876,0.34286822247869686
69878,0.03471891128062736
69879,0.21811529028714144
69880,0.00307606959705815
69881,0.015209809243513036
69882,0.005716929859946442
69883,0.0032377098099099478
69884,0.006525347587336955
69886,0.028982867825076385
69887,0.0035202761231824154
69888,0.01443643678502517
69889,0.03125317260275791
69891,0.02150678667025864
69892,0.036185293830320285
69894,0.04079853496046716
69895,0.0788790933844211
69897,0.17584276064547452
69900,0.003827830594599653
69902,0.00857484579515987
69904,0.122663374633594
69906,0.00837512902635222
69908,0.014122155088626747
69909,0.053347431882197184
69911,0.014904566703699164
69916,0.1973663585371119
69917,0.03816901924552016
69922,0.0145613762401624
69924,0.0033858270327334116
69926,0.032717558329474705
69928,0.09844776621419021
69929,0.012655670634194087
69930,0.003193913774811512
69931,0.06863644167462801
69933,0.009451583585760455
69934,0.0039755993675183255
69935,0.0040504387501806
69940,0.1013403847328318
69946,0.08695513203289236
69949,0.0045355495266251305
69951,0.003205037339826138
69954,0.0033314989712186216
69956,0.2200613639840943
69957,0.006806680180570486
69958,0.07688898933783544
69960,0.0397229664647188
69961,0.012025228329273486
69965,0.0038310980023684776
69966,0.011370848020240252
69967,0.07575732065315209
69968,0.0031398308587512786
69969,0.006389081035220073
69972,0.0035945486417190207
69973,0.004781367075335325
69975,0.011666227989191133
69978,0.002919164893619011
69979,0.012556711899689309
69980,0.005048318907261378
69987,0.027690981468014037
69988,0.003962177284667565
69993,0.030058368252727074
69995,0.00348058654002657
69998,0.12675106229631222
70000,0.010170618853558187
70001,0.05795851843434296
70004,0.01832226135430113
70005,0.062923983019909
70007,0.030334390805624015
70011,0.0029900854094658514
70012,0.028273807602669516
70016,0.006577881190256558
70023,0.030155822823190088
70024,0.0047328150891739005
70025,0.06599526000874358
70028,0.0033071635358028744
70029,0.022060768766658558
70031,0.022806925891745523
70033,0.012871831232714718
70037,0.0035525841921099895
70041,0.1767022435138391
70042,0.009895802526610063
70043,0.0348086924265128
70044,0.014226779009666459
70046,0.07184064125505292
70048,0.006307934943727859
70050,0.009347800411605711
70051,0.0037737528453965098
70053,0.033700020196679954
70055,0.05932000295240732
70056,0.0034520020335787756
70057,0.003830964743510158
70060,0.051683394418873166
70063,0.2857165430595393
70064,0.006902098566037648
70066,0.0048398197412296865
70067,0.006276840491707651
70070,0.03499242624320551
70076,0.11514371095412394
70077,0.0030815416480740833
70079,0.0028426752373131477
70080,0.021314856887606457
70084,0.09867785080668909
70086,0.003825170028744797
70088,0.014143881770506274
70090,0.004663150184261856
70091,0.003440488379621579
70092,0.08536439626092308
70093,0.10531793916099591
70096,0.005664439032634934
70097,0.0030762518123201663
70099,0.0032437019723478714
70101,0.07992239208716889
70105,0.015462337549472252
70106,0.003986550999216202
70107,0.012687637149852651
70108,0.014792621339944561
70109,0.0048477449372416334
70111,0.014131689801948443
70113,0.10770316338675506
70114,0.06726048769028886
70118,0.025696869727705497
70119,0.003687963410380075
70121,0.009628857093484164
70124,0.017104555394604707
70125,0.006583437582600757
70126,0.029584757310352486
70131,0.15787767084176346
70132,0.00814891076946391
70133,0.009165394201535407
70137,0.009230383755863485
70138,0.03668617665721451
70145,0.0034182457888997154
70147,0.009853126794388765
70148,0.2478807605464442
70149,0.003466792860847447
70151,0.03374504133377708
70152,0.009430347002278232
70153,0.01201117539189596
70163,0.0035280014033333825
70166,0.007457352208784231
70167,0.08839442332328706
70169,0.021364062830147752
70170,0.022908677664027332
70171,0.006531358983745108
70173,0.1994449021824638
70174,0.2248078584580595
70175,0.0038240721482904185
70176,0.021375804700327957
70177,0.011756922093767124
70179,0.0034887261314658622
70181,0.0057954365949431964
70182,0.1276206081370527
70183,0.005082989801277021
70184,0.006055976525858061
70186,0.008678731582666134
70187,0.004260625454782598
70188,0.06027341913929904
70190,0.040273858481263206
70191,0.003784895215694846
70192,0.00505460398714472
70195,0.23385231252048347
70197,0.03542046642460203
70198,0.029270120844140476
70200,0.014260312546080494
70203,0.007945504262102509
70204,0.007607390849907285
70206,0.03282612799023144
70210,0.015287802179311333
70211,0.010043821376184087
70212,0.0031561059096895084
70214,0.10915601543944713
70215,0.011997121235263388
70217,0.0066142079790958005
70222,0.17501928281269807
70223,0.0033933773609636088
70228,0.0029851094843978843
70230,0.2578172827228459
70231,0.003543725600726668
70232,0.01068881072184391
70234,0.01938164981430564
70235,0.04134913435411333
70236,0.015532181099701014
70237,0.05858766942800487
70238,0.04050705897910422
70239,0.01590561135354851
70240,0.11836312686058732
70242,0.17420757154864766
70250,0.0069572342374830416
70251,0.2189164930030031
70257,0.00812679914903613
70258,0.0031510431077092474
70260,0.0033789152106929138
70262,0.005239742096781726
70263,0.03427898318748965
70268,0.05731469593799714
70273,0.023049061204778287
70274,0.003154171302810073
70275,0.019689092159273575
70276,0.03633252958308203
70277,0.0069552811512948445
70279,0.0029509700137387335
70282,0.22491816555362357
70283,0.0039516189020565775
70284,0.06373554922885269
70286,0.0035041037538457247
70287,0.005447321620804415
70288,0.020769651841295495
70289,0.02034658064748524
70290,0.006482028609825946
70292,0.004440956353782329
70297,0.0204915330779144
70299,0.0034024636996829154
70301,0.005339564691085556
70306,0.007276253056020524
70307,0.07620624767577686
70314,0.0035278335943707438
70317,0.0029534263810996903
70319,0.12785498722793312
70321,0.25172472572010673
70322,0.012858473071107856
70326,0.004517305079691059
70327,0.01525710186500292
70328,0.005677012693566307
70329,0.050120463676692185
70330,0.009877833971930256
70334,0.026092726083828087
70337,0.01986925335086226
70345,0.004325921764472478
70349,0.0730329918238292
70351,0.06118079938848624
70353,0.0034525748171158263
70356,0.002863714535381166
70357,0.037154808385656275
70358,0.009394969997503192
70360,0.006621195086380837
70364,0.0058440432641902445
70365,0.0038213679788089497
70366,0.228067582822924
70369,0.003254462175255828
70370,0.03117980440021161
70371,0.007485436355128531
70373,0.0029635279853272726
70376,0.0037883069875337023
70382,0.0029362852449326213
70384,0.013634984654386008
70386,0.003941495488882059
70387,0.01783811694338104
70388,0.002939957532410436
70390,0.0059524906526669434
70391,0.007338868109317285
70393,0.04532544436996477
70394,0.003866615486883848
70395,0.02225036514731639
70398,0.0030893885378104127
70399,0.005222139974379387
70403,0.09376536317276861
70404,0.0803068799692827
70405,0.04018269520076715
70407,0.09851302119329611
70408,0.01241277353818859
70409,0.04452625767583362
70410,0.0036611254653016287
70413,0.036472832312980825
70415,0.004020082378944071
70417,0.06389212481973305
70418,0.020228452056330653
70419,0.002966283136075282
70420,0.003764571502140936
70422,0.14797642707262185
70424,0.005517001804967234
70426,0.005716694354914396
70429,0.004293489103831661
70430,0.00296368228454551
70432,0.06099896188214388
70434,0.015459712863844033
70435,0.004623289687262425
70439,0.06930022057525538
70444,0.015863272687739165
70446,0.0067273473581941
70447,0.037565151909004335
70450,0.006259735348569154
70452,0.21151538046419122
70453,0.0031148112029208545
70454,0.0036345120870620506
70459,0.2700157389476934
70460,0.011317779627761579
70461,0.006672966951952161
70465,0.004998867039188044
70467,0.0033543970803223966
70468,0.011537626983215204
70470,0.10941186510118
70471,0.01325921913192616
70472,0.021568585579879736
70476,0.013123093092553108
70477,0.004389107804012733
70485,0.009036868064057653
70487,0.005059364335074858
70488,0.027300569021553537
70489,0.17313699066678678
70490,0.022598457987921827
70491,0.10798818471964736
70495,0.01912204375112293
70496,0.006600267324980115
70497,0.0037120268066341703
70502,0.06358179444003947
70503,0.12628190540079193
70505,0.050956662524357176
70506,0.003324014278193086
70508,0.09688463111776428
70509,0.01023837304692979
70511,0.08078372283240522
70512,0.19976970784811215
70513,0.018648206447590795
70515,0.03573284297002799
70516,0.13096350211987387
70520,0.00789666713075119
70521,0.20438074404677475
70522,0.004324594488436074
70530,0.15678873875676946
70531,0.03891727034557577
70532,0.03149786895942134
70536,0.003416110938462858
70539,0.0032970429291835153
70541,0.0038804106457615084
70542,0.031191097862686867
70545,0.00986175444046079
70546,0.08632654369541262
70552,0.0054130525930513014
70556,0.021318563212405
70557,0.004127926795230155
70558,0.0035910903646211695
70559,0.01863169010635088
70560,0.004114811406900276
70561,0.006603404182738052
70562,0.003938633461655524
70563,0.025040978936628492
70566,0.006796634042532376
70572,0.00861577069029774
70573,0.008682871409025121
70575,0.019173684689704994
70576,0.004935604574490777
70577,0.021079699239906526
70582,0.016652305311934498
70583,0.016568961805611584
70586,0.08939936535149157
70589,0.0037391488203592006
70590,0.12628190540079193
70591,0.0038465216065594783
70592,0.015132274750361845
70593,0.0941215620619451
70596,0.03459537651067348
70599,0.004599508915138095
70602,0.038826642952509254
70603,0.017240240130786472
70606,0.003701816979876552
70607,0.10543466367551593
70609,0.009903019831622464
70610,0.009920334584144406
70611,0.0034109458771778164
70613,0.06505880517791648
70614,0.06552404207661207
70615,0.04588373918288268
70616,0.17340602759089255
70619,0.08750748509278607
70621,0.01888134498800788
70622,0.003660136933077542
70625,0.062312572767330016
70626,0.24131673415827412
70628,0.04915726052717126
70629,0.1722736947109849
70632,0.005589836498628895
70634,0.003535168497457907
70637,0.015442166239740877
70638,0.003049473295756506
70639,0.03780196727055748
70643,0.004675037065416372
70647,0.020013487500754604
70648,0.037369925662535976
70651,0.0032276959871477004
70653,0.009880691898663101
70654,0.0034469025150696635
70655,0.003503536425824866
70657,0.003479982863650049
70658,0.038001756808196965
70660,0.02048672490272259
70665,0.0038713266564681754
70667,0.0029439154751806865
70670,0.014983444108288953
70674,0.03457525641348055
70675,0.004706029058423673
70676,0.2583369178811808
70678,0.0067790091930747575
70679,0.014704483595291145
70682,0.09443807135487789
70686,0.012012477770604242
70687,0.007994969353820908
70688,0.08591504322375497
70690,0.19848750043339897
70692,0.004154757138518501
70693,0.010679708734452226
70695,0.020243572803503404
70700,0.005328247360927222
70704,0.004043479436842875
70707,0.005246652778879855
70708,0.047781886580841766
70711,0.0039699018609002795
70713,0.025040978936628492
70715,0.008700808338919966
70717,0.002951516392327643
70719,0.01152674302945255
70721,0.021831825198014212
70723,0.024378466100668274
70725,0.019685325389930224
70729,0.025591456396632593
70730,0.04094558532870847
70732,0.20033640660769877
70733,0.03464195835453386
70734,0.004163183943165251
70735,0.00799163433377306
70739,0.1774083569014867
70740,0.002992111249554315
70741,0.003584851490529185
70743,0.07129129938762564
70745,0.0504127930124779
70749,0.007471169461005244
70753,0.0036672387297714023
70755,0.01573423681178686
70757,0.003562798314086016
70759,0.0038895114181051963
70760,0.03459537651067348
70762,0.01632479414961287
70763,0.011276458939962729
70765,0.003316766363976972
70766,0.15652990544860126
70767,0.013478322189623948
70769,0.0035669848927397723
70770,0.0719330712855959
70771,0.08315548552851754
70772,0.010989995396321471
70773,0.0028840737132330226
70774,0.005231347848740925
70775,0.002901513324231605
70776,0.006464815293448377
70782,0.014748213702599837
70783,0.03830169133332841
70784,0.0033344973805483754
70787,0.0074285922432255945
70788,0.009611490620440102
70791,0.008785316849275032
70792,0.27116034431190245
70795,0.018179463165755864
70796,0.016414284532385696
70797,0.037654884363584065
70798,0.009678540543317295
70799,0.011122557250760065
70800,0.17533465056353995
70801,0.009889315724882719
70806,0.003413515024316478
70807,0.005472355027696911
70808,0.04500524955402722
70810,0.016554687226580368
70812,0.004802365099425757
70814,0.0223820373629519
70816,0.1990956067115618
70817,0.06881186921779793
70819,0.004020225685626489
70820,0.00398668692577684
70821,0.05525485954470701
70822,0.13995272262705288
70823,0.008932513244642476
70825,0.009382301718635832
70829,0.04916144535559645
70830,0.0058406646932033105
70832,0.0781481346254559
70833,0.0039596806378399225
70836,0.2845173639797574
70837,0.014962554867372208
70838,0.09442910973723236
70839,0.020649027224555572
70841,0.030310121222489623
70842,0.006297995768975414
70843,0.011525243165659964
70850,0.07547108341867058
70852,0.053144960110327565
70854,0.002958046932819642
70855,0.12415163443967964
70856,0.012830162161517507
70857,0.010066402224999337
70858,0.04118948615860529
70859,0.022060972798175347
70860,0.005456086492631249
70862,0.010530275025931771
70863,0.0050456015610179355
70864,0.07161088843433258
70865,0.14632049726552188
70869,0.008557897993263584
70870,0.005327556871439326
70871,0.007475317317411043
70873,0.003264748770499613
70875,0.035539781564271976
70876,0.017929542329694164
70877,0.021921964641150263
70878,0.04818530551076472
70879,0.004380582158464535
70880,0.003967527362589975
70883,0.04820325178236614
70884,0.003101471177206946
70885,0.005797526121724344
70887,0.1708317824473088
70889,0.0061999976198918606
70891,0.028322899543717188
70892,0.0033785670316905684
70895,0.09423206875413616
70897,0.02547941474711712
70902,0.010867245467755762
70904,0.06595168691725437
70906,0.004265888404889335
70909,0.003007518117447958
70910,0.018003841911200087
70912,0.11687850944759309
70915,0.031280525202428404
70916,0.07910693612416658
70918,0.021027625939235402
70920,0.007108963508947249
70923,0.015241446678126552
70924,0.007097173218428593
70925,0.018716918315827197
70926,0.06286488453182487
70927,0.003070297407823307
70930,0.028150699522010127
70934,0.04626321512695837
70938,0.07130918155970062
70940,0.016502659529029892
70942,0.21872733721325596
70944,0.0038894327174673077
70945,0.016028673934321693
70948,0.003957172688171465
70949,0.014652824893865999
70950,0.04892911812398642
70954,0.004251651664941162
70955,0.003193685484754811
70957,0.003356360243069301
70960,0.03402257883259278
70962,0.18128180200866378
70963,0.00352243900388341
70964,0.1771974842253553
70965,0.08579749561515283
70967,0.01828499245302856
70968,0.005035264144891592
70971,0.010617863934291946
70972,0.18187702537623046
70975,0.0038861387338780047
70976,0.050147976734784716
70977,0.0037273641622446005
70978,0.07672688706900445
70980,0.20062707413546713
70981,0.20626905356686168
70983,0.020510561851532255
70984,0.005443690385266397
70985,0.16228385839651074
70988,0.004186969186782883
70992,0.00782244205553736
70993,0.03459537651067348
70995,0.02356565220846544
70997,0.003028947634616127
70999,0.19337676084249575
71003,0.004060815843456358
71004,0.09406289043631078
71005,0.016627146832158234
71006,0.0029662331446130316
71009,0.08504075033795047
71010,0.003467983970547634
71012,0.05892392210057112
71013,0.08096827766032719
71016,0.006073404510584149
71018,0.03549987428084923
71020,0.04719772777990436
71025,0.04916796188221124
71027,0.06656155520811738
71028,0.013863923973650032
71029,0.009276216317219173
71030,0.07844506782615118
71035,0.04470855695478286
71039,0.03319004423299985
71043,0.007411588702132345
71044,0.031240482702055112
71046,0.014016429066539774
71048,0.05078032997074095
71049,0.20464461334773082
71050,0.021593277173685557
71052,0.004746373902287806
71057,0.047143364060662316
71058,0.003533849521432332
71060,0.019795894122235296
71062,0.003440943386995672
71064,0.00696915074985786
71065,0.08441953432395921
71068,0.008296941736838785
71070,0.3162200509081018
71071,0.2216840749018531
71073,0.014706130748857583
71075,0.052770621150993756
71076,0.023549077169621572
71077,0.05201874562159275
71078,0.0036046282541382264
71079,0.006903011526914423
71080,0.011744861395125353
71081,0.010492728621799754
71083,0.0029629568003326345
71084,0.004281584379369921
71085,0.05003603143221098
71086,0.003541600572871734
71090,0.0030350821916524575
71091,0.11879994957791652
71095,0.1054911942677006
71097,0.008837996491735165
71098,0.2541891671295788
71103,0.006076116392290101
71104,0.0043813432230215025
71106,0.19599010175059658
71107,0.01002971283967219
71108,0.004477530364140688
71109,0.0033734838867806745
71112,0.004343710682214346
71113,0.026092726083828087
71114,0.002914735613276607
71116,0.02617635401182013
71117,0.07783566712150658
71118,0.044669643670780926
71119,0.004299100808453714
71120,0.008036378523515051
71121,0.004032832558343822
71124,0.025607511973471553
71125,0.10522725587381997
71126,0.0355185457146563
71127,0.0173517629959585
71129,0.19050996989480604
71131,0.02732118342677796
71132,0.003429423857092667
71134,0.0032671600969312138
71135,0.002952785786806927
71136,0.20555007449901055
71137,0.03478755329010481
71138,0.020934317950479623
71139,0.031094482714104567
71140,0.00922230079611714
71141,0.022767810654503774
71143,0.002801828505980306
71144,0.0036653084197817904
71145,0.00351597135699541
71148,0.004066969206559472
71149,0.10393731125316094
71150,0.003635031318057593
71152,0.0034952723947292287
71155,0.02976303284954469
71156,0.03188280610943139
71158,0.017748082203516157
71159,0.009948887221075337
71160,0.0029891026043761602
71161,0.006838497525269783
71164,0.030902567810986513
71166,0.0039714451119118995
71167,0.0035309442817192194
71170,0.013765909750522233
71172,0.02138977380000621
71173,0.016698779835416414
71175,0.0028448732366396067
71177,0.026844065370128557
71178,0.005377227056723517
71180,0.06373442244850047
71183,0.008457484417825211
71185,0.039307135705093095
71187,0.019497063461692842
71194,0.011162374052158714
71195,0.003689772732919668
71196,0.02537296931833715
71197,0.03221952213303281
71199,0.0296048267396624
71200,0.2271800846048891
71201,0.017019963036187618
71207,0.005297397222148795
71209,0.0033987176237431677
71210,0.0034721021523618847
71213,0.005920965344418737
71214,0.12509774097637916
71215,0.008705292497832102
71216,0.009791546708032969
71218,0.14550472434802972
71222,0.009876466303110462
71226,0.0627704445477162
71229,0.016033809055881365
71230,0.004857668963114849
71233,0.010838650978035875
71234,0.12133899728466163
71235,0.003032190125447049
71238,0.03256663514280897
71239,0.003707434210543801
71243,0.012998143288520208
71246,0.0053865157472755875
71248,0.030068471235466628
71250,0.02363530499809831
71251,0.013022129063932502
71254,0.003537151274313606
71256,0.010129386259630807
71257,0.004442095576965355
71260,0.007718866219278363
71262,0.010942170347132844
71263,0.004177943489151245
71267,0.25374959927088075
71268,0.22578409101131694
71269,0.004000609758579136
71270,0.17351473335738554
71272,0.017400901299019812
71273,0.0050501881581624195
71275,0.015332213493596172
71278,0.010242638288446116
71279,0.09285936096364425
71281,0.01968761969926953
71282,0.04123771936663025
71285,0.16711549728727781
71287,0.011214718938137044
71288,0.003782516735750276
71292,0.0997301141174102
71293,0.027878110944741026
71297,0.17303828682161873
71300,0.0034610653487439215
71304,0.04056928296184092
71305,0.0029737380509940923
71307,0.138979502832093
71308,0.02811576310749183
71309,0.07844237031598823
71312,0.029770839997044562
71313,0.02563140864272985
71314,0.005182247122139684
71315,0.005138229464679879
71319,0.00917065258293909
71320,0.0035896151805291207
71322,0.18258599307305992
71330,0.004861605078578144
71331,0.04079124671313407
71332,0.02752112846438966
71335,0.003755213016284257
71337,0.008784766017504822
71340,0.0035498502188304423
71341,0.04890053560984048
71346,0.005724497394069468
71347,0.004301260277663827
71349,0.003704039343675285
71350,0.034969325963206906
71352,0.20192579396708274
71355,0.18730621258944521
71357,0.003535123606179397
71359,0.02610633369922031
71360,0.003065856454970151
71363,0.011328542444184303
71365,0.004075831551931885
71374,0.003960049199884098
71376,0.0047919464573962876
71377,0.030751677690754337
71379,0.16700060993623736
71380,0.017746538959514554
71381,0.0563650663619063
71382,0.03456437271128349
71384,0.011212353222292951
71385,0.0033320908170471992
71386,0.004935550096611434
71387,0.004646829906686343
71388,0.02296360491472427
71391,0.009386219719691663
71392,0.01427909558511262
71393,0.004244766102432754
71394,0.003629859050412041
71398,0.0063209438543518565
71399,0.003965286023131625
71400,0.20385514039299638
71403,0.01861889152820731
71406,0.008751238650995677
71408,0.004227597462386012
71409,0.006696363297181538
71410,0.05347999073550599
71411,0.009903019831622464
71412,0.17171029974177057
71414,0.01883075455580779
71416,0.11544238258039716
71417,0.005130712404193559
71418,0.0193019583961565
71419,0.006771040666610387
71424,0.012257048918154078
71425,0.003544870534511683
71432,0.011566252510091215
71435,0.01071897556483015
71436,0.0418765059456263
71437,0.0054762382727678695
71438,0.010253343514609688
71442,0.1745686078408807
71443,0.016301796171238767
71444,0.03733065050001836
71445,0.022965507860418278
71447,0.006223057552139506
71448,0.09117627883988658
71449,0.00884692583435787
71450,0.0034415322447301205
71451,0.0062011304205143655
71452,0.027499938927307555
71454,0.03377220478003083
71456,0.010401189881707263
71457,0.03720030717791357
71458,0.004758932404886607
71459,0.0037414554866562525
71460,0.014427945231771959
71462,0.07326322631735868
71463,0.011688007345112345
71467,0.012761628196169645
71468,0.0038434004396393057
71469,0.06350622203286548
71470,0.005064271287838329
71471,0.04386979008360828
71473,0.003602619809343941
71474,0.18929965806703727
71478,0.004396904652481743
71479,0.03523533448218276
71481,0.20052124413288563
71482,0.0029842142895236583
71483,0.015992235502584468
71484,0.03204529609344612
71485,0.00355214513114048
71486,0.026092726083828087
71490,0.022468427144413737
71494,0.055621992858413134
71497,0.006596387517078678
71498,0.005051168670987838
71499,0.016415696295107748
71500,0.006162945667245718
71502,0.19221611072349665
71507,0.01968919507772291
71510,0.012483800397551776
71511,0.004554445687352091
71512,0.021494864902823048
71515,0.0061728284882975135
71517,0.007874047883549952
71518,0.0036334324646378493
71522,0.032068109758025695
71526,0.24113002771506756
71527,0.010829440663115003
71528,0.03249593863630809
71531,0.04131954470961125
71534,0.24882275658602895
71539,0.007542575784007724
71540,0.010552057922281867
71542,0.0638341084482996
71543,0.026092726083828087
71544,0.03897801923052903
71546,0.004267357079023692
71547,0.03404459072692178
71550,0.03204529609344612
71554,0.00396120619417659
71555,0.14272432823330308
71557,0.026092726083828087
71558,0.007438833712019993
71559,0.007831918359648292
71561,0.08776041062234169
71566,0.010349671322571941
71570,0.02075480155836473
71571,0.01796346497218581
71572,0.07479528838482714
71573,0.004122978193779269
71578,0.019231184623093957
71579,0.002943460151064611
71583,0.010182276940122735
71584,0.0030081761912104776
71585,0.029033664763271863
71588,0.006261815095264141
71591,0.005160971118372135
71596,0.11139374556427858
71597,0.007144425696094034
71598,0.003764835679948827
71599,0.003724437956618487
71602,0.046413014415584895
71603,0.0032297968067612854
71606,0.03333706859497904
71609,0.030085928947250474
71611,0.01495712483542875
71612,0.017189835941078167
71615,0.031014274051316373
71619,0.004438041788995212
71620,0.1998565700356773
71621,0.013733382522475303
71624,0.007635033901867869
71625,0.030607974938472147
71626,0.010738175460625556
71627,0.07380476291078608
71631,0.15483171890933584
71636,0.012895675904703065
71637,0.1636783377494275
71638,0.010541264794353012
71640,0.00374146383392129
71642,0.11514715723990938
71643,0.0035635604992020078
71646,0.003048529249190139
71647,0.003946385989845869
71652,0.2349396664608647
71653,0.09336439057987221
71654,0.02299274609633148
71655,0.003936749178748927
71656,0.0061624927342299836
71657,0.013328098998002583
71660,0.17912178783173252
71662,0.023136119080510706
71665,0.038772737150597134
71667,0.014601379656162148
71668,0.0038452396462219877
71670,0.013860469011813674
71671,0.19356065939153125
71675,0.07676171712189299
71680,0.011846862053432348
71682,0.058829308001006254
71686,0.036471212248520915
71688,0.08941921435623333
71690,0.004325994441932776
71697,0.008217186343713921
71698,0.014517950431570142
71699,0.026092726083828087
71702,0.006718049575475143
71706,0.007946835475159418
71708,0.012010428939372974
71709,0.009360870503008833
71710,0.005961792561383476
71711,0.0042061849793279425
71712,0.017298218865987442
71713,0.027174881846921774
71715,0.2304467899252794
71718,0.012595547237625715
71719,0.004923208779133653
71720,0.060026397418657514
71730,0.04413063950113682
71734,0.00985857647054706
71737,0.06692833620937293
71739,0.004184570392586259
71743,0.06124514124090744
71744,0.005178174486619854
71748,0.03340302387091212
71749,0.006842932038770895
71750,0.0034513200540867333
71754,0.0574885949754051
71756,0.00453915805791719
71758,0.025055412284766702
71759,0.04199774379607015
71760,0.002904477043769088
71761,0.05847284243869033
71763,0.045464354336152764
71765,0.22431575239605364
71766,0.06422359806368401
71767,0.007009233997574217
71768,0.008035764968073225
71769,0.006599082130631262
71770,0.2204428142776925
71772,0.13094288282441388
71774,0.0029808334821407024
71775,0.02964136360913671
71777,0.004255567850009813
71783,0.13884620465283684
71786,0.023275035119149103
71789,0.0050129356414581145
71791,0.006444374953639529
71794,0.009949358823260234
71799,0.0798593269649042
71800,0.013893184776602296
71801,0.045106905477719804
71802,0.005143332339546374
71803,0.1680466893263242
71804,0.004912215302684524
71808,0.009666956072871507
71812,0.12458804520789252
71813,0.19622509335729194
71820,0.0050102944795806905
71821,0.011120682832483192
71823,0.0209892086411976
71828,0.05970468474082084
71829,0.0034520932899480073
71830,0.04383844451427487
71832,0.012718487499210254
71834,0.008353876406962637
71836,0.03941218988155685
71837,0.00322861208082857
71841,0.018396260209964266
71843,0.0033137410724087967
71845,0.028333248114570365
71848,0.016258431966215767
71849,0.007517191947291893
71852,0.003144511580466472
71853,0.012715016865129927
71854,0.07071461588835959
71856,0.006451759691156216
71857,0.003864892429250751
71860,0.022045787437308176
71862,0.19541955160547106
71865,0.028415283144583595
71867,0.014928848601063178
71869,0.05897470060383145
71870,0.0033643898725224256
71872,0.054146368476793424
71881,0.005962159830286988
71883,0.002904022566117966
71885,0.004570667461415554
71887,0.0341664098969153
71888,0.010301443208347642
71889,0.0048492468558243235
71890,0.008357109238853053
71892,0.02241737671911868
71894,0.0039028124190459267
71899,0.07100885980356732
71904,0.04450523416248064
71905,0.04703733873888088
71907,0.04820420107285135
71909,0.06493911926312977
71910,0.0031486503682894846
71912,0.006751898921775358
71913,0.03968424094694872
71918,0.007671716635507429
71919,0.0035863484104453128
71920,0.00353760431145041
71921,0.0032378301379794514
71922,0.005326357337594257
71927,0.006315308926640868
71929,0.00662805159406917
71932,0.003544540687420521
71938,0.013205191730968409
71944,0.0034220460099180835
71945,0.07449720811293525
71948,0.0065782966587695155
71951,0.04889976755962846
71953,0.01300359831221326
71954,0.09811426091279185
71956,0.0302921317447056
71959,0.062273906227511944
71960,0.009079044071955264
71968,0.02487451995518415
71971,0.061801658097279485
71972,0.10143501714308091
71973,0.080171422383147
71975,0.014104103458812389
71977,0.016690280220903835
71978,0.009107734755482471
71981,0.179911935802063
71982,0.06865511721638289
71984,0.14115270104433536
71985,0.00994534938332842
71986,0.014312163468347553
71987,0.006661911367463037
71989,0.00384489254232845
71990,0.04784456801923352
71991,0.009871787467475163
71992,0.03731833410296677
71993,0.0031004179041848315
71995,0.005284771920658564
71996,0.00458943020133289
71998,0.02361706502621429
71999,0.01302522874173822
72000,0.0042587814749668095
72006,0.042346042116268426
72007,0.015180017856864375
72008,0.011744323324747405
72017,0.00406497489413795
72019,0.1177969047041995
72020,0.1702869971467171
72022,0.0029321308408066507
72024,0.19418935199699422
72028,0.0034263683516032348
72030,0.015460862739232362
72031,0.17069933046933228
72035,0.0069995437673521475
72036,0.009771352946704804
72038,0.057071922268812005
72039,0.0033665853528465958
72040,0.03279548455468216
72041,0.014560045584681963
72042,0.03549221816946728
72045,0.004639194801001207
72046,0.008584098522225083
72047,0.0753951780641162
72048,0.04370954977589604
72050,0.22008738788121282
72052,0.005504415957205636
72053,0.18209238047050919
72058,0.05634849670739108
72059,0.002992111249554315
72061,0.0070071425215500185
72063,0.0034950143654716532
72066,0.003553456793544846
72069,0.02501758990467735
72073,0.016641305891660525
72075,0.012124784754418824
72077,0.00323566605779543
72078,0.003048883632544854
72080,0.022080445659117386
72081,0.012878913115867955
72083,0.011882131230803833
72084,0.002978038370184183
72087,0.004970921431613831
72088,0.06529093018125003
72089,0.017591141072996277
72090,0.10402650955519369
72091,0.023732299684200143
72093,0.027908740681016436
72094,0.007654392714707334
72095,0.004676177000135635
72103,0.0037505860929891253
72105,0.04666420782288986
72106,0.11808046871540007
72114,0.0029149505951914295
72115,0.03852384516626564
72118,0.008124732795518144
72124,0.013997839978808786
72125,0.1712563135517829
72127,0.00396113737533413
72129,0.01590256628356321
72131,0.1035056839663995
72132,0.024803816188096378
72133,0.006277661612909648
72137,0.18246797209984622
72139,0.07688599025363191
72140,0.003546513647770733
72142,0.19686680071885393
72144,0.0045708892766455995
72145,0.0029141714071772742
72146,0.18722800304018655
72148,0.01392779096822923
72149,0.01675698436370625
72150,0.003915897470699922
72151,0.021207555829396468
72153,0.009689135828220983
72160,0.02951268125215016
72161,0.0035163954026165697
72162,0.17736896780843942
72163,0.04199774379607015
72164,0.0029673397543668067
72166,0.006813284468126421
72167,0.0037470258398835726
72169,0.015124582295205347
72170,0.0241097410331035
72172,0.008370908858427638
72174,0.006778979042937966
72175,0.026092726083828087
72177,0.054127900511299
72180,0.007768707035354478
72182,0.025150162709274306
72183,0.004855272013986493
72184,0.20877025568858942
72187,0.2566226461822484
72188,0.03341200288808183
72189,0.007499253816324743
72190,0.022021271610132554
72192,0.17118381572279395
72193,0.17552697986521715
72194,0.022000709112120275
72195,0.002958569349042587
72196,0.20219086833201716
72198,0.05601175509579126
72199,0.03458531830847853
72203,0.01356595459890773
72204,0.007249835789135749
72206,0.07342691034779486
72211,0.041745106411595234
72213,0.0030703383448455455
72215,0.26894296574938586
72216,0.0036144613345006817
72218,0.06527276800700445
72219,0.0390475087063299
72222,0.10956031615644068
72223,0.016365117989906232
72226,0.007466918259647305
72227,0.0035471070104559316
72231,0.010958046227393464
72232,0.04575267847623237
72233,0.010273497342035738
72234,0.0037994077762881066
72240,0.03862487091558596
72241,0.018274798026094226
72246,0.09046166136138398
72247,0.005784140218089937
72251,0.009920871232152743
72253,0.04098586514905464
72254,0.008462725547385152
72255,0.010535210225358698
72259,0.1758320483086633
72266,0.0029142205751346863
72268,0.029722751753955914
72269,0.0030651876351722785
72270,0.08104379387814663
72274,0.0038442429200841437
72275,0.01022937077513305
72277,0.0036587018522681344
72280,0.016555713175706786
72283,0.164772259347212
72284,0.05125551885715649
72285,0.13639882722262436
72286,0.009282153385739298
72287,0.003456313664019289
72290,0.007859194457219717
72292,0.0041644787895715706
72295,0.003985739123003264
72297,0.018791005452550108
72300,0.018666728991946317
72301,0.009903019831622464
72305,0.06971390286611577
72309,0.002896454597175233
72312,0.004055886388665905
72313,0.0031758187583058573
72315,0.0076085861582550094
72316,0.02514540215665034
72318,0.006278926318921385
72319,0.0037184481490742578
72322,0.03459537651067348
72323,0.007655514396567097
72324,0.004522945432845639
72326,0.004039435085698617
72327,0.021616745571340714
72330,0.0411651642172302
72331,0.015101209717254073
72332,0.002809813835358404
72334,0.11473194530569227
72335,0.007185090823915498
72337,0.17873028511212613
72338,0.02379390188522068
72341,0.2893483095809866
72342,0.057218303711527585
72343,0.025040978936628492
72349,0.025504591802154697
72350,0.016421425004782834
72352,0.05561101148422461
72354,0.008849568018579333
72355,0.1251088952093078
72357,0.009895906210959942
72359,0.044181529367281216
72362,0.004546786472990705
72364,0.007213338097502792
72366,0.030613088883903843
72370,0.04800270723198122
72371,0.005374727329981995
72372,0.031198524232524116
72373,0.0034944201059653
72374,0.005164724375437174
72375,0.026143734316734845
72376,0.027753972708542303
72377,0.04917283769115046
72380,0.17595181415623182
72383,0.012726053664420785
72384,0.0029401093365074293
72386,0.0031080026484470273
72388,0.004151784152999592
72391,0.010089867522967295
72392,0.22591550462875887
72393,0.05167114024862271
72395,0.01376251226206032
72396,0.046928089924122215
72398,0.03623469213560081
72400,0.004007922219460773
72402,0.032474558562153456
72406,0.21945845451481044
72410,0.04766862763879859
72411,0.2087774169460974
72412,0.09007666084781793
72413,0.0037470258398835726
72414,0.0034665365379339145
72415,0.08943766702942026
72418,0.0937227342134343
72419,0.008767750834598926
72421,0.004761385964494531
72422,0.02265036731044718
72424,0.07969624973927886
72425,0.0441200100162731
72426,0.009955810573172063
72427,0.0034992042484416714
72429,0.008154452747704056
72431,0.0035582469627634186
72432,0.018705140446869446
72433,0.0694619468209522
72436,0.05756080064445367
72438,0.016383499928653376
72442,0.011122184584712458
72444,0.01127849410930716
72446,0.003978265874092882
72457,0.018316804268398892
72459,0.0038701373240301326
72460,0.0035336210336599856
72462,0.009423883037460891
72467,0.003757111739180848
72468,0.008694944508450342
72473,0.0054350852818822355
72476,0.21955458036480935
72477,0.004054509921753648
72479,0.003616295704470501
72480,0.0030233211355053546
72483,0.07691184292759856
72484,0.029159770059617313
72486,0.004700442190683253
72487,0.003567704256773851
72489,0.0039539307508668665
72491,0.04646417587117102
72494,0.008701449118866285
72495,0.043665497876694236
72501,0.026066497984131378
72502,0.01007630438281141
72504,0.020941860609493254
72505,0.006634205320425709
72510,0.032202752709680246
72511,0.013619747359895544
72512,0.030640472968816175
72513,0.006156635619643701
72516,0.06812932206177852
72517,0.003845784237582474
72518,0.004192063317161733
72522,0.03094392085555501
72523,0.03462803643708214
72524,0.01606327899030864
72527,0.003828843661564049
72528,0.06461102302338254
72530,0.06294943748689047
72531,0.011523946573073865
72532,0.046947920095976724
72533,0.008055898247347423
72535,0.0161393427671461
72538,0.03852193392960783
72540,0.005668687376915884
72544,0.06878036317077314
72545,0.007529523864874198
72546,0.008365772562293074
72549,0.003373660978752953
72551,0.04420931159059456
72552,0.20016052048512842
72553,0.0036830147759826493
72556,0.0032179592262693664
72557,0.08566604968450262
72560,0.004012309904638824
72562,0.004807111937048063
72565,0.006620221837943911
72572,0.0035114212053258802
72574,0.011058715036533419
72575,0.02350465355413834
72576,0.22216531337320672
72577,0.003707219632237739
72580,0.004134009583247927
72584,0.1250927916151112
72588,0.04779867114742723
72589,0.24875651536299379
72591,0.07098976910051709
72593,0.01121800479114785
72596,0.058828635287917604
72600,0.011637105198299295
72604,0.006478222776855572
72608,0.00384072624599306
72609,0.013363655061666955
72610,0.003840596445341493
72612,0.04077259565642062
72613,0.0066198115239413675
72616,0.0033766129450537043
72617,0.0541102569699203
72620,0.07359826356568196
72621,0.0035891342526075893
72622,0.044557565745537764
72624,0.01584276135907972
72625,0.007941361214383179
72634,0.010247988808039135
72635,0.01013401373146823
72637,0.004559187371133504
72641,0.0029825561787307636
72644,0.0073441276681554535
72646,0.061052780793370544
72647,0.025004505864583696
72651,0.16385046158066974
72652,0.1367847233974633
72654,0.03646145794064787
72655,0.005825800905599144
72656,0.003391075360892254
72657,0.0065765797484316066
72660,0.006523412952776867
72662,0.006460446219067354
72663,0.003906369236272618
72666,0.003342067143986313
72668,0.0037487375979153616
72673,0.03413556180058487
72674,0.026121293432486963
72677,0.10196274996920786
72679,0.021312222607223725
72681,0.04640027390108532
72687,0.006227703961653985
72689,0.0034171785637221426
72690,0.009840544290338232
72692,0.026437324885091942
72693,0.003072751248955708
72696,0.0028314012786804566
72697,0.05132170930659523
72698,0.03456928875862628
72701,0.1505272702825818
72703,0.0041117435725703845
72705,0.09568269683137894
72712,0.004780911455994087
72713,0.2667631394648592
72715,0.025646916992353646
72716,0.03459537651067348
72717,0.21111906402651323
72718,0.008019715555504384
72720,0.05534463527917235
72721,0.0034478143443118893
72724,0.12536893174866412
72730,0.03183494843042633
72732,0.02283094411239321
72733,0.03106999771243419
72737,0.013187436273695168
72738,0.027015822706074815
72741,0.10212465711120962
72742,0.004298683849428357
72744,0.01565429135576096
72746,0.16015777007149704
72747,0.007121804009291897
72750,0.1767022435138391
72752,0.0033816417034808447
72755,0.0050317350693602795
72760,0.185294395423889
72761,0.019289038481869948
72763,0.004783946672904448
72769,0.04655700959761374
72770,0.01121555768558384
72771,0.1537266185528354
72772,0.09059984578752978
72774,0.01411054407229656
72775,0.003610089459296124
72776,0.08333753652358937
72778,0.013505065059179752
72779,0.06656833713870937
72781,0.006248253345711449
72782,0.1148869288580545
72784,0.006914343931101558
72785,0.0032401631201569247
72789,0.016389155560706466
72791,0.0033518943267004772
72793,0.003516350815644832
72794,0.024628942856392066
72797,0.031052414267488088
72800,0.07295786537113226
72804,0.006439468786559784
72805,0.020773839310216605
72806,0.006499433812878086
72808,0.08595297454064688
72811,0.00605768743829859
72813,0.2201130314133548
72814,0.21721507679443425
72817,0.025188839587158354
72819,0.021248464889504517
72820,0.05167738341449124
72822,0.3063991931219198
72825,0.025040978936628492
72826,0.02984051701685884
72827,0.004540906361756466
72830,0.0033404133695345284
72832,0.0034334763774195587
72838,0.004071182490125347
72839,0.0035060686525385442
72841,0.016520243000950556
72842,0.005256845230932499
72843,0.01152397712614409
72844,0.003471355137411216
72847,0.009802863613046992
72851,0.01153990207448125
72853,0.23024237326259264
72854,0.006410206127117357
72857,0.01439351758659934
72859,0.04011312416369214
72860,0.003804275876365442
72861,0.0034519701618500142
72866,0.008881675798151053
72867,0.01024835468848831
72868,0.003917966738897549
72869,0.003668272448167466
72870,0.016161768570376274
72873,0.005030738533459991
72874,0.05190528136035829
72875,0.006399858384460567
72880,0.005903668996848872
72881,0.01450233004298699
72882,0.049039472229886125
72883,0.015145138178773863
72885,0.0072156988490282665
72886,0.008222341414633126
72888,0.025496036050235208
72889,0.030591439267021264
72890,0.03123243215544234
72893,0.06726124180411708
72894,0.01462936446675551
72899,0.19527076637220991
72902,0.045405872275810444
72904,0.18184505431205739
72908,0.04383150491051983
72910,0.011878723299529001
72912,0.003675196572806737
72916,0.01906898071540117
72918,0.01575055438971346
72925,0.17716572336769976
72926,0.02383558613931567
72928,0.09073333180628838
72929,0.0037533085109411283
72930,0.19241285272094763
72931,0.003923154573955416
72933,0.003505285994950628
72935,0.011456286023825459
72937,0.040585568021728
72943,0.0060382589994526364
72944,0.003276289128863623
72945,0.06936590384863521
72946,0.06871776003743053
72950,0.22562890379225276
72951,0.014131592329533664
72954,0.002895791422120898
72955,0.017609687334480963
72958,0.007060882894466853
72960,0.002967306222225303
72961,0.02411732482283483
72963,0.20337870179538
72964,0.017045231987795385
72965,0.0028705728819239363
72967,0.0029288298690681204
72969,0.002831300872033413
72970,0.005495344754198751
72972,0.058288191507514596
72973,0.012117648539357666
72974,0.030347847829383053
72976,0.05097940372280692
72981,0.09896188484152244
72982,0.0074081668814942915
72983,0.03202135090656117
72984,0.004158460401445606
72985,0.004371199772830657
72987,0.010830442454602142
72988,0.0051518424082956345
72990,0.09195071083746145
72993,0.06133080599493021
72994,0.004170286130887497
72997,0.004051599357109143
72998,0.024178663599149337
73000,0.0029481265412100205
73001,0.011543406923722384
73002,0.22568227743491373
73005,0.06867412059653066
73008,0.01383152342845832
73009,0.23415059536929167
73010,0.06103312952885631
73014,0.06116747788447755
73017,0.00892345721988266
73021,0.2513584883200796
73022,0.017817663901734886
73023,0.022678947815418547
73025,0.03433305678066413
73026,0.005969711388894174
73027,0.030313238880066377
73036,0.0038547372294141066
73037,0.03619395062608485
73039,0.004069468241571005
73041,0.22253987355459393
73044,0.004216025095941426
73045,0.006178847803814335
73046,0.0038967501148533586
73047,0.018151212088335096
73048,0.004698729122050115
73050,0.003956805913347483
73052,0.010327061814405247
73053,0.012148228424813872
73054,0.0035799855558936965
73055,0.09753508145790082
73056,0.011327606935043881
73058,0.00854177667931254
73060,0.0114829558910171
73061,0.023651305607664413
73062,0.06026164666128462
73063,0.0195129448624287
73064,0.0034266262662307092
73065,0.013295921333936185
73067,0.026092726083828087
73070,0.05308494590332256
73073,0.1511855026049734
73075,0.011859345123462756
73076,0.009997851112846054
73077,0.01098033220387498
73078,0.011122621242206336
73079,0.003542707115603056
73083,0.003928629522799269
73087,0.006167880469015779
73089,0.28661892958074964
73091,0.07730049947462664
73092,0.2637306541645269
73095,0.005804364350191143
73097,0.02410525408189737
73098,0.22799070298745033
73102,0.033251153941411336
73103,0.23551167186383704
73105,0.004283699973375365
73107,0.011925836997734158
73108,0.00878595728783247
73112,0.025136803912988726
73113,0.016332494325099048
73114,0.014976155312844198
73115,0.00930466028641091
73119,0.004716705900960353
73120,0.051528489050480256
73125,0.045689210221187215
73130,0.254198032929575
73137,0.1816219492159077
73138,0.0036719760739893966
73143,0.06322166498607126
73144,0.00870944450522986
73145,0.022437864847112514
73149,0.03197134646388707
73155,0.013707559330379383
73158,0.021077115923701813
73159,0.004444924729166138
73165,0.0053373422734010224
73167,0.0034216116111271885
73168,0.23431369689841688
73169,0.020149260222007182
73173,0.0029926186921173923
73174,0.012805333732770216
73176,0.0044436301960457504
73178,0.0037564487298053276
73180,0.006913019011351502
73181,0.005552969460135633
73185,0.005413915439719083
73186,0.01947059070035958
73187,0.007889478797882044
73191,0.18359043942236397
73192,0.24070037531722488
73193,0.003756667675428054
73196,0.05599577255939816
73197,0.020124320262708943
73198,0.005195117964190012
73199,0.00374742352688852
73200,0.006869894494320071
73201,0.004211444511054448
73202,0.011741829348709654
73203,0.23315794363125314
73207,0.16424936309832444
73210,0.0038550403470936014
73211,0.10499071625348962
73212,0.014456362556613105
73216,0.045107372556002216
73217,0.021113757964664363
73223,0.00408060940504107
73224,0.0029542374998635258
73225,0.2216873483704415
73227,0.03914086023771284
73229,0.031033582509805997
73230,0.029778734456483272
73231,0.004241110221099659
73233,0.016722010143569624
73241,0.00650646848497446
73242,0.009168562178180403
73243,0.005067277521426909
73245,0.23706984239633785
73246,0.026830253397366433
73247,0.005222422067964541
73250,0.07575732065315209
73253,0.19711166393435436
73254,0.002885751952243319
73256,0.011789229053452841
73257,0.0032069508425015
73258,0.00874081149100999
73260,0.011446232667605784
73261,0.010929194659058755
73263,0.07308557262434587
73266,0.009053953972198513
73267,0.06684854028519163
73268,0.013300459550064207
73273,0.06303933279720038
73274,0.005685963060253009
73276,0.2546244152519273
73279,0.017555860014489156
73280,0.00409666662325613
73281,0.10145836460358991
73288,0.006914147833935662
73293,0.09771583751663816
73295,0.031179066399698068
73296,0.017392806054160992
73299,0.05279569325514709
73300,0.003737325017809413
73302,0.015576756954133325
73304,0.09780557291016116
73306,0.012005050293049003
73307,0.039872943215322164
73310,0.0033761579425356544
73311,0.016591655868488174
73313,0.004491458183367059
73314,0.02844410833119282
73315,0.0036115881955516667
73319,0.2943402034477869
73320,0.0036575102690320684
73321,0.014640798088486104
73324,0.02291052548019101
73325,0.17666313083311136
73327,0.004907542166519561
73331,0.038009051588821355
73333,0.017404026801503873
73334,0.033936051834735324
73336,0.005775089759657978
73337,0.00757963591380579
73339,0.04258611010828581
73340,0.00948156480185106
73341,0.09091906093510405
73342,0.008660717580095807
73345,0.005494929214330724
73346,0.019733491154271945
73348,0.09025651185021508
73351,0.009051133659733548
73352,0.03481347301529147
73353,0.0038374713575585807
73354,0.03922582070359251
73357,0.07015068896075538
73358,0.008381803632068568
73361,0.0042175279198806
73362,0.006172636584793314
73363,0.2559426693942424
73364,0.030127788983577174
73365,0.0035221378853996324
73366,0.0045052547991754135
73367,0.049722622453501786
73368,0.010637239046595734
73369,0.022169806510485
73372,0.002888003761877942
73374,0.20062707413546713
73378,0.009854079250944963
73379,0.025531852760104175
73381,0.09524167321054083
73382,0.021367646355871312
73386,0.062923983019909
73387,0.0036653084197817904
73389,0.006836313467153906
73390,0.018783868816924443
73391,0.025449789558398977
73397,0.007519037118861791
73398,0.011745011389589378
73404,0.01820689430779495
73405,0.0028623421995863
73406,0.008215484703968786
73407,0.0033793422406859066
73408,0.005149938008299239
73410,0.011285050877923437
73413,0.026545233492656528
73414,0.04579475283727288
73415,0.04388745507683075
73416,0.010557085802269805
73418,0.012489041847033425
73419,0.22717318896936345
73420,0.011030488055340982
73422,0.0066709955953041244
73424,0.0028284211740105584
73430,0.19419953723556
73433,0.17276816669203382
73436,0.00683375057518569
73437,0.003102674195593134
73440,0.08974900909231381
73441,0.26230275966244343
73444,0.06989272719293531
73446,0.004087302108989712
73451,0.006959140219125495
73452,0.03243613391940261
73453,0.09549517200939091
73454,0.01923695469824038
73456,0.09396098009386648
73460,0.004602377593495271
73461,0.024854481126559698
73462,0.026463454033420087
73464,0.21193335176303113
73468,0.012489238022243785
73471,0.02548593210338378
73472,0.20216591600558864
73473,0.020936728110965943
73475,0.036398353665862304
73477,0.04239550823985118
73482,0.010991789468291921
73483,0.2031767370537227
73486,0.0028946411130268334
73487,0.15578320892633085
73488,0.011153790229739714
73489,0.0953875236826143
73491,0.10235204452328289
73492,0.12350821322623909
73494,0.16343603578362773
73496,0.057259818491302975
73497,0.0032814269643203667
73499,0.004000328452967824
73500,0.017592097286830245
73502,0.006881001445651246
73503,0.020132973092436463
73504,0.1329834219590634
73505,0.0034672385803893122
73506,0.16343603578362773
73507,0.015762653247304664
73508,0.019647363809177268
73511,0.00409666662325613
73518,0.0047643026312670774
73519,0.0035394427241675647
73520,0.01664320728675552
73521,0.014705094989916411
73524,0.00353641314750704
73528,0.015259524622729457
73529,0.004960821856630587
73533,0.0287171374298658
73534,0.038261234849929465
73538,0.0030906173495938148
73539,0.00962457884104556
73543,0.0036092641023352657
73545,0.15992465762115177
73546,0.08875692900961955
73547,0.017516595375241948
73548,0.0037880484450331037
73550,0.02021545232453896
73554,0.005591514214303742
73555,0.01719320814551153
73556,0.005463117821859631
73557,0.00347977620568963
73559,0.08297837426971919
73560,0.01632663421667094
73561,0.007227203922906545
73562,0.1622888579333333
73563,0.007978225441364634
73565,0.06746198365837847
73567,0.010129509455096244
73569,0.023827067521429136
73570,0.030981750638145778
73571,0.03341963604794409
73573,0.004199064453974718
73574,0.003025001237645443
73576,0.0162142203061622
73577,0.0090090955549384
73578,0.008799780328169571
73580,0.010675802208871482
73584,0.029815569055036493
73586,0.039500522494337706
73592,0.08302961781134927
73593,0.027779219416133545
73594,0.03577684693365109
73596,0.0042146044622985695
73597,0.017642433862979482
73599,0.10700236817181749
73600,0.020350392307014395
73601,0.014628765710833477
73605,0.0037831298305901185
73607,0.08269403461080116
73608,0.0030138772011975294
73611,0.01422976224967023
73615,0.03343304278152267
73616,0.0034565456513790853
73617,0.006310285420592666
73618,0.049170484772757934
73620,0.004139976922307215
73621,0.006074761395905679
73623,0.013133049449436635
73625,0.026489988226381607
73628,0.02139173199171129
73629,0.06396684503878915
73633,0.007464298353615356
73635,0.25291393986667743
73637,0.002912148313105049
73640,0.00849066325287719
73641,0.003557060603774303
73643,0.0053588335547866805
73646,0.056284449912443
73647,0.008743769073331607
73650,0.010568081434609303
73651,0.008771262084414958
73655,0.003998932808272341
73656,0.018338950445082373
73657,0.00946015050672654
73658,0.08922063648584715
73660,0.07920982028029643
73662,0.0314156898241301
73663,0.008269013711464445
73665,0.021189483346165962
73666,0.00467053039551829
73667,0.0036378295721042737
73668,0.004912780206791445
73671,0.006206686221466051
73674,0.0029056445873939037
73676,0.010456803123811186
73677,0.012940765984394528
73678,0.0032802312238248677
73680,0.0043756411911388855
73686,0.09273017924881441
73688,0.0032934443626487907
73696,0.006952859962695078
73697,0.003706049593118578
73698,0.26251916565103167
73700,0.14362444186803497
73702,0.015077823535724006
73703,0.14377892021223607
73704,0.00420584351017544
73705,0.00497245076691781
73706,0.21912732483319533
73710,0.28423422004738136
73711,0.004723411907958486
73713,0.07126869082638272
73714,0.014028538945084372
73715,0.038892032296394465
73719,0.028489907417941208
73722,0.09863259056133908
73725,0.012347042752141
73726,0.02746514624408281
73727,0.0033759013860601254
73729,0.035679800286228316
73730,0.10046952042874815
73731,0.01789918245344574
73732,0.004015749387698291
73733,0.006876428592880396
73734,0.018849834423853497
73736,0.004311279182800659
73738,0.004385594011363425
73739,0.025040978936628492
73742,0.0035838591199315547
73743,0.14420406618360687
73744,0.031285680255343264
73745,0.04199774379607015
73746,0.0039133593051641
73747,0.018363965341197604
73749,0.06094466857828615
73752,0.03249049262311744
73756,0.008086058796921626
73758,0.0075201465472530486
73760,0.01741373667940773
73764,0.004600214049848008
73765,0.002908516106619299
73767,0.005855554392726711
73770,0.18913239808284635
73773,0.004388898851280653
73775,0.06318734530315999
73776,0.007974655550598083
73779,0.18815511648126745
73780,0.007583675067592965
73781,0.0035976800240280003
73782,0.1891566737049381
73784,0.007813574483784566
73785,0.028476930769833642
73788,0.002852301207354295
73791,0.16558120673698778
73792,0.10014188851299348
73794,0.0065529476971419014
73795,0.04612532505789348
73799,0.023915956642237876
73800,0.003105255468368003
73801,0.00916619432866875
73804,0.017972459426479303
73805,0.07577754685849226
73806,0.006468419605302789
73809,0.003996159545034174
73811,0.17714987718868974
73812,0.011388574282810985
73813,0.15234453977699336
73815,0.0952212375313202
73818,0.004897399229428979
73819,0.004267226810230471
73820,0.014236940552009598
73821,0.01571893981165691
73822,0.2052635061177134
73823,0.009129234204185273
73824,0.03659473627781582
73825,0.006104701549292928
73827,0.04883165121537365
73829,0.0748725211067632
73831,0.008280624629336581
73832,0.003920733795997655
73833,0.003365716289708819
73835,0.0068364287444686415
73836,0.010802788378024793
73838,0.22446773600514652
73839,0.0037840789052392024
73841,0.16086368177754012
73842,0.13213165058258344
73843,0.008680062193834215
73845,0.0034188035920632597
73846,0.02990028574566583
73847,0.015608475119677053
73849,0.22850855016549107
73850,0.005720302980654582
73855,0.15681211839005285
73856,0.016749348381573548
73857,0.0132363062829781
73858,0.1771974842253553
73861,0.0038597243470424054
73864,0.006592372251097626
73868,0.0199752189036943
73873,0.09721788795692748
73874,0.026355158924230866
73875,0.014383972467966022
73877,0.008768236629444955
73878,0.004970477713886861
73879,0.015606475220927826
73880,0.004041827766895916
73881,0.004444205555680673
73882,0.007547246639838771
73883,0.003716728332522936
73885,0.045871400970295996
73886,0.005059537572628316
73887,0.03490364886372602
73888,0.19527076637220991
73889,0.021065804540268233
73895,0.050799137928475825
73896,0.04394019608285571
73899,0.009042420576874077
73901,0.046184824004617896
73902,0.0050917226832518135
73907,0.005552506838922798
73908,0.02884872267663412
73909,0.006357462314358526
73910,0.1227558800677422
73911,0.02574495764362999
73912,0.007107710369819965
73914,0.02361706502621429
73915,0.04309650297264844
73916,0.013972718615515467
73922,0.03205864618416534
73923,0.013230027430778444
73924,0.042832906522695655
73926,0.010482940700318778
73927,0.19874084765749914
73930,0.22115015341923597
73934,0.010236848377888033
73936,0.025219212901278612
73937,0.12286238889370678
73940,0.007397623842173559
73941,0.003798824113641853
73942,0.003764073507341683
73947,0.032485363132026004
73948,0.09801288733103147
73951,0.08614451814943791
73952,0.005534290446121316
73953,0.043442338499421015
73956,0.014230681196406329
73959,0.050422978578551214
73963,0.0033602275588548456
73965,0.027730846203290596
73967,0.24762774466549275
73968,0.002943912564386649
73969,0.011711766718768191
73970,0.011730402692403948
73973,0.06739070044583755
73974,0.01016402394823583
73975,0.007656213530676731
73977,0.004470869725260483
73981,0.002778310868362933
73982,0.005508506876344231
73984,0.00799577422652879
73989,0.003647435416656174
73992,0.026092726083828087
73995,0.006770292873090164
73996,0.002949433136827675
73997,0.003441885201421363
73998,0.11952990702297998
73999,0.04060922757696608
74002,0.011890894362018404
74003,0.003024454843037068
74006,0.01578946608892101
74007,0.18165405019319897
74008,0.005254733375938357
74010,0.07397716001524646
74017,0.01819691031849251
74022,0.014708866698919309
74023,0.19609395685602327
74026,0.006012520893421865
74029,0.017189347011571137
74030,0.02891108501703155
74036,0.12720507205029893
74038,0.09812204218568925
74039,0.026092726083828087
74040,0.14430445216615156
74042,0.0035766957103015255
74045,0.006451447609734349
74051,0.0038477271092104428
74054,0.10690742958592879
74055,0.004020983928169187
74056,0.003707568683103126
74057,0.018014278352303813
74058,0.03928201501210534
74059,0.0176605842674677
74061,0.010749052513523972
74062,0.013088252875100792
74064,0.019441504375036205
74065,0.0046146614254720855
74066,0.20365461427670392
74067,0.16766706691589822
74069,0.0037144875042111492
74070,0.2145098910432899
74072,0.0037107612336251183
74074,0.0454821893863264
74075,0.003652913820408162
74078,0.0301595663126219
74079,0.02155985588862081
74083,0.20219086833201716
74084,0.013605619457264137
74086,0.0036030617131765073
74087,0.022854531700813877
74088,0.019592848477628436
74092,0.029814842065866046
74093,0.007695020079214682
74094,0.005989665496162482
74096,0.10284797664880488
74097,0.19980292953333118
74098,0.008771616149031063
74100,0.0037362197067276398
74101,0.006721955610009271
74102,0.0035821216903463428
74104,0.004639045934600153
74105,0.018615862794445437
74107,0.002914783539457507
74108,0.004344218745886262
74110,0.0075411708749396735
74111,0.003792296813548685
74113,0.009207363525131615
74115,0.09001464443887634
74116,0.1545114222987816
74118,0.05843015844800843
74119,0.014133244243359964
74120,0.007218007457301483
74125,0.0029865919702344165
74126,0.03923387707879516
74127,0.0595077970473201
74128,0.010496118826797978
74129,0.0623495713558479
74130,0.006774420575732687
74131,0.010743266609912778
74132,0.006978165123900365
74136,0.0035193580335517063
74139,0.011882438488495321
74140,0.004120765375823294
74141,0.003039656114389441
74142,0.0029347346607109196
74144,0.011890585525960846
74147,0.04339973596962379
74150,0.01752267309864238
74151,0.09264994158520436
74152,0.28821819532993354
74156,0.009853526063210966
74159,0.037486785376566106
74162,0.008746542287413292
74163,0.26703644480299676
74165,0.02309096225639379
74171,0.07270999651347432
74174,0.0042730742861052315
74176,0.0027889439134901736
74177,0.014825532621045764
74178,0.006564431066779402
74179,0.003699583542455094
74181,0.029269165390561774
74183,0.07124299480109136
74184,0.16847910556883094
74186,0.009975021344616964
74187,0.003926477129362065
74189,0.036172791682735767
74190,0.0055792952647174925
74193,0.2248873317520074
74194,0.041971955560832205
74197,0.05841897982684129
74199,0.011279007287562084
74200,0.10783358819716515
74202,0.008994139278968126
74205,0.01728672116464535
74209,0.01705723955656252
74210,0.0035303995699681283
74213,0.010839136355429777
74214,0.025059796919615684
74215,0.23194396549207463
74216,0.028530202831093282
74217,0.003500218719269484
74219,0.07743083112667369
74220,0.005138850964332552
74221,0.06973626492460863
74223,0.01221845517494894
74225,0.05555687503478039
74226,0.020827908779205734
74230,0.009903549496089096
74231,0.010010153683235726
74234,0.008785120655440386
74235,0.04486633615158016
74236,0.004063818363857252
74237,0.04291976147969413
74238,0.005297440359515064
74239,0.0279830667410389
74241,0.009025391752229219
74243,0.0053061933230728825
74246,0.01184682610289617
74247,0.0033207105058880755
74248,0.23430412789669552
74249,0.05157011127341766
74250,0.017626630285288054
74251,0.0041434548095688715
74254,0.006514705995410216
74259,0.0035784734327515607
74260,0.004563219046462931
74263,0.1775874728848592
74265,0.007662999413221954
74268,0.008304320027808893
74271,0.0968808853635034
74272,0.03262976970465591
74274,0.06027296574765539
74276,0.0036653084197817904
74277,0.004294505639445765
74279,0.0029509655501429475
74283,0.02172618835150703
74289,0.021558038590464974
74291,0.045806894297940076
74296,0.19527076637220991
74298,0.0037851112952609935
74300,0.14671613612887066
74301,0.024466079561186436
74302,0.01043479921348201
74303,0.14115632348692608
74306,0.0037293769502955505
74307,0.003365532939054866
74308,0.0036293604769999308
74309,0.022618987736569594
74311,0.051668397400423546
74314,0.0034951210441326154
74319,0.007648935185162424
74321,0.0029570694777261465
74326,0.17781681630083712
74332,0.04894143519002089
74334,0.00561683811998122
74335,0.07175759473765353
74336,0.00693992356317445
74337,0.02356746281561963
74338,0.010553189597719335
74341,0.007425230601731441
74344,0.0038694692318372156
74346,0.009877528279062117
74351,0.18946125189767715
74352,0.13129695235951422
74353,0.002960804176335819
74354,0.021909861387584904
74355,0.026092726083828087
74356,0.00872713069691767
74357,0.0042804956612480915
74358,0.00525418510062884
74359,0.007422251949867062
74360,0.006707660734701443
74361,0.07575732065315209
74365,0.07418628760402037
74367,0.004470024437460071
74368,0.20295233416109987
74371,0.004427844170611386
74372,0.003066289577380881
74375,0.0035270105775471686
74376,0.010455034812636077
74378,0.026092726083828087
74380,0.003519658203763366
74381,0.017738472357699684
74382,0.004041881891767533
74385,0.013884516026500655
74387,0.026913813873466797
74389,0.003173594136061984
74391,0.06202683773811622
74392,0.0038415079692406605
74394,0.08769452660788449
74398,0.0037382641425248416
74400,0.025445108545259824
74401,0.22684731963426702
74402,0.003194182195430585
74403,0.06702678348827888
74404,0.158506742444552
74406,0.007135492277382411
74415,0.03824392948478072
74416,0.029531723321500766
74417,0.07980306496073146
74420,0.0077171764676067026
74422,0.034620270495551976
74423,0.009006006651296876
74424,0.0030579996698395853
74426,0.00428631904770959
74427,0.008033617803093949
74428,0.004267839348436918
74429,0.20322218418598
74433,0.14758458132884097
74434,0.08630965074575624
74436,0.009040635905657119
74441,0.04494280359858177
74442,0.024530577786986408
74443,0.12920919679471718
74445,0.23511111676883717
74446,0.0029417530111369014
74448,0.0035266317012859895
74450,0.0031523636600528948
74451,0.28298418121889696
74452,0.013280844637062627
74453,0.012115522854142342
74454,0.07428892770536653
74456,0.0039238906933971055
74457,0.06696363155248763
74458,0.006537070447315105
74462,0.02603795983394044
74463,0.03598502694310115
74468,0.010602306112463532
74469,0.0186212200009963
74470,0.017241248536846707
74472,0.0038087225116409627
74473,0.00409476340920959
74475,0.004979691769697751
74477,0.03723931109124312
74478,0.0035430839078159386
74481,0.13980460656707785
74482,0.020722982621970792
74483,0.016073611685458546
74488,0.012224138445390767
74489,0.005265591149874908
74491,0.03163238532951066
74494,0.02137380796195827
74495,0.0030402958963346677
74496,0.010401013101259226
74499,0.019911213125629053
74500,0.011859377117897946
74503,0.06764250723448349
74504,0.08172541699168705
74507,0.004082688702633446
74510,0.007579568520439897
74511,0.01778068758231677
74512,0.0036326647666322103
74513,0.003900162161854444
74514,0.16115409980656295
74515,0.013640734709918485
74517,0.003972856651682088
74523,0.00815727158260861
74524,0.049554672777517836
74527,0.011157290797822543
74528,0.005908849180055157
74530,0.005375970273141913
74532,0.006024962701149347
74533,0.0032373847167295904
74534,0.00795911795452963
74535,0.0038769247358326564
74537,0.05653184308347453
74538,0.07785801320700572
74541,0.011633520924371955
74543,0.029517985078646284
74544,0.010412877286492888
74545,0.0029730286009776626
74546,0.009861916179168486
74548,0.0096194249720266
74549,0.01279055460477454
74550,0.018812635373241415
74552,0.015618386265626446
74553,0.007850818234944696
74557,0.00663671011071441
74558,0.10463367077480261
74560,0.10420720993149118
74563,0.003762308077879958
74564,0.08154527446964538
74566,0.0034019157081816363
74568,0.02780467679235279
74569,0.04477096412673803
74572,0.061343144885674744
74573,0.012771534961097387
74574,0.003127985940407117
74575,0.026092726083828087
74576,0.011675935634837828
74577,0.033843701046147534
74578,0.009156080307452255
74579,0.07027694368117199
74581,0.19846498127578252
74583,0.06232736585005393
74587,0.23940263402281592
74591,0.05896503242701838
74593,0.21788816780841055
74594,0.005671360400031394
74595,0.017123453354704977
74597,0.004373325613835478
74598,0.006826615005515803
74600,0.06441223479842506
74602,0.0032667638134382167
74603,0.004016948546478395
74604,0.004984222768606821
74608,0.008721755432266285
74610,0.006940599074494597
74611,0.003921415940170449
74612,0.0034145752326506583
74613,0.011525134483513408
74617,0.0035427355785606065
74619,0.009593205084536325
74622,0.005020820596286038
74623,0.21533636047898222
74624,0.03458218459995671
74625,0.023801405421981732
74627,0.03017164397439971
74629,0.003987584113907737
74633,0.010142808913761079
74634,0.020469699913922817
74635,0.0533092383699183
74636,0.0029777549808021955
74637,0.0042139994802641
74640,0.007167830449528311
74642,0.07362603488236205
74643,0.003704794963525909
74645,0.003915181461866649
74646,0.06061862099149005
74651,0.0034639592915106606
74653,0.005072307575263323
74654,0.08936543169053043
74655,0.004079990912977726
74656,0.055814411897706494
74657,0.005028397219381465
74658,0.05681446778503812
74661,0.06878185714073516
74662,0.020900888909250678
74663,0.0035630029263427907
74664,0.0052281745716402225
74667,0.041172869880613264
74668,0.02170357541738625
74669,0.004388898851280653
74670,0.014820916529399186
74671,0.13658313711659814
74672,0.012554106895018352
74674,0.00695943100003443
74675,0.005109335605091463
74677,0.004562442664680163
74678,0.016161768570376274
74680,0.007555485024104488
74683,0.1585005353277614
74688,0.003804377852618383
74690,0.002942685756870829
74691,0.005256333250344403
74692,0.0038504554080176184
74695,0.012772360437424697
74697,0.015742409291810717
74699,0.004024914301544637
74706,0.0032798429298893884
74707,0.04952677853578324
74711,0.0041734362402008635
74716,0.25343303006455026
74717,0.005403609566560549
74718,0.003763198543323448
74720,0.004261666038193055
74723,0.033431354809142416
74724,0.018971170780007412
74725,0.012289176710972391
74726,0.004510625093877104
74728,0.010253109185721025
74729,0.0040557163943699
74730,0.006724693518284055
74731,0.011525454905068126
74733,0.007592014583798553
74736,0.04963759786363749
74737,0.014868666997093929
74742,0.0035435984010230097
74746,0.008881829451732395
74749,0.002938980935324113
74750,0.0031785800682102763
74754,0.009654689824470125
74756,0.0038462877283053404
74757,0.012690737670275412
74759,0.006531245781756444
74760,0.012261483598127279
74761,0.01613244815017339
74762,0.16663239058630402
74764,0.004600075775958212
74768,0.029241233797266498
74769,0.0029501258710512286
74771,0.009835675165647333
74772,0.21897389623255312
74774,0.03459537651067348
74775,0.005388564109844564
74776,0.007433168431407687
74777,0.014543936421301628
74778,0.0032580938480567152
74783,0.004138983821505605
74784,0.033479535862398685
74788,0.0055501229184115935
74789,0.01534768828320681
74791,0.004932312459626409
74792,0.047068193133585644
74795,0.0037146166535950904
74797,0.008776115402591551
74799,0.007461747001416906
74801,0.003452497596742956
74802,0.11566817857151876
74805,0.008511791900714437
74806,0.18757689453034582
74813,0.006177789769040261
74814,0.012347267844965065
74815,0.15876733949763872
74818,0.005538914955471873
74819,0.003001890745654856
74820,0.003313257104759094
74822,0.024405100474371288
74824,0.009446436323465554
74825,0.026092726083828087
74827,0.01058654598302701
74828,0.030068019039504294
74829,0.002978908227700814
74830,0.011752167823857212
74831,0.01313428822929414
74832,0.00332555366391962
74839,0.01774135951534433
74841,0.12628190540079193
74842,0.11012166710914668
74843,0.1621537869806747
74848,0.0034964361935477853
74849,0.16061309711958782
74852,0.00755529857418968
74853,0.031627012606586964
74854,0.045415969143585845
74855,0.0056977165451017305
74858,0.010725495831752217
74859,0.010767775920578733
74860,0.20637786014090512
74861,0.01784125295628589
74863,0.0029712280389162173
74864,0.004712363061270378
74865,0.19527076637220991
74866,0.1505272702825818
74868,0.01178486344842154
74873,0.014822411171486595
74876,0.0038919601189505004
74877,0.02749435926891875
74879,0.012690588884047577
74882,0.005663166196498171
74885,0.012874393038977233
74886,0.03440208572749748
74888,0.018663965931028217
74890,0.010045710758503251
74891,0.09655615044619015
74893,0.0033905747574152476
74896,0.014077899149309986
74897,0.005211603359140067
74898,0.07471426642789335
74899,0.02128000178609796
74900,0.016905738761230693
74902,0.02052271968990722
74903,0.0034418167936669268
74906,0.003985697941673004
74908,0.15234453977699336
74910,0.009371612359542439
74912,0.014117229288348458
74914,0.06753624423648298
74918,0.0033264233890192463
74919,0.1191980577164573
74921,0.004007508056351112
74923,0.016198026736948416
74925,0.0042186295308164175
74926,0.004260263239119822
74929,0.01075138228238258
74930,0.035050233529437
74933,0.008082341122388419
74935,0.0037127980893249886
74936,0.005250437470850679
74938,0.0055156821506733514
74941,0.004850770073299887
74942,0.01853913327442485
74943,0.026092726083828087
74947,0.010445954929620532
74952,0.0290367485059071
74953,0.008206498238064817
74954,0.0037374237192470384
74958,0.014964154467890706
74960,0.014468694235614591
74961,0.0914306825154105
74963,0.0032887946444711113
74965,0.0032106800709055814
74966,0.00676867572258307
74973,0.2940696120289988
74974,0.003300101169350881
74976,0.004205527785064975
74978,0.006312585230107856
74979,0.006185893208988596
74980,0.01390367471127402
74981,0.07756706647402992
74988,0.014518757263357948
74991,0.03752159922798302
74994,0.004282735892685318
74997,0.3638900169660018
74999,0.017479887530103783
75000,0.032131819634887794
75002,0.020302047332043698
75003,0.01175044779506417
75004,0.020209459189876357
75005,0.02102393315817669
75006,0.03240032711898909
75007,0.034314728661956395
75009,0.0035968705597107906
75010,0.0037019857335174613
75011,0.05024847085602782
75012,0.0967340160511046
75013,0.005151026455455937
75014,0.016334202687139407
75016,0.04909646291806077
75018,0.0041544518426027115
75022,0.008783860458046532
75023,0.003396575277729994
75027,0.006424559356501414
75032,0.010818380955377968
75033,0.007871230065078014
75036,0.12536893174866412
75038,0.07632035180380248
75040,0.04939191839031912
75041,0.0033415546274395
75042,0.06811852259379396
75043,0.21294582063873208
75046,0.036862301840062506
75052,0.034874173463054145
75053,0.23530357376212882
75054,0.004275685242532412
75055,0.015621732504139715
75057,0.01413162630820689
75059,0.06061451330685497
75060,0.18084525947965055
75061,0.004731446244307627
75062,0.011258124558215113
75063,0.046538151078381176
75064,0.0037434702527581023
75065,0.03024819270834772
75068,0.003995015793388045
75071,0.006974125535425232
75072,0.11740724358169632
75074,0.31173481797753033
75079,0.0254514217046835
75080,0.030209620925758563
75082,0.02618333295123186
75083,0.0493929747037526
75085,0.0508952743429532
75087,0.011928714196494312
75091,0.004273517147170685
75092,0.009023367939002349
75095,0.2759328487176236
75097,0.004442563113065701
75098,0.008005313916057586
75099,0.025835449816959795
75101,0.01440134637782668
75104,0.029567344322067965
75107,0.033353063937311106
75111,0.029740536519556653
75118,0.003583732419378791
75119,0.01180106885534215
75121,0.009874501062740652
75125,0.009060390470195183
75128,0.005184742082357809
75131,0.01556767145684731
75134,0.12824849088568754
75135,0.13343966271768862
75141,0.0060533564311389875
75143,0.015656319047007487
75144,0.042535593972620106
75149,0.06224082731093049
75150,0.03406122261334937
75151,0.012962237765009505
75153,0.004356730860203922
75158,0.004393081284156468
75159,0.04419356636229637
75160,0.004484071088495405
75161,0.05281977995987191
75164,0.004608661610888072
75166,0.01410025016880176
75168,0.0076675482813875215
75170,0.0035452094094483907
75171,0.01511839142797121
75174,0.0031118549268799992
75175,0.003397204704776961
75176,0.026092726083828087
75177,0.015330362826146497
75179,0.13938893882519107
75180,0.0032873652341633996
75183,0.021363581375687234
75184,0.005890985921064429
75191,0.00852269640692744
75192,0.22676834137397164
75195,0.011740285909959914
75199,0.002830803620335896
75200,0.00576008848434862
75201,0.0040661538897841494
75203,0.028551378159935494
75204,0.02208097432625768
75206,0.010508244502358407
75207,0.0038636073171895804
75209,0.029944355442870857
75211,0.03000052581474429
75212,0.00989782773142153
75213,0.006751898921775358
75214,0.038025057709705906
75216,0.005274488719421307
75217,0.00664584021534681
75218,0.03517966311716114
75219,0.013378621195264638
75222,0.009146081429449117
75223,0.01166091616702054
75230,0.035224301298467535
75231,0.13078867690818163
75232,0.06094486844261558
75234,0.042885313081588855
75235,0.02719136471511216
75236,0.04254292200886143
75241,0.33973041091847195
75244,0.007966567583639374
75246,0.11626174720655628
75247,0.008953788478080541
75248,0.11278268140927614
75251,0.041040749776976575
75253,0.004404296105257379
75254,0.0028625982743158826
75256,0.02563140864272985
75257,0.1692569820175619
75259,0.018558855193917576
75262,0.016942677579696395
75264,0.07544140776514138
75265,0.02388511867609154
75268,0.0054856926952316
75270,0.003668731610142124
75276,0.008192543502954475
75277,0.012125522135701384
75281,0.006910917646804892
75282,0.03794880039519875
75288,0.0046158446672263185
75292,0.2234279195451515
75297,0.26924520384551176
75298,0.022021149850860188
75301,0.1888757265990548
75304,0.007486512515255391
75305,0.004706631481290725
75307,0.03806150499850127
75311,0.012289796605718445
75313,0.00454639196305921
75315,0.0755177048453881
75316,0.05390893117200278
75317,0.04191830930079265
75319,0.003271149129325338
75322,0.05842398561867533
75326,0.012443519661163355
75327,0.0074802833387046614
75329,0.07448593447063138
75332,0.031900950495710595
75335,0.20230784762373824
75336,0.006744305161158058
75337,0.006544941832946244
75338,0.005019619380123104
75340,0.002848421248890958
75343,0.020024459998241814
75345,0.07394649138542879
75348,0.033927755421444813
75349,0.004382479728767334
75350,0.1242381298628111
75352,0.015963337415839985
75353,0.005243776401794212
75356,0.015132476412782614
75357,0.02506088197334705
75360,0.029819550439975494
75363,0.026371492729327473
75364,0.0788513308458844
75365,0.0031046942944848504
75367,0.007162862976237565
75368,0.004443467556155548
75369,0.002994454308157879
75370,0.02947287229912087
75371,0.0660087414144867
75374,0.00422957317735168
75376,0.03782150380032424
75378,0.00339286539152876
75380,0.003033287715940569
75381,0.10175125946165803
75383,0.08630695066554668
75386,0.008202891435922328
75387,0.03586791368841338
75390,0.010959209626594022
75395,0.1920795882142341
75397,0.006673850600155117
75398,0.016760854585940378
75400,0.021127417166489408
75401,0.020677841639397447
75402,0.008277733100683249
75405,0.0032190535757302425
75408,0.008090452247236066
75409,0.00453448298412972
75410,0.002973626926249675
75411,0.005466228752852697
75412,0.006819061356448129
75414,0.003985697941673004
75415,0.05870493028815553
75417,0.007394687723412685
75418,0.0042382061702237244
75419,0.2270090008329247
75423,0.003664353829293813
75424,0.0028944085507532804
75428,0.045485415706171914
75429,0.0031418219110430877
75430,0.062271602554888436
75431,0.11801886625407364
75434,0.12828979866344214
75437,0.005217935641287227
75440,0.03547565792918477
75441,0.0844214961647717
75442,0.010874321461104891
75444,0.00346654636971776
75445,0.010998590774037309
75447,0.029948021764994472
75448,0.038109913686285066
75451,0.026456481870714345
75452,0.03235126639767443
75454,0.031036886825697416
75455,0.029814748905261357
75456,0.00878378371973597
75457,0.016037537531693936
75458,0.003548293590462772
75459,0.003670384240519993
75460,0.004834300375799302
75461,0.006551589116575695
75463,0.0038339608446634837
75464,0.01039590918981964
75468,0.00672792490624876
75469,0.2017997968587227
75470,0.004227948539277203
75472,0.026767297682906574
75473,0.04199774379607015
75476,0.003896645066476486
75477,0.0034703988873061196
75478,0.25123944301552215
75479,0.0046188020580081235
75482,0.1015265614009209
75484,0.005201717069997034
75485,0.012542138520455258
75494,0.03406168561230207
75496,0.0779747942347244
75497,0.004225765969633375
75504,0.02161093604655905
75505,0.002924265228755391
75507,0.03035283904404348
75508,0.00397594156482912
75509,0.007870162803684118
75510,0.0036928470378180893
75511,0.0381640936947994
75512,0.006450563582884303
75515,0.0039028124190459267
75516,0.1532099604132183
75518,0.02853716747987851
75519,0.017905043203094658
75520,0.18246797209984622
75521,0.005654885375408746
75524,0.019981028070578347
75529,0.1064973531263242
75530,0.02553257871259287
75534,0.10588944574958083
75535,0.21763107626429443
75537,0.009129477010344922
75538,0.003038466007469266
75541,0.037427963823929565
75543,0.031987398742638944
75546,0.005211469594034179
75548,0.0634288243722792
75549,0.012929704501957011
75550,0.014756322790667927
75553,0.032103551718869444
75555,0.014991975005267881
75557,0.05146991510366744
75559,0.00999214248799161
75560,0.003344832080318399
75561,0.01594153837719554
75562,0.06631718330168451
75564,0.020073986899958988
75566,0.03960509673373587
75567,0.013652349452832812
75571,0.1997696446102749
75575,0.011040567541367273
75579,0.003680700152974001
75580,0.22783898173009415
75581,0.014434010535187967
75582,0.1847877690521511
75583,0.11580516654002956
75584,0.03459537651067348
75585,0.005418512113542061
75588,0.01326910763215292
75589,0.2017997968587227
75590,0.009007136428922174
75591,0.010246864937220256
75592,0.01809755249305724
75593,0.04660796933033766
75599,0.0034954764882016987
75601,0.006710177985400341
75602,0.03357933675041047
75603,0.04136225775659961
75609,0.03870701683683191
75610,0.005942827745957944
75612,0.01983456031544727
75614,0.021073140551779283
75618,0.022293826422025178
75619,0.074078665012689
75620,0.006673043881184632
75623,0.0049446070381028474
75629,0.004225494732113765
75630,0.13461362455649206
75632,0.04007661708131611
75633,0.002969392115115223
75636,0.0388966449091459
75638,0.003923272329236848
75642,0.1920795882142341
75644,0.0038621183329329224
75645,0.25419827589154
75646,0.017782631176481944
75647,0.012376578284260214
75649,0.0037454304456595905
75650,0.040878662666299165
75652,0.2205641223162433
75653,0.012283654893535742
75654,0.03303888448309873
75655,0.05829483329622063
75665,0.005616194381878334
75667,0.0034206709243549812
75672,0.03688463338054826
75674,0.004059694463966247
75678,0.012348734955899447
75679,0.0071046109210796335
75683,0.19968264671250155
75684,0.011687819355130136
75685,0.007831988415087164
75688,0.02049023324741438
75689,0.011336281394940455
75690,0.010151864984411167
75691,0.006070761077081227
75692,0.2804925580951832
75694,0.21419016113581854
75695,0.0029347034890307233
75698,0.003256642507116059
75699,0.01852508909568061
75700,0.004343891873420456
75701,0.06525624719722156
75702,0.003443622945964216
75703,0.008867297286542565
75705,0.005582463927083115
75706,0.1817866276449824
75710,0.06143095920778263
75711,0.13295179669947985
75713,0.007904116026913176
75717,0.021677648473070365
75718,0.02786423786120654
75720,0.004247893940080737
75725,0.021744166531721284
75726,0.009203225131583372
75728,0.005901376264467408
75729,0.12920919679471718
75730,0.025037172604844372
75732,0.003946182190694897
75734,0.08639913977871351
75737,0.006488071899794676
75739,0.007894052111905534
75740,0.09845474538419899
75742,0.021059790610093866
75744,0.010412747490984711
75745,0.3151816824340762
75747,0.014712116364983261
75748,0.10985233294276368
75751,0.16229824993622588
75752,0.08504163422015303
75755,0.09378133197054685
75757,0.06602740654735288
75759,0.037781304837019594
75761,0.07672688706900445
75762,0.004498225442447218
75765,0.018918296201986973
75766,0.024406991822165217
75767,0.0038826221672972386
75768,0.03812652862238303
75769,0.004931294801062736
75771,0.030963731237401877
75773,0.0034698893354445487
75774,0.018912590136236213
75776,0.00932452719879209
75778,0.0034672742992331177
75780,0.08859330616241463
75781,0.08443544343936706
75782,0.015619445363276044
75783,0.13267706296711212
75785,0.18699004524296456
75786,0.0839954899655358
75788,0.05283538944809268
75789,0.010696313907671843
75791,0.021562011082363403
75792,0.010350189776666468
75795,0.026092726083828087
75796,0.07197984560163308
75797,0.07697884239595573
75799,0.09413474043652338
75800,0.003416983094876263
75803,0.0057058037411927155
75804,0.02983488639536957
75805,0.007158201866001414
75806,0.021710544216754907
75807,0.1166108733157341
75808,0.0036534268148904264
75809,0.005600560097546989
75811,0.003119498570063439
75812,0.07229224162228401
75815,0.03404167530838968
75816,0.03397567427486755
75818,0.004377537006255394
75822,0.003695558482289555
75825,0.004961340175232608
75827,0.002854336383362792
75829,0.0029466081811303267
75830,0.003904873605498066
75836,0.004380201564199067
75837,0.21604502811493226
75843,0.01911050927805478
75846,0.013580849476069582
75847,0.14533204434941724
75849,0.026228541573630446
75851,0.0486469947475681
75852,0.010150337814973967
75855,0.03741410216453677
75856,0.003577089166679855
75857,0.16169537924684552
75858,0.002867119921535302
75859,0.007048879243894468
75861,0.008901574364316427
75862,0.11038666990405009
75863,0.0034045100839265553
75864,0.02545522885838135
75866,0.013210131210058327
75870,0.018908648191203005
75873,0.025688422771088567
75874,0.006536769814464564
75875,0.003804892824824671
75878,0.002908754095343927
75879,0.25130493186116826
75880,0.015030868924555386
75881,0.016286438023037527
75882,0.006975593705445768
75884,0.013963374166831789
75885,0.1477619290163036
75886,0.07176576443766784
75887,0.010728496203981187
75888,0.0034506837838313015
75890,0.09877439916636581
75891,0.035673766955738866
75892,0.0035968551825427916
75894,0.014603345031459419
75895,0.007425681375636551
75897,0.003288824525854136
75898,0.012735867445842193
75901,0.0042267553460847785
75910,0.003949200237929954
75913,0.026092726083828087
75915,0.04865325037180249
75916,0.008406245506919818
75918,0.02032947224509444
75920,0.018326635750425434
75921,0.234381110032736
75922,0.04010450643089006
75924,0.003698496130806429
75925,0.1767022435138391
75927,0.0032556496388577356
75928,0.005296687204246846
75931,0.0037163414229950276
75932,0.09955281757660199
75935,0.007237478677844096
75938,0.01850124191360073
75939,0.019215503771668783
75945,0.003313412322580597
75948,0.003991703392253503
75949,0.008878463998769523
75950,0.08671636704462456
75951,0.0028108664681881844
75955,0.06242281794857359
75956,0.01029436274333108
75957,0.025247482546969676
75958,0.00852248891328595
75959,0.0033360182185536336
75961,0.14622518694701303
75962,0.005837488706683879
75963,0.26029163884297235
75964,0.16285751773810808
75966,0.03106975729927241
75967,0.041836897764483814
75968,0.003981765098455909
75973,0.006614718605883918
75974,0.017253061116434938
75977,0.07111144608766304
75979,0.06094466857828615
75981,0.02441316973172246
75982,0.0040229539031332116
75984,0.11763808792064073
75986,0.04266991871665216
75987,0.005021766240143667
75988,0.02870215536637208
75994,0.09656800534779061
75997,0.01975969580572975
75998,0.019257756615111057
75999,0.03390507226082264
76000,0.004536863555071817
76002,0.00679148235390014
76006,0.022817538118396766
76009,0.026512305484166845
76010,0.03008643527728415
76011,0.026092726083828087
76012,0.23609632632968178
76014,0.04640463103817843
76016,0.00479832913039798
76017,0.003920215174184734
76021,0.015795866079500245
76022,0.006993261066089314
76024,0.014133055444120997
76025,0.01724112136221451
76026,0.038624810213992736
76027,0.013328322049482312
76028,0.005698793488524134
76031,0.011901834827138726
76033,0.0029011089242491337
76034,0.03443118069052036
76035,0.020515560409923004
76037,0.03220157037651804
76038,0.014131874004634748
76039,0.19854328176577446
76040,0.13169715072038485
76043,0.034609041393081505
76045,0.009381329032119313
76049,0.02583046930333013
76051,0.18893572460243221
76052,0.01084685343025996
76059,0.0029210372126153095
76060,0.012414723676999445
76062,0.06722679243626252
76063,0.0035309286694404493
76071,0.0035189223461583007
76072,0.007413687078109732
76074,0.023210738354454932
76079,0.014696619876754463
76085,0.007379636868745514
76087,0.010456930994109378
76089,0.15689791341469908
76092,0.2151265355948183
76093,0.005883350580357466
76096,0.007652081916954015
76097,0.007554042416918958
76099,0.16844908209766613
76102,0.03191101109619
76103,0.018666547955952056
76105,0.034663041535476335
76106,0.08219522383687294
76112,0.1587321444826453
76113,0.009895275350077386
76118,0.006407905227007542
76120,0.15652990544860126
76121,0.005392749312027136
76122,0.09827990996035121
76124,0.0035256123356292037
76127,0.26611446726164106
76128,0.004002387297199274
76129,0.23333739950263044
76130,0.021106243183278917
76133,0.011881807693455603
76135,0.06459620581348605
76136,0.19711166393435436
76138,0.0054154941510303435
76140,0.044928542168836086
76146,0.008395211917829172
76148,0.006873956290688944
76149,0.009949703990758257
76151,0.003175786054946657
76152,0.0030789689591541546
76154,0.008159260790192795
76157,0.01572670455356554
76161,0.003427976494187908
76162,0.013449154245756672
76163,0.0042155190037771574
76164,0.0035005795543079817
76165,0.18860051003686723
76166,0.005733772708737871
76170,0.06378815196144598
76172,0.008665281050845616
76174,0.14368359895180696
76175,0.014995603215870344
76176,0.03333148830790825
76177,0.007916351817346559
76179,0.015329321516615889
76184,0.00389208275404247
76189,0.003755998561729208
76191,0.07070499366469445
76193,0.01024471403265405
76194,0.02002159138914624
76196,0.01140963094043961
76198,0.005698132814534095
76199,0.011767881369703203
76200,0.007062375509755922
76202,0.044554307076075786
76204,0.02176449321351734
76205,0.026670928883526044
76209,0.026000338240336054
76211,0.0121380501579747
76214,0.0857993254678273
76218,0.008467604110270872
76223,0.002880585261817411
76224,0.003990152654194227
76225,0.003693839294264695
76228,0.012218124190516485
76229,0.005176922739026167
76232,0.014028538945084372
76233,0.008063674124865647
76235,0.009176745354204414
76236,0.013132137712344756
76237,0.007760116711565186
76240,0.15234453977699336
76241,0.0034665539152367864
76246,0.06716730133297796
76247,0.009081902181675521
76248,0.01942288216118389
76249,0.1767022435138391
76250,0.04017575508665265
76253,0.17724693250779183
76254,0.004809995852392094
76255,0.03814575257329889
76258,0.0039984389946834354
76260,0.012694848460081046
76261,0.012868881998958494
76270,0.0145388762735759
76271,0.015119076635691587
76273,0.0030478356713693937
76280,0.0037642169824634885
76284,0.0038367863076842414
76286,0.030248039229220453
76289,0.005215543196868926
76290,0.006839648116668926
76291,0.003528543864373737
76293,0.010028237442098043
76294,0.006406846913831079
76295,0.0032916858666407955
76298,0.0034593194024118887
76299,0.034293252061358616
76300,0.021124635917849636
76303,0.02682790088244642
76304,0.011632887792201839
76306,0.018924114891593926
76307,0.04709136438889555
76308,0.005722737145109696
76309,0.006644385773897331
76310,0.004059966192469019
76312,0.0791814361320937
76313,0.004116627610853029
76315,0.018317515123139925
76317,0.004486636960615176
76319,0.02083890067648362
76325,0.06596998554310479
76327,0.35889189323344234
76328,0.003336469368498454
76329,0.07010956293767168
76330,0.03459537651067348
76333,0.13130311749614368
76336,0.07456149707426597
76337,0.0073397611812132686
76339,0.029141262935083977
76340,0.032501745767419606
76342,0.004783030489373312
76343,0.03558256625804599
76344,0.003428137001307607
76346,0.03819846941342634
76348,0.01163335454927577
76349,0.0073096511078816866
76351,0.004038775605140429
76352,0.0030951546302240883
76354,0.006751102671621217
76357,0.008183333529745703
76358,0.008219575230720514
76359,0.003627667306036395
76365,0.006515137815738602
76367,0.02067780928181044
76368,0.01948922223469248
76369,0.009003131773876925
76370,0.0036038330035965582
76373,0.003606643796480604
76374,0.007347695676343069
76377,0.010595888933186552
76378,0.034594842986131226
76381,0.007662583297608938
76382,0.0035796191085241224
76384,0.00302146979272033
76386,0.03724458658535268
76388,0.0032741296009242324
76389,0.03392333615223265
76391,0.09774959452949224
76392,0.0033716413070655287
76394,0.0029997735632415192
76396,0.004286045382010744
76399,0.02827060459400007
76400,0.020918333338161434
76401,0.003829845171733421
76402,0.011824975814762013
76403,0.0067179842346742685
76404,0.003540858456231186
76405,0.008745471657926449
76408,0.019802974130437235
76411,0.07165729465221043
76413,0.0042111725480413744
76414,0.003342447901072576
76415,0.06941017821466834
76416,0.014842074307296378
76417,0.20364809893448202
76420,0.003492829644430032
76421,0.012728615580363733
76422,0.003921970752249249
76423,0.002821710007407727
76424,0.010555132342563469
76426,0.012818511947957523
76430,0.003637857589797411
76431,0.010150367747717728
76432,0.24724988913391244
76433,0.003602818906729724
76435,0.006101217198162431
76437,0.028219022442514275
76441,0.007661627112938186
76442,0.004961580831654719
76444,0.053111248634891806
76445,0.3052448787339063
76447,0.02385639721196593
76448,0.009601361386381036
76449,0.015531481373852593
76450,0.007603712502122002
76451,0.01636287712077948
76452,0.055924340654507895
76453,0.012556603106103268
76454,0.21067353411183007
76460,0.003864298103125528
76463,0.22368878729904765
76465,0.006271311628825812
76467,0.003309091602081293
76469,0.005868408179611561
76473,0.005301254827966252
76480,0.24430541824511728
76481,0.008085414169405558
76482,0.09560042000318263
76486,0.002956174099139239
76487,0.006128800881822982
76488,0.003957313039654896
76489,0.00933564864734079
76490,0.008073342816533104
76492,0.054051726960743215
76495,0.018644152197830315
76497,0.006560667419095049
76499,0.0032104001167593058
76500,0.06583438418157253
76503,0.010495292070586413
76505,0.0610153029438585
76507,0.0309568566493908
76511,0.003985697941673004
76512,0.0034264250499203537
76513,0.2528803795663072
76515,0.007679602438142632
76516,0.060884594544782775
76517,0.02469475731396415
76521,0.048193326956293095
76522,0.05247994671811513
76523,0.021672615619816392
76524,0.23006898816569094
76526,0.003869605371581729
76527,0.13486767320997525
76532,0.010224735531795117
76536,0.0169528305661044
76538,0.03589979551279831
76539,0.003584572997137858
76540,0.05802801448017558
76541,0.08762315930922866
76543,0.0031894889585674983
76546,0.005275192590827346
76552,0.01894663701409972
76553,0.06832809916410681
76557,0.25663953059663386
76558,0.021311929545948544
76559,0.044541917386777735
76560,0.0050126662415216445
76561,0.004025502094530287
76562,0.0035800872348182027
76564,0.014915251273758317
76567,0.03990268814001963
76568,0.0036872127983994534
76569,0.1018433785092709
76573,0.003659154520126958
76575,0.01764943721874712
76577,0.005037488284187484
76578,0.06510373608619917
76581,0.0028918916136669607
76583,0.09773112163975087
76585,0.07658368663803918
76589,0.05279569325514709
76591,0.004076097629465234
76592,0.022044647901445533
76598,0.0357232590667376
76599,0.09202840293246665
76600,0.0029933540389862003
76601,0.0799938639907901
76602,0.03113030102407738
76603,0.025661446422968935
76605,0.02901357125577276
76606,0.003375086849501229
76608,0.0058753176205421235
76609,0.0034557344367358933
76612,0.01749427290037331
76613,0.03200698628825404
76614,0.022295543107605162
76618,0.23485084117936214
76619,0.04479393861819531
76624,0.047766179631972806
76627,0.033769739415174374
76628,0.006989263961856278
76629,0.022585407035927763
76631,0.0036324712523257267
76634,0.007484131651592842
76636,0.00358459731572784
76638,0.236542085927187
76643,0.005493207124533005
76644,0.014240060180535783
76645,0.00738614357029507
76647,0.018297749638631663
76651,0.004693316639471694
76657,0.06324791382149543
76659,0.009575094111864205
76662,0.032203081973593214
76664,0.11978873700310935
76665,0.004264884541154752
76666,0.00355212202230354
76667,0.011857188678335106
76670,0.005980136985293451
76673,0.04541945151137868
76675,0.07268694538784466
76677,0.006922894707577492
76680,0.21745424182433326
76681,0.10549776998700211
76683,0.0063653840433611115
76686,0.008200102570502753
76687,0.19995041835292987
76688,0.007618346292376122
76689,0.004324765752994133
76690,0.0033460106476844585
76691,0.009580216917647436
76694,0.017492027663129964
76695,0.025040978936628492
76696,0.19951563789691884
76699,0.009725459607456405
76701,0.02977895358017371
76703,0.012116287445517066
76707,0.03302462058409271
76708,0.02583797765380308
76712,0.014909951441639648
76713,0.028517576718109443
76714,0.01029632269225685
76716,0.0035432534925163277
76719,0.007481135487024055
76720,0.004388972962184969
76722,0.0029165681497160703
76723,0.011698904727597378
76727,0.045546439147030354
76729,0.0034880156222899736
76732,0.03937425825794888
76736,0.02359632816511178
76737,0.12141014283206697
76738,0.0036271759417511595
76739,0.05200426643939097
76743,0.013104991316507284
76744,0.004001679199670336
76747,0.17740646584433298
76749,0.01189060782390846
76752,0.040646040928977174
76753,0.010773631022922862
76755,0.003446726049523836
76758,0.01187295903193055
76759,0.008669449137683322
76761,0.039937693304509934
76763,0.0035836966461008654
76764,0.003694891336244494
76765,0.2428182472544471
76767,0.008629399258290177
76769,0.0037567227175925814
76770,0.005523686373807014
76771,0.0029244854990747825
76774,0.006357197302314441
76775,0.030308557490293046
76776,0.11337737180228623
76780,0.0384660248906561
76781,0.06873075346971527
76783,0.015236667175197241
76786,0.014136117230197379
76789,0.0034527732967223413
76790,0.003958234304187395
76791,0.003613632871910675
76792,0.002989020931690307
76795,0.011609988480488873
76796,0.010657662392944332
76797,0.009875016336413878
76798,0.019039009182630153
76799,0.009451583585760455
76802,0.014863974727642181
76803,0.009247026408460294
76805,0.005795524771990471
76806,0.015766134610474523
76808,0.005343735141159678
76810,0.30299987100327325
76815,0.01543227181405473
76816,0.017408792592309794
76817,0.007526407163023608
76818,0.0029684638992229493
76821,0.006206630578627127
76822,0.030582119153349387
76825,0.0035767805375519616
76826,0.04134913435411333
76831,0.02154280335585453
76833,0.004581930414569517
76835,0.01693806773556072
76836,0.007090104478004033
76839,0.017241164358802713
76840,0.0030469926005809713
76842,0.021749742725481268
76844,0.014132999955335691
76845,0.006692714019189642
76847,0.010478377620252981
76848,0.0038524369149909353
76849,0.11066396834558644
76851,0.00353651594748141
76852,0.008068584526086237
76856,0.007820656917383113
76859,0.0217087857562052
76862,0.003586809487394856
76863,0.21427853292058147
76865,0.09184673697967784
76866,0.005108445604682781
76870,0.029306052694733745
76872,0.21184200524666094
76874,0.014674179008023298
76877,0.04505606050353648
76878,0.008116908409059227
76879,0.05809522783277235
76882,0.22491453319167518
76883,0.004093174825121004
76884,0.0036353349302558915
76885,0.11111941105761543
76887,0.052157965928286934
76888,0.057934882967002214
76891,0.011857820625680101
76893,0.008879984299986635
76894,0.003690168649628676
76897,0.03711644906749294
76904,0.016017247287637044
76905,0.036259289205955725
76907,0.004543193434335008
76909,0.019446313022462393
76910,0.004252836469439968
76911,0.003730143253159159
76912,0.014111439596056157
76913,0.003587164812399548
76915,0.009262801769515938
76916,0.02676051269031141
76917,0.1087216909369581
76920,0.022221184829074567
76921,0.005679406663292858
76922,0.1990956067115618
76923,0.0075773649846611795
76924,0.10409701956326882
76926,0.009326709135834147
76929,0.007812440974583856
76934,0.0030048958697170827
76935,0.004399044427066008
76936,0.16089825498564417
76938,0.0040652645546479975
76939,0.007021025525654856
76943,0.004415731118893653
76945,0.004172757261915204
76947,0.01371540871677299
76950,0.003430425435429953
76956,0.015308021112147597
76961,0.02723879346723374
76966,0.0042086331325549425
76967,0.009434459049528223
76968,0.046590795491324416
76970,0.00975071920111131
76972,0.00952248222433261
76973,0.009903019831622464
76974,0.19874084765749914
76976,0.01977459791991552
76977,0.012219556218956675
76978,0.23134126720546233
76983,0.024990971278211094
76984,0.005119398390899472
76985,0.22123848279003056
76989,0.10303517180490362
76990,0.010879566332577632
76993,0.2400346489002759
76997,0.004375967297970835
76999,0.004380389513253624
77003,0.12378195169552095
77004,0.0038310598082799624
77005,0.18823407425735914
77008,0.020552124035273296
77012,0.0036724535909298775
77014,0.010214568368663723
77020,0.010715917606995754
77021,0.012183813861940158
77022,0.0040508295845962635
77023,0.0035287395919355847
77025,0.0066963489233908555
77026,0.003970419173484596
77028,0.027809392240976498
77030,0.027128799124919528
77032,0.02379239944066553
77034,0.005436313023679693
77036,0.03225054809689669
77037,0.00520580216064225
77041,0.1777664303026046
77042,0.12380341236952601
77043,0.02259004688518096
77044,0.004274112063832782
77047,0.008968157033132355
77048,0.0066741834132440225
77049,0.009998085078204018
77050,0.19767675875061266
77051,0.009878470602671567
77053,0.02330030745219135
77056,0.004108442060136121
77058,0.010869965253517603
77060,0.006203960041316321
77064,0.030061201737449646
77066,0.006849127064174786
77067,0.02069595924285636
77068,0.31485789132610065
77069,0.023411830421443982
77072,0.011098771948494781
77073,0.03092938809718063
77074,0.008134554495626544
77075,0.03833350031940284
77077,0.21633332287778392
77078,0.019032156844314155
77079,0.23581844453405748
77082,0.006668984263287156
77088,0.04762066183012856
77089,0.11099463578364133
77090,0.06811199685909336
77094,0.012567826099054267
77095,0.003985697941673004
77097,0.009507834445327656
77099,0.015334922833638636
77100,0.0047891923305023835
77101,0.004315126905549079
77102,0.004219468675173243
77103,0.008782509397268478
77105,0.04185309898586704
77106,0.0034852344121730347
77110,0.007087978831926206
77111,0.003802410154343628
77115,0.023772164728833152
77116,0.0035315794973588494
77118,0.005916724943458241
77119,0.004348186388225783
77122,0.00972203000046819
77126,0.004851781026893792
77128,0.03181266090185626
77130,0.007585230505275405
77131,0.008894075231933479
77134,0.013605815358415338
77135,0.03109480459539092
77138,0.010477572704785748
77139,0.22511470055055002
77140,0.006830245233404977
77141,0.003946385989845869
77142,0.04585462715541777
77143,0.017790650694888773
77144,0.012105320683487956
77145,0.007634197710659531
77148,0.053444424792873056
77149,0.022757680947654617
77150,0.011637808724840255
77151,0.0038824984218418387
77158,0.4319778133803543
77160,0.005862965274958956
77161,0.005572642824888059
77164,0.0646050448569157
77167,0.0036948756235201967
77169,0.10024667186659214
77171,0.08486678540693161
77173,0.04087624314582036
77174,0.0034097873187569692
77178,0.003857386248633305
77179,0.005716507741854475
77181,0.0028595706430281976
77182,0.01584876054777414
77183,0.07855284110231016
77188,0.00423395713432053
77193,0.24310524539493053
77195,0.03238032674162335
77201,0.012603629616147298
77202,0.027665340664454266
77203,0.025482982828504985
77207,0.013988355897129176
77208,0.030879907580579423
77210,0.07620262505134105
77212,0.10936042862725812
77213,0.007359526796231148
77214,0.004787008923676532
77217,0.003960269889479301
77218,0.05241376722348257
77219,0.03113824015426681
77221,0.0032162250426188348
77222,0.008783157550758607
77226,0.004830674270940792
77228,0.003695795669360772
77230,0.015884406807607467
77231,0.010533371535386148
77232,0.005539751709804953
77233,0.1727560287942314
77234,0.21028253523557966
77235,0.20998928450687135
77237,0.023208763256240925
77238,0.0030932344692360244
77239,0.0032292267585741137
77242,0.006047866183573236
77243,0.009441595857306214
77244,0.015923495587519872
77245,0.09719244202329716
77246,0.0069397936448667395
77248,0.0038393389128474563
77250,0.056813221716597063
77251,0.003681604453242601
77253,0.0040547065938378
77255,0.009171487406804364
77256,0.008783772505371396
77257,0.002983770149018899
77258,0.020961721929829244
77260,0.20610218303095476
77263,0.02474674611569971
77265,0.0038950823320843216
77267,0.0034181664228531035
77268,0.002941468962211373
77269,0.16989586134532658
77270,0.1593052210580265
77272,0.007592498568113632
77273,0.023873644065225037
77274,0.004179089921282336
77275,0.006444427386070725
77276,0.2116408658643984
77277,0.0694463494313024
77278,0.08334622347370689
77279,0.010702963191429004
77280,0.006369996860552094
77281,0.00739881883433764
77282,0.016766853468137933
77283,0.009888995022726341
77284,0.004483625053479146
77286,0.03129365772647601
77287,0.030840860454570535
77291,0.02410528183593757
77294,0.018567624256515532
77298,0.02150496657984852
77299,0.031057964755797786
77300,0.025040978936628492
77302,0.021838463850845664
77303,0.00447703285367587
77304,0.003926477129362065
77305,0.2805905865717782
77307,0.012927112609167839
77308,0.0030578604486773487
77310,0.00439754107240091
77314,0.0050484599219983925
77316,0.03459537651067348
77318,0.17230399113410194
77319,0.15201462778889854
77321,0.021086621490351502
77324,0.005770141011563024
77328,0.01905769160986479
77329,0.003300167695149427
77330,0.009126420432281696
77332,0.014116677592137312
77333,0.10946925076219755
77340,0.0462135560631943
77343,0.030154987523420516
77345,0.029841262349260943
77347,0.014331007297404545
77348,0.1362490573216906
77350,0.17533465056353995
77352,0.19340742172525174
77354,0.004166763811664905
77355,0.037728280392662225
77356,0.08010917240142085
77358,0.011034658298780971
77359,0.07062775248858465
77360,0.07056373149345542
77363,0.007669164891876244
77365,0.03434788146086448
77367,0.006977830183263574
77375,0.003769522522126961
77376,0.021929305019358136
77377,0.004165444323877599
77379,0.003918194885635263
77384,0.003689772732919668
77385,0.006160503931589402
77386,0.02798931063439957
77387,0.07953042961272243
77388,0.004126651020695551
77389,0.0063992642052486315
77390,0.0035282696817392194
77393,0.02215634283828815
77394,0.018562355073248552
77398,0.004502386366743307
77402,0.026092726083828087
77403,0.05245245619964162
77404,0.009526334879950346
77405,0.003106338122949492
77406,0.026092726083828087
77407,0.06639485289177675
77409,0.008767667335106675
77411,0.20219086833201716
77412,0.007486562083576527
77413,0.07436821310771238
77415,0.024788877181389533
77422,0.018331804252608122
77423,0.16285751773810808
77424,0.006134790345987582
77428,0.11468056950748168
77429,0.00983961564480958
77430,0.00472796259508918
77431,0.0031109991746920466
77434,0.0667451305674297
77435,0.011633602228736814
77441,0.003924885652577369
77442,0.16718888128584253
77443,0.2160441819805344
77445,0.011337764935973953
77449,0.026092726083828087
77452,0.03204529609344612
77454,0.026092726083828087
77455,0.00576904629748962
77457,0.0344104757781498
77458,0.2689981895487458
77460,0.18102403293219518
77462,0.0031648176570674507
77463,0.003732784545708456
77466,0.02548594660912769
77467,0.07126712283514752
77470,0.019745528266316197
77472,0.1765144700938871
77473,0.030187995837552283
77476,0.021346541053549915
77478,0.07611202961687873
77480,0.00417540748468381
77481,0.0037269876506184946
77482,0.004329587161413112
77484,0.007212673510605889
77487,0.08189828350518352
77488,0.01829464563565349
77491,0.0034274860656509126
77492,0.004178314502240502
77494,0.11875124041018865
77496,0.04514678654492816
77497,0.07265703695974468
77498,0.004463250344871636
77499,0.0030497071823739398
77500,0.0043046965148847045
77501,0.011626420412774695
77502,0.00392203735284618
77504,0.05406584352702917
77511,0.003819837866435441
77512,0.11110013934901732
77515,0.009601608782068482
77516,0.007666266356522535
77518,0.004969252622564493
77519,0.009835268613890447
77524,0.0031886656386992318
77525,0.023970666538220744
77527,0.01767768597002695
77528,0.010051575647583562
77530,0.11453887701047172
77532,0.24881865899690148
77533,0.009761051369129036
77534,0.003696618584743023
77536,0.00822568359462844
77539,0.011744563488055842
77540,0.0035630633823823046
77542,0.033934156218830974
77543,0.04701333433449151
77545,0.013870761782195928
77547,0.030549996925125097
77548,0.026092726083828087
77549,0.06421625862621641
77550,0.002967690783252942
77551,0.013212496324442283
77552,0.03698508990450057
77553,0.0050330639376980095
77555,0.038406879237275524
77558,0.013887753664855541
77559,0.01174450380747824
77560,0.0038528194448400866
77561,0.003920215886028337
77562,0.08933299625512685
77563,0.010995335657503538
77564,0.02020544899766943
77566,0.004059061186516424
77569,0.19541955160547106
77571,0.0432299389203105
77572,0.026857614375717695
77576,0.00936153222594139
77577,0.22191706577299988
77579,0.0074756133117720265
77582,0.018039732097966166
77585,0.005357024987931668
77586,0.068896962003065
77587,0.016033466343093754
77589,0.008673253916690526
77590,0.02035706030935863
77594,0.05437944666173989
77596,0.005267446683545589
77597,0.21421323984961818
77598,0.004424846294727022
77601,0.18986780252169264
77605,0.004556302538989988
77606,0.003812027739104584
77608,0.003941028299956545
77610,0.010280262684944813
77614,0.0034149613526513745
77616,0.02077893683459871
77618,0.004048151232093262
77620,0.015850950627837895
77622,0.09220244565153317
77625,0.004509584840896904
77629,0.003793094298406876
77630,0.08337187186838114
77631,0.07429749012152967
77637,0.003039881283452458
77638,0.007332396059935522
77641,0.178943760377423
77642,0.013039513573304233
77645,0.036315080397265095
77648,0.026968356398913537
77650,0.03415478684124227
77653,0.009903019831622464
77656,0.004715153760754504
77660,0.0088265071265284
77661,0.008084245239391987
77663,0.35792774407829137
77667,0.006862600077370041
77669,0.035391795997581944
77670,0.043167546067989324
77671,0.1714638424186032
77672,0.01571854247684641
77675,0.006038356705063388
77676,0.0032935721349928973
77678,0.0035823077349203193
77679,0.024807175557816728
77680,0.0037442223627194094
77681,0.00514548674283918
77682,0.012262551026132338
77683,0.17932990218109862
77684,0.10601888883627689
77685,0.3067520064874048
77688,0.1751211657641024
77689,0.0029592207659408913
77690,0.004417824397737357
77691,0.003972151781500172
77693,0.0051016493189650685
77694,0.053601858505399155
77695,0.023009229886638522
77697,0.058635166065558034
77698,0.009181117738634356
77699,0.017743320886063948
77701,0.15633146091231995
77702,0.0036946007370602186
77705,0.00459348442261122
77709,0.02937011021028312
77710,0.0041158662676100384
77711,0.013847144837687434
77713,0.03747651236018805
77714,0.026176523087595986
77719,0.017857713280392814
77720,0.014288413005097186
77721,0.08462342967712362
77722,0.08529688244732968
77724,0.004581410431339919
77725,0.03232731732224523
77726,0.2220496400205232
77728,0.0036088869463509823
77729,0.029427451514042316
77730,0.006172538248627119
77731,0.014099494722976474
77735,0.0035850974849918173
77737,0.004080437736002811
77738,0.07842691396121779
77740,0.07362129481722043
77742,0.0037121949810669853
77744,0.004615961584953254
77745,0.004495405819474551
77748,0.2184796384895297
77750,0.007830167117477676
77754,0.0035512967669363957
77755,0.0053895542292724365
77756,0.041545982364981235
77759,0.05555385753150748
77763,0.0032316094061123316
77764,0.03146727490685056
77766,0.0028682213994556077
77768,0.0041507009484427005
77769,0.014278624669295603
77770,0.011531150166746457
77772,0.01132243786964785
77773,0.0041933825050285345
77775,0.0041369949394935695
77779,0.29690466998548415
77780,0.004277001206116449
77781,0.01300871064860678
77783,0.0033527520773232572
77786,0.005459381069710484
77787,0.007517620438497625
77789,0.009843303360006923
77790,0.15604411967995727
77791,0.060382865862126274
77794,0.0036350464663760383
77796,0.014564580721323413
77800,0.0678369940300484
77801,0.03401080619305914
77802,0.00301849472139531
77803,0.01169567760606223
77804,0.028126120869260446
77805,0.003259416063060514
77807,0.1774488093629776
77808,0.03887260035639466
77809,0.005233057906850061
77814,0.020933129269828783
77815,0.039022339383129954
77816,0.05817147386454685
77817,0.026092726083828087
77818,0.06740248826345666
77820,0.005462782449357462
77821,0.003064338352987645
77823,0.06359913637255038
77825,0.13191976497570965
77826,0.0029888014539553877
77827,0.019512576414344205
77828,0.004105076332570774
77829,0.002889186811208142
77830,0.052892245152130264
77831,0.04720952798339385
77833,0.0064396868683889545
77834,0.0029835071527518045
77836,0.04838433300767529
77838,0.20033640660769877
77844,0.036978484302191326
77847,0.05006606164224737
77848,0.025040978936628492
77856,0.02738746600935464
77860,0.0630715643513185
77861,0.14553557189206087
77862,0.0049751506594882915
77864,0.047759997870505236
77866,0.10408219174072388
77868,0.002960710536903922
77869,0.012968561662109543
77870,0.00824904590394355
77871,0.004850334123633565
77877,0.006013328114418646
77878,0.18439720472211404
77879,0.003977719470072395
77880,0.010915616375346635
77881,0.003016067613888346
77882,0.027679107975342815
77883,0.05566343344405917
77886,0.12445127421064764
77889,0.009174175160230887
77890,0.020229786053431644
77893,0.06380767900307491
77896,0.00837219840584043
77897,0.019469483913481866
77898,0.003999182001629195
77900,0.03501798594274003
77905,0.004280252161446859
77906,0.02473369421609089
77912,0.0036335568169245246
77913,0.009903019831622464
77914,0.05279569325514709
77915,0.04460744494947808
77916,0.002983577193611056
77918,0.01955746474595024
77920,0.08334293257395986
77924,0.026092726083828087
77925,0.21856862940719035
77926,0.004678490279497951
77928,0.026474120954750695
77930,0.0047341176666294595
77933,0.004209770248242767
77934,0.07049856280263128
77936,0.005081131348721638
77938,0.027116851346944686
77940,0.019713880961800146
77942,0.17764255718638383
77944,0.0035773371079827203
77945,0.04340535481417056
77947,0.010502155646446323
77948,0.008686592965992692
77949,0.21440349946761997
77950,0.04919060504714898
77953,0.013281157399361821
77955,0.10404729586247952
77957,0.007533503395369043
77960,0.10228194570868412
77962,0.0838530642002098
77964,0.01625591087672103
77968,0.02207756422358106
77969,0.02550091190108327
77970,0.0031721843829281117
77971,0.00362524747405801
77972,0.010641770338336373
77973,0.004039392243506956
77974,0.128542028511273
77975,0.0044492882308029506
77977,0.03640571991368311
77978,0.003982725659340449
77980,0.11325914836105197
77982,0.003700052057889231
77984,0.002887675034353998
77985,0.0583055521248171
77986,0.0034993916042333393
77987,0.011073233156870583
77988,0.015157614148224186
77989,0.003631931108200514
77992,0.014652509172190385
77994,0.005640662892864036
77996,0.0028761894663987017
77998,0.0043379279434973515
78001,0.1973495941119234
78003,0.005179566905309371
78005,0.05756743298262967
78007,0.07964526110427128
78008,0.022218362672255913
78010,0.01017142551663441
78012,0.016905572383234094
78014,0.0047469192383155
78018,0.010290315966200947
78019,0.002914982705927855
78020,0.02848783052838589
78021,0.003526199484753577
78022,0.01905205429602218
78023,0.004197094536749772
78029,0.0056310925214914645
78031,0.2773603122283618
78032,0.03192459601010969
78034,0.006789267125023574
78041,0.014895850698316422
78043,0.004072078269895417
78045,0.016891879309217876
78046,0.0043813432230215025
78047,0.0037826570669708434
78049,0.149441939493356
78050,0.017337206000981906
78051,0.05618490761256951
78052,0.23374798551394374
78055,0.0037339953714619505
78056,0.01543313772170633
78057,0.015742629484209555
78061,0.01970749763009539
78062,0.038887420639222646
78063,0.0035318740590752733
78065,0.004232852075814029
78066,0.010122069807647602
78068,0.00698494329555882
78069,0.02146567146336982
78070,0.10564601613483869
78071,0.01514422491877778
78074,0.03651540245707748
78075,0.1989606582903358
78076,0.003620110161271812
78077,0.0075788429441329954
78078,0.0034258327612743914
78080,0.012848470029713956
78083,0.052479339471476955
78084,0.09233284851858983
78086,0.06814056297328164
78091,0.009450287427926467
78093,0.009129406122136334
78094,0.029456231758079057
78095,0.03941089509689582
78105,0.030002705245473268
78107,0.005265047835580068
78109,0.0036039446967271105
78112,0.08101617962099089
78115,0.0034345631018442633
78116,0.010242856019942528
78117,0.005455330465049833
78118,0.03575173387195213
78121,0.09879514856331663
78125,0.029470625042273577
78126,0.03329934947675617
78128,0.056265866457169016
78131,0.004892602345691962
78132,0.003936141012843191
78135,0.01730513526552874
78137,0.09797329069579878
78139,0.0037006144565379967
78140,0.008637348996100955
78142,0.004345976144859045
78145,0.010353388094846835
78146,0.17351473335738554
78151,0.011526220440488523
78152,0.21701002117389856
78153,0.02297622859928209
78156,0.014484984415990249
78159,0.027347620805949824
78162,0.21658253661574126
78166,0.021698672456472515
78168,0.005528185215374832
78170,0.012176023832203443
78172,0.003721933203057355
78173,0.011049716319799867
78174,0.006012750257353177
78180,0.014641642864747976
78181,0.032387049898782855
78183,0.0502171554034464
78184,0.1736493097781073
78185,0.0038129652902775335
78188,0.011993235132944648
78189,0.008808992769920107
78190,0.007283210598092129
78191,0.012879896204254053
78192,0.0036293604769999308
78193,0.08065850585109584
78194,0.007456037940214792
78195,0.014319517824129959
78197,0.026092726083828087
78199,0.015487209326020697
78200,0.025297348716479266
78201,0.03393611333962516
78202,0.003309306004723209
78205,0.04393038571403596
78206,0.0074483174199577624
78208,0.0037216468574624963
78212,0.034657075829159875
78215,0.2366577449162288
78220,0.008541161578357525
78221,0.04554697254309405
78224,0.006403313272591669
78225,0.013749928312121611
78227,0.0036735102818771076
78229,0.03984285821859814
78230,0.02545380245927044
78234,0.010538089481326299
78235,0.004049349832701928
78236,0.07306247912797531
78239,0.018006524784862435
78240,0.030684659770888644
78244,0.007419590662222613
78246,0.1990956067115618
78249,0.06237040351879043
78250,0.011526024248921055
78251,0.013000611753181549
78252,0.01862553964042397
78253,0.05683002565890123
78254,0.008479325320372415
78255,0.1770385110893337
78256,0.004477673544738037
78258,0.07822248611811876
78260,0.1647735976680608
78261,0.002914933603706813
78262,0.018912570131715687
78264,0.009860883185305707
78268,0.011740539700348385
78271,0.03404667996386932
78275,0.004650781132446024
78276,0.003929888109888099
78278,0.23170835280718163
78279,0.04366831258537139
78281,0.07590297069484614
78282,0.0647400462994035
78283,0.03347436542861612
78284,0.01517049027434198
78286,0.028384120034288012
78287,0.011633956032450644
78290,0.015856354614092214
78292,0.2292961134062735
78293,0.014191212508239157
78294,0.0315556916237521
78295,0.01995040232711672
78296,0.004306272571760792
78303,0.003417317695282352
78304,0.027667625500807983
78305,0.12664360551471587
78306,0.003347566316352641
78308,0.013746884609662295
78314,0.006305450589107915
78316,0.003815406952056694
78318,0.00305061281194477
78319,0.02961114522343826
78322,0.005211050274662722
78324,0.018310045168054234
78329,0.01349449302428955
78330,0.003560949279368918
78331,0.003434601134294871
78332,0.025040978936628492
78333,0.007272585073354596
78336,0.09461123192074006
78339,0.009895949460691349
78340,0.0029131308926439517
78341,0.027649820629369673
78343,0.007199398246097315
78347,0.06142526799354853
78350,0.1376948784846522
78351,0.009817374029088157
78355,0.008761279028184842
78356,0.009892192148092024
78362,0.00984695775131089
78364,0.08455279175887996
78367,0.049761668910041336
78368,0.03260034898575113
78372,0.009653169654600306
78374,0.00323206636768487
78376,0.003097206306762501
78378,0.10765169689528771
78379,0.01724723078063053
78381,0.18443212861886998
78383,0.005047648263219525
78384,0.25822970229176045
78387,0.06578559025038706
78389,0.01273510992613186
78391,0.007424833715516489
78393,0.09521374300344036
78397,0.08333735997596804
78400,0.007187969135353929
78401,0.007701707773866047
78402,0.059225430802126285
78403,0.004664402506665306
78404,0.013891371114588942
78405,0.004158736585814731
78415,0.03628755491573891
78417,0.08596079086909171
78420,0.00345885052939283
78424,0.044226978202078125
78425,0.0037264535556004843
78426,0.21988669440585346
78427,0.06008077396716308
78430,0.004036221543854938
78431,0.0034633392490331784
78432,0.0078061518481245575
78435,0.014705969245022698
78436,0.005423362782763401
78437,0.004490766207694838
78438,0.021800645567337823
78440,0.00783580321896127
78443,0.086361948428491
78445,0.008752003775357422
78448,0.012072219207087547
78450,0.003911550589690123
78455,0.16285207648435648
78459,0.01273558108515277
78461,0.0971611452175115
78462,0.07481959344675013
78463,0.012122387760703839
78464,0.02807944314303722
78466,0.004220403927313556
78469,0.016877455645242862
78474,0.10062852486999448
78475,0.006134099373043827
78476,0.033276718830419424
78477,0.016065944613543538
78479,0.11693576241627167
78482,0.00323599419813615
78485,0.01572672733784599
78486,0.007334694361870813
78487,0.11655062743900843
78491,0.007438095144726362
78492,0.1634608532853973
78493,0.07418491874003783
78496,0.011521106225445074
78498,0.018702587079779818
78501,0.004258801178875176
78503,0.00695120304939717
78505,0.003442279372091195
78507,0.11484243259399718
78508,0.003352672460266838
78509,0.003995431497350137
78510,0.02978949095836421
78512,0.0034858531318476224
78513,0.0057879972180391774
78514,0.005623591812306873
78515,0.005873406881591909
78516,0.03229217914904709
78517,0.003158127268681556
78518,0.0035294084244124934
78519,0.003518463897051288
78520,0.0036854013667186637
78521,0.2223881453322389
78523,0.02755886930729062
78524,0.10279136791556456
78526,0.003995015793388045
78527,0.003998438478118806
78529,0.006806206874932122
78530,0.19981861989770916
78533,0.054298361644770636
78536,0.004565366599853516
78538,0.009177773521172702
78539,0.0052181107407367035
78540,0.06287803978392982
78541,0.003750748946779586
78542,0.005395070325006267
78544,0.010316992144085532
78546,0.04423516670598918
78547,0.003543384029745098
78548,0.10554470848801438
78549,0.14600595421959045
78552,0.003021375827289256
78554,0.08629640950611062
78555,0.017208644386292313
78556,0.0039508647969923715
78557,0.005991851606853802
78558,0.0058987590469420925
78559,0.12949950008203914
78560,0.003737124128103144
78561,0.03119706028056525
78562,0.004595309491324025
78563,0.019299256487412486
78564,0.12670048332925915
78565,0.010316299355041655
78566,0.010178136130180813
78568,0.006054312662527375
78569,0.028522059029442375
78571,0.03932835985932065
78572,0.00991791593922571
78573,0.00811226804902527
78575,0.003902010646691767
78577,0.009303305661866509
78579,0.004822059314841508
78581,0.009833956406351797
78582,0.022134545859454374
78584,0.004203523545640614
78587,0.008416800804258426
78588,0.12600067375127633
78595,0.00332266196459168
78596,0.15866292021092793
78598,0.006707947764391646
78600,0.02738610291320153
78605,0.1990956067115618
78606,0.006908848796570577
78610,0.00534779267620869
78614,0.0036552458690595046
78619,0.012233274843582978
78620,0.007429950392693503
78621,0.03450182531631251
78622,0.2512123971354277
78623,0.05007407411319541
78626,0.05418797319487246
78627,0.006665378469432073
78629,0.025498866721665143
78631,0.004149559938291568
78632,0.015349681991107665
78633,0.005041419600878065
78634,0.0448009044401099
78635,0.010761157133290723
78639,0.012677619577444742
78643,0.016853980242243164
78644,0.010169060906465357
78645,0.0072996875176722514
78646,0.003420249213564665
78650,0.00878316009454475
78651,0.01588603645652001
78652,0.283528071467074
78654,0.009964912740433736
78656,0.08395324631904287
78658,0.18551986190201594
78660,0.005966699904898044
78662,0.019079516782883093
78663,0.005306742764024791
78665,0.08051786600178777
78666,0.005452134716602922
78667,0.06682840181038016
78668,0.0029796718216194644
78669,0.014100244021881288
78671,0.021014725898323417
78672,0.004480168773709129
78675,0.3258018457479142
78676,0.0036653084197817904
78678,0.016866173889768136
78679,0.010841986458019903
78682,0.0029280851606292126
78683,0.00801334782940541
78686,0.2103876184653855
78687,0.003597162623017769
78690,0.018922953931536278
78691,0.011493967075128151
78694,0.011752218856053903
78695,0.02539303966788977
78697,0.020982420378853953
78698,0.044766989112324185
78699,0.0033746853012238407
78700,0.003986089632991584
78703,0.009100520875057425
78705,0.016078391631471508
78706,0.016061345725809147
78708,0.013635439884355434
78709,0.007803096348599697
78712,0.006678790523224015
78715,0.010377267605665857
78717,0.28695239313635007
78718,0.004633349624891658
78720,0.004144085454602911
78722,0.012975394224558245
78727,0.004688098059564753
78729,0.01851869028718317
78731,0.0044762491143547755
78732,0.03521629903669107
78734,0.057997678149308105
78736,0.00753551311348721
78737,0.009741508288018686
78738,0.0049478354791431855
78739,0.0036364333173622807
78741,0.17217439933270612
78743,0.007568701012823298
78744,0.19981553170241903
78745,0.012073679519715386
78750,0.017547689091664067
78751,0.012570360744652233
78755,0.019414396987926685
78756,0.02180402006151706
78757,0.030058920043225402
78759,0.2386982062034963
78760,0.013292610278787998
78762,0.0034900386297235
78765,0.0034206725490588783
78767,0.0215574365950994
78770,0.026092726083828087
78772,0.0040712672422242024
78775,0.008661701317045942
78777,0.015192191940201685
78780,0.01319771514578695
78781,0.04601152835665465
78783,0.11510682516663098
78784,0.007478255372985332
78793,0.19595071374949163
78795,0.008776534294555244
78796,0.035950525944920875
78797,0.005026683929692189
78802,0.009189778163976065
78806,0.09297732490839995
78807,0.06130468044512258
78808,0.049937328457071405
78811,0.026988902527164137
78813,0.019581415056953873
78815,0.11456638062652791
78819,0.014090069249467135
78820,0.10537375339931301
78822,0.003024454843037068
78825,0.0037292045084302717
78826,0.0028526732678063422
78827,0.0198464915343576
78830,0.07462580118494958
78831,0.015314575325153942
78832,0.01321276064372473
78835,0.010834404412222554
78836,0.018590322728282392
78839,0.03459537651067348
78840,0.04247475978087102
78841,0.02899141676895056
78844,0.09409681878314219
78846,0.003686011268193848
78847,0.008566678061693998
78848,0.00377903311498667
78849,0.07628657479979373
78854,0.17678510372795103
78857,0.009854186456523134
78860,0.014815079018555785
78863,0.0032010250759276367
78866,0.013439822357941921
78867,0.004093451452409543
78868,0.03695296258844941
78869,0.004706159262902953
78872,0.0038002665981351413
78874,0.03512331636115754
78877,0.0033227285281193742
78878,0.0032266999136593886
78879,0.00620683600437413
78881,0.003909433294109036
78884,0.012846562443241704
78885,0.07504524532212757
78886,0.004531905083615007
78890,0.004890310167309611
78892,0.051385161033750966
78893,0.06994099051087281
78896,0.07878920294812851
78897,0.01344747788699558
78898,0.15997612939837752
78899,0.024756938278697408
78900,0.04948671148610022
78901,0.030138111258973303
78903,0.31631740654143564
78907,0.03947014885554211
78910,0.003448845978428226
78911,0.04436732744911311
78913,0.03912112921959889
78915,0.016352808002462933
78920,0.0073570944510843355
78923,0.020425195087923592
78924,0.037148391039103085
78925,0.02479193227909414
78927,0.008471925668464463
78928,0.015814501517630867
78931,0.004552528155032402
78937,0.04635576084336368
78943,0.008218024594640619
78945,0.0031135311271784844
78947,0.0770058097124549
78948,0.02555028050887873
78951,0.010141264063189003
78960,0.025966713021262192
78961,0.19803626091487614
78963,0.0033209610255382073
78971,0.16817803305461237
78974,0.0038674316331507893
78975,0.02050034395810494
78976,0.003706439585426362
78978,0.004113999426951413
78982,0.020686824996565177
78984,0.00555755819306853
78985,0.0061335345558495655
78986,0.003741618913104327
78987,0.0041538062489138204
78988,0.012174481971512859
78989,0.0028909135939641766
78991,0.011566807193277602
78993,0.02323407811131053
78994,0.022678947815418547
78996,0.04041658303943766
78997,0.003739181966262405
78998,0.05134418377325082
79000,0.01906957526505437
79002,0.3476498410570514
79006,0.037015315500957074
79007,0.0032117338390021395
79008,0.005635814742207897
79010,0.0033637169982084322
79012,0.004607698272600827
79013,0.13752930507495542
79014,0.011440242430750976
79020,0.05177258826804768
79021,0.004646746802127767
79023,0.002893224475090277
79026,0.003261673119008132
79027,0.026092726083828087
79028,0.003946385989845869
79032,0.06637283022908308
79033,0.003307651198734461
79034,0.003946440846367422
79038,0.01176126917801139
79039,0.024442134211244047
79042,0.22712183019259466
79044,0.00407564555225533
79045,0.0659784563176122
79049,0.01665316672926914
79050,0.013417711860866228
79051,0.010083213882043751
79054,0.06116751198814618
79056,0.015959513691473446
79057,0.035430539028483435
79058,0.003650578971828454
79059,0.04426516281930382
79061,0.004652497395320532
79062,0.0032529620169882085
79063,0.07019384883074797
79065,0.008114433384928378
79066,0.034459192885961026
79067,0.18246797209984622
79068,0.002863082144404352
79069,0.0035332724771335935
79070,0.004265888404889335
79072,0.00876721354790088
79073,0.011439586459687338
79075,0.003968709849639426
79081,0.09865041188778231
79082,0.14043897811279435
79084,0.010982485477837726
79092,0.09697075338849957
79094,0.0072075951283580506
79097,0.03632146115237126
79098,0.02086838629716322
79099,0.0309587457385004
79100,0.002935780626094972
79101,0.10373225163390941
79102,0.008204426823823972
79107,0.01608303281007216
79108,0.23200301418427643
79109,0.008414879291818332
79110,0.0028335345108750063
79114,0.030555332910185005
79116,0.013471124953872425
79120,0.0030192327566645636
79127,0.21119325716268372
79130,0.007665539529816901
79132,0.0050704036205804085
79134,0.029918770191446807
79136,0.12536893174866412
79137,0.003481953812078457
79138,0.003756304441785773
79140,0.006728145936682038
79146,0.013086761974357217
79147,0.003519335292082089
79148,0.00410208791736028
79149,0.028615985885328734
79150,0.00399654761035485
79151,0.24037555095181218
79154,0.20783826588781337
79156,0.006942209100546707
79157,0.004711067302122148
79158,0.0038356306111144785
79159,0.004646406137581032
79161,0.011036667844388826
79163,0.06320890527049985
79166,0.1258673416670485
79167,0.06105869869133188
79168,0.27433352115729603
79169,0.004432730423277259
79171,0.08443447597337714
79172,0.014263284563731195
79176,0.008777716239768557
79180,0.026655608188794155
79181,0.004590819205719396
79183,0.03316787687766045
79186,0.17749454748216253
79190,0.003899172740474382
79191,0.00532358940138659
79194,0.013220616238740284
79197,0.27923426559325376
79198,0.27500434206796376
79199,0.04415226344134899
79200,0.014674202861386236
79202,0.053248903500979584
79204,0.01687833046113612
79207,0.028451096531393362
79211,0.00626033329536101
79213,0.010294181794070385
79214,0.0704098606364608
79215,0.003453649949011597
79216,0.165381637367435
79217,0.23359307086569295
79220,0.0061294954099846335
79226,0.03231235156243914
79227,0.015064954689208081
79230,0.058784936640545245
79237,0.047110551135297406
79238,0.014705947386448495
79240,0.004607051980706646
79241,0.02466316922458966
79242,0.06353353601755966
79244,0.00823584620219055
79247,0.09771584825211582
79248,0.021736702614119797
79249,0.10447125289957276
79250,0.0032149178524913985
79251,0.009368726741287584
79252,0.023353991755421622
79253,0.010484384288042941
79255,0.026213433039564485
79256,0.007462354184011424
79259,0.004007268949705263
79264,0.003105076457539019
79269,0.007730986834759624
79270,0.022431390789881652
79271,0.006334384390285849
79272,0.11215950915539791
79281,0.0029376075035195035
79282,0.019956980219674843
79285,0.022227793551309247
79295,0.008979484836334503
79296,0.0037196291693075436
79297,0.028028382124072892
79298,0.003045453310006194
79305,0.007329002516443832
79306,0.05707569278210517
79311,0.007662583297608938
79316,0.019826000891586693
79319,0.0031395538592711098
79320,0.004391950893936397
79323,0.09259167014932686
79324,0.030582378657623113
79326,0.0038574239267347658
79329,0.0047946331692109816
79331,0.1602479414312115
79334,0.06082438026976633
79335,0.003651733154151819
79339,0.26240031275576564
79347,0.028525386916550256
79350,0.00431066346465763
79351,0.002986439979412695
79353,0.14332604095151413
79354,0.006643369865523043
79355,0.004277662866551863
79356,0.003574943884895716
79357,0.18693545278726778
79358,0.0628338121416324
79360,0.06876475308237703
79362,0.004348661103727958
79364,0.016932110864787558
79366,0.018931071611602155
79367,0.008699913764366192
79372,0.008965960267566419
79373,0.002930887895834739
79374,0.028939345724483583
79375,0.00890591585391887
79376,0.010129373874694843
79378,0.0032411817127197613
79379,0.003758735864516897
79380,0.0168709475630176
79381,0.0032921009334767005
79383,0.02381770791441176
79384,0.006073850398710577
79385,0.004427922155883199
79387,0.002997271096617154
79388,0.04591786506542928
79389,0.00674041767831774
79390,0.017622536958106373
79392,0.026092726083828087
79394,0.05001204901800118
79395,0.057142243891200144
79396,0.004283339849727274
79399,0.013596991239703697
79400,0.06972161625738521
79402,0.004163855109549685
79403,0.01190600241939339
79405,0.01159127313986925
79408,0.0037006112331285147
79409,0.03399644207668071
79411,0.017306904026689576
79413,0.02130088261119517
79414,0.002845825767173262
79415,0.034078734779370616
79416,0.04280101831034604
79417,0.00300235461865602
79418,0.030240239275034865
79419,0.10777984018571252
79421,0.006078624879763712
79424,0.17351473335738554
79425,0.003843874506773209
79427,0.004869384666569542
79433,0.12156790793623745
79437,0.019880486583588236
79438,0.003360616644028295
79445,0.008117024658880454
79448,0.0039054177713231998
79449,0.03193205208754808
79450,0.016041978714325278
79453,0.026993173375670892
79456,0.011982515107823765
79457,0.004685671404567228
79458,0.2115798050400417
79459,0.06814242647358616
79461,0.12430247083376429
79463,0.02212090642124034
79464,0.007466367792809835
79465,0.02423017431649074
79466,0.1508531936017413
79469,0.10050493190671246
79470,0.005438381142481412
79471,0.028454256790632085
79473,0.0038821102473882555
79474,0.0029515703843192497
79476,0.03873507771002164
79477,0.005894361473203091
79478,0.021904084673713093
79479,0.06203436846346364
79482,0.05793180857718056
79484,0.01691882649867896
79485,0.005868408179611561
79491,0.1234639318470866
79495,0.028910437206940313
79496,0.007768795174504373
79497,0.015604656023491498
79498,0.05675323259503182
79505,0.046302521280889124
79507,0.03190107177675776
79508,0.0041546438460107445
79509,0.004419602140292009
79518,0.030840470905396697
79519,0.005595837302306655
79520,0.015157956637690631
79522,0.016425419196204587
79525,0.05309818735730631
79527,0.029840599985040413
79528,0.004160253481913066
79529,0.028604633826862826
79530,0.004355574575736067
79531,0.02081269483205481
79532,0.0028523809145602217
79533,0.010465342492579856
79534,0.024664312984885233
79537,0.004561232023862939
79538,0.0035985443595663203
79539,0.005181599045839059
79540,0.0498247088199123
79541,0.007641020518531302
79542,0.0035480686994584804
79543,0.002900715806916209
79544,0.011747025025562572
79545,0.00442185117325202
79549,0.00394386060525939
79553,0.13266340841796265
79554,0.003690146858413281
79556,0.006085937995401422
79557,0.004022673456541883
79558,0.032025595779288395
79567,0.006644931461809775
79570,0.1895013912235582
79571,0.04950808495403217
79572,0.011808431618114455
79573,0.0036204229895810823
79574,0.02202421016942075
79579,0.0035935509186356338
79586,0.07424312297063089
79588,0.0036308452636820043
79589,0.006801212756712923
79593,0.003530951927981402
79603,0.16250068300600465
79605,0.003011107321100629
79614,0.007323042741198277
79615,0.026248561655830324
79617,0.19583957134994318
79620,0.03250147663499847
79621,0.062923983019909
79624,0.1509484252723009
79625,0.0031280174835228818
79626,0.04199774379607015
79630,0.036497207538595304
79633,0.003807033432993919
79634,0.09299610930769116
79637,0.01793320800580256
79638,0.014110962275678228
79645,0.005242862205519657
79647,0.03497210644832059
79648,0.0816211628556914
79649,0.13568822195061342
79650,0.023135475139789054
79651,0.07106406814762575
79653,0.012707110469530209
79656,0.0427228586866935
79659,0.060119304292739185
79660,0.020788736037419965
79662,0.015714366462904757
79664,0.004030458720245267
79666,0.014400092671131905
79667,0.006774216473518776
79669,0.08767315537695212
79671,0.004962680851922255
79672,0.23706759387974702
79673,0.07676690959333107
79674,0.016899958621693474
79676,0.006775279742900467
79677,0.028135901997283715
79678,0.005101246036993951
79681,0.01792543211943411
79682,0.01359343870524706
79684,0.0048846722354913006
79687,0.015048170001588122
79689,0.03956431142240208
79695,0.22691885085618352
79696,0.013879521281591997
79701,0.053078642042999315
79704,0.016130442637776028
79705,0.048595647653607285
79707,0.026092726083828087
79709,0.06897594804240875
79710,0.06793002443829622
79711,0.011134253253221833
79714,0.007585076197531188
79716,0.1740229388419514
79718,0.029496130679060366
79722,0.20192547236888422
79725,0.03276583916717641
79728,0.01609505025537358
79729,0.03434840244608842
79730,0.2662836342206432
79731,0.006841274687651815
79732,0.003989423288733159
79733,0.06131285288019554
79735,0.08119256195404996
79736,0.0295692939214166
79737,0.15119744255516493
79738,0.0925418489427283
79739,0.016386909816520117
79740,0.005900387058324427
79748,0.014257340342384685
79750,0.003032977036658803
79752,0.0036578698439480076
79756,0.003958864269363055
79757,0.009694647990117307
79759,0.002882367351775153
79762,0.23978480981859288
79763,0.026092726083828087
79765,0.18473232409233017
79766,0.052270419735895864
79768,0.026092726083828087
79769,0.0036660540067123054
79776,0.03489280187103597
79777,0.06108639085297731
79778,0.013210288023910992
79779,0.026092726083828087
79782,0.023051950370240284
79784,0.003494638164649072
79786,0.00357997337126233
79787,0.01533035958380858
79789,0.0032882427512006466
79791,0.004254261523123748
79792,0.011439636964087391
79793,0.14150782219781555
79795,0.006485269960057361
79797,0.22040926110724834
79798,0.0277906748971597
79799,0.04246783265564854
79800,0.06373652266712157
79803,0.006039866388644316
79804,0.0030022842674671444
79805,0.010169731857752452
79808,0.03231996420079399
79809,0.014631018137765898
79816,0.0826352650140035
79817,0.02310410395784263
79819,0.0036455749402845446
79822,0.0212474267973864
79824,0.00987854281025669
79830,0.08551316978823599
79833,0.12333707162891784
79834,0.04887687831918449
79837,0.0030039380945416478
79838,0.08069338439771226
79839,0.004265888404889335
79840,0.01055323691032901
79841,0.01581030670862162
79842,0.026092726083828087
79843,0.07026025776774059
79844,0.02587151471788183
79846,0.0037836078400700886
79847,0.011572322168542114
79849,0.05885754053812836
79850,0.0038158310922182526
79851,0.02166576186849111
79852,0.0034173689341811682
79853,0.012741420254724753
79855,0.006553986435402398
79857,0.006813927608108991
79862,0.026092726083828087
79864,0.010531574603569582
79868,0.010554476770319407
79871,0.0051684927689831526
79873,0.03397738971111245
79875,0.011292854046030755
79876,0.006527759581664362
79877,0.014773225442008925
79880,0.04357012417027567
79881,0.009532003695931423
79883,0.02654330218441771
79884,0.1767022435138391
79886,0.007648935185162424
79889,0.010545278904449805
79890,0.01877276958115145
79892,0.004038109520837254
79894,0.002914630178582302
79896,0.030131365968938003
79897,0.0052455471751933075
79898,0.038963069461811516
79899,0.007658311878473037
79900,0.031844732816554686
79904,0.004263640914917317
79906,0.012060226773149756
79907,0.00680948366195345
79909,0.004929924193539757
79922,0.026092726083828087
79924,0.00459486144257395
79925,0.003889078387398484
79927,0.0034868292765254305
79929,0.007746984994041128
79932,0.26970034471029314
79938,0.032841768330145515
79940,0.003972127340820826
79941,0.0028723672480466555
79942,0.03518498620545604
79943,0.0041324629622961
79947,0.0028636633958830844
79951,0.13187545720655638
79952,0.036471212248520915
79953,0.0033179717035141374
79959,0.0048687170389882795
79960,0.010115430105447751
79961,0.0032596691604614733
79962,0.03625163909375855
79963,0.003439090864732994
79964,0.015605846843508676
79967,0.0032471103218474863
79968,0.003738895425002203
79969,0.01817066775993408
79970,0.18246797209984622
79971,0.10471934485867387
79972,0.07318328987988257
79973,0.008930615185590615
79974,0.02309121888008834
79977,0.003700921131730444
79978,0.09744937759850479
79979,0.03404294427788999
79982,0.04122097708765796
79983,0.005902955799576051
79984,0.003529137591677165
79985,0.003625105460260925
79986,0.003886679062816326
79987,0.14128948894876667
79989,0.004193969526545649
79991,0.0842165050360399
79993,0.0035528968012788686
79994,0.005723457396946243
79997,0.08521799497348675
79998,0.046559683324059145
80001,0.20294520519736825
80005,0.07083304976364194
80007,0.07526072539811735
80008,0.021206898919638152
80010,0.006621526532896715
80011,0.004353884751704764
80016,0.024512135727393164
80017,0.048626854012091485
80019,0.003494114473037858
80021,0.05141767633947877
80022,0.19555609354596448
80023,0.03546443766492424
80024,0.021825782346622878
80026,0.003208288336165284
80027,0.03592892837337373
80030,0.006380428109003812
80031,0.02295957390152227
80033,0.010450020720857866
80035,0.011857504516949972
80036,0.0739129212444749
80037,0.0612973784680799
80038,0.0028969449652501613
80039,0.014176447407921665
80043,0.004743427217125092
80044,0.005529362499696767
80047,0.0178009085635877
80048,0.003498969974470348
80050,0.08872179492693884
80051,0.20301785375766415
80057,0.0036658771189484445
80059,0.006935292868924165
80061,0.00628375610754787
80063,0.0033582603084579684
80065,0.010300247383967684
80066,0.004341141203307837
80067,0.013293066972014971
80070,0.05549145523734934
80072,0.01596945011835505
80074,0.025044570613439385
80078,0.01888356030268863
80081,0.01905768064938234
80082,0.028545057740133432
80083,0.06768757667348563
80085,0.02371667410636878
80086,0.0035249299402970004
80087,0.01228623709638891
80093,0.021670869730460434
80096,0.01122383488193383
80101,0.019777092060950064
80103,0.04666227289522379
80105,0.003237133863631726
80107,0.004230512161521425
80108,0.02168002225614727
80112,0.088276531961378
80113,0.02609513820451656
80115,0.03756130889239495
80118,0.013166788289392663
80123,0.03576112852778008
80125,0.0035091876676936807
80129,0.047557668901898484
80134,0.04592979207060029
80136,0.07125368229739369
80137,0.01240040778765054
80139,0.025808207212968816
80140,0.004985170006278462
80143,0.003980885980959522
80146,0.005988602809193892
80153,0.04622978516329566
80155,0.004749561507947292
80157,0.07848336002453672
80158,0.003476357935407661
80161,0.012621155815544472
80163,0.004616685286525041
80165,0.09637362654240761
80169,0.03677855893860216
80173,0.0034536417164671793
80175,0.04019488826855823
80176,0.0043688925330574386
80177,0.005045093011120805
80178,0.025040978936628492
80179,0.0029831333537582655
80180,0.010524055931746953
80181,0.008783222714700441
80184,0.0050268601739211
80187,0.005284583897449227
80189,0.003394093081192718
80190,0.20372201089723127
80196,0.06252004279523077
80199,0.131564372707633
80200,0.0034391075964389935
80202,0.16104736547154538
80203,0.005670959076890273
80204,0.0038557315784281117
80205,0.10220314279525226
80206,0.01757717287318537
80207,0.0028714361611656956
80208,0.0060319046338843715
80210,0.0038581767048308227
80211,0.00545817379555425
80212,0.0820451688104166
80213,0.017913006960435143
80215,0.010969517495112427
80217,0.060830196603229025
80219,0.0036693794720896377
80220,0.03411965306512202
80221,0.03958860022739518
80223,0.006846056940360481
80225,0.03826443022623395
80227,0.027175969037491768
80231,0.01526879075647491
80233,0.01190210143935593
80234,0.035979976205441216
80238,0.027508895942286917
80240,0.22231400477700056
80241,0.007900910011128033
80245,0.09391623214381248
80248,0.009138911769854267
80249,0.006734949810795419
80250,0.0029498070643158756
80254,0.05013893584053454
80255,0.0038972159053117404
80256,0.032514275598028476
80260,0.011894754317221118
80261,0.07193407392595011
80264,0.007013479884601458
80267,0.005231861734912711
80268,0.20173573177436388
80269,0.1853818007013758
80271,0.03513489374133389
80277,0.1374856438528896
80280,0.0035397784770681436
80281,0.0885818440218961
80282,0.006392276559196232
80284,0.06690316905426782
80285,0.023498678947838244
80286,0.0489835220321156
80287,0.030667152862169655
80291,0.022174943203945443
80292,0.0029422356552247096
80295,0.009449280644874086
80296,0.03102538239040341
80297,0.0029351705827445336
80299,0.009046856081034173
80306,0.009015832293648503
80307,0.07121299189335659
80308,0.003980689063463552
80310,0.02920710567034234
80312,0.009247042638550317
80314,0.1708317824473088
80316,0.008293479573166387
80317,0.07728570217574902
80318,0.2136914651660474
80321,0.0037034392665239815
80323,0.08989155190120965
80324,0.0203348870028525
80325,0.004610583760913102
80326,0.23356755496711445
80329,0.02577514494634748
80330,0.002954860318260912
80332,0.009862001800273044
80333,0.09662564854367132
80334,0.10398412486969823
80337,0.009382554129899879
80338,0.005912865670840876
80341,0.08335756348921908
80344,0.003074007673676109
80347,0.2035506166318182
80351,0.023908987300255008
80352,0.003001203465952366
80353,0.06497174490903175
80361,0.0034495482583569497
80362,0.0035513042296202914
80364,0.017631387932987127
80365,0.09848197295314176
80367,0.007016377098207202
80372,0.004246327616361133
80373,0.22858719596306856
80374,0.027191676578463997
80375,0.07904666514370978
80377,0.006336866861469653
80381,0.08148103392069249
80382,0.12171812714595404
80384,0.009084903890777488
80387,0.08051639484834401
80390,0.003691216818238155
80391,0.013260104389807995
80393,0.007204908157644841
80394,0.014746200870432479
80395,0.10291963182160399
80404,0.02758819331336385
80406,0.003917872104310476
80407,0.08112862341063636
80410,0.01012704757274749
80411,0.007534303202239785
80412,0.018753161832947247
80413,0.06375989146199816
80415,0.0035072277356312078
80416,0.01327893976809765
80419,0.008252814535310609
80422,0.16914823324802708
80425,0.014329686934812421
80426,0.07920949746594971
80429,0.006469502143462823
80430,0.004471831722455731
80431,0.008220037208966352
80433,0.0031179432992780452
80434,0.01285683357341501
80435,0.00599781318980752
80436,0.01517850202171796
80437,0.08291029960964146
80439,0.002985244561024628
80442,0.0035206805077133384
80445,0.07430989487903265
80447,0.00434412939783076
80449,0.014131415401937597
80452,0.0049303882502884705
80453,0.005527194862163415
80454,0.002972320058174829
80455,0.0035318136046461643
80457,0.00391374315301322
80458,0.03459537651067348
80459,0.007218630610919537
80462,0.004395731285119583
80463,0.0042515765273991556
80464,0.0029919127602587225
80467,0.002824108219338407
80468,0.011875859632350553
80469,0.1340098143802611
80470,0.2051132302721191
80471,0.014625717890766712
80472,0.00829140133289799
80474,0.037872100784059504
80475,0.014954163026734477
80477,0.1663919411620371
80482,0.03233098846255708
80483,0.013298361182999624
80484,0.03423387392518536
80485,0.1340728556358012
80486,0.07439508635221573
80491,0.020746314891611963
80492,0.03655003732157412
80497,0.011755202260323843
80499,0.04303728250416562
80504,0.09070035126275858
80505,0.011701426284290762
80506,0.02059245901175822
80508,0.004634337840508298
80514,0.011866231899148875
80517,0.0036525314741759534
80520,0.03786385515995901
80523,0.0028597312120464007
80524,0.09588304207368006
80526,0.007881013080493078
80529,0.004010340932915631
80532,0.003789788855792353
80534,0.07237838505362433
80536,0.18148294296623166
80538,0.0029037190702039424
80540,0.1058038147026474
80542,0.12099116049558822
80543,0.04209817908327956
80546,0.004068074931818471
80554,0.02437935168427502
80555,0.0868172510394967
80556,0.00398967569034758
80557,0.004239717482619012
80558,0.01035280594093696
80560,0.17364165507133458
80562,0.015115133323305024
80563,0.026059969428880513
80564,0.0279207852868716
80565,0.003703908326568695
80568,0.024246794663051942
80569,0.004758429067572581
80572,0.009874216209831132
80574,0.0036293604769999308
80576,0.0030584661804326347
80578,0.006931527452018087
80579,0.006421056540655565
80582,0.006140330647234327
80583,0.011897519940901975
80584,0.022775178937963388
80585,0.004940102789625382
80588,0.004447444988955966
80592,0.0087799067994413
80594,0.23337233436635665
80596,0.004123046920037769
80599,0.004017319064237464
80600,0.14290127564292238
80602,0.033885550002025214
80603,0.018289556140896168
80605,0.020705713211620812
80609,0.003971656127576699
80610,0.006638868111627117
80613,0.22096662318740123
80616,0.018316197308747447
80617,0.005526389314062742
80618,0.03909377723967172
80619,0.006766714597611458
80620,0.0066430412425359095
80621,0.1920795882142341
80622,0.010035102921660766
80623,0.15920893556807494
80624,0.057112895719374994
80626,0.00759218261149486
80627,0.010974254518829872
80628,0.03321682796531866
80630,0.18935026011833744
80631,0.003783619552166665
80632,0.011006324045095816
80633,0.01560621355599738
80635,0.013982227391476235
80637,0.007472951066434645
80638,0.025018379724667774
80641,0.05988720135844144
80642,0.004442785488090216
80643,0.0063918614533189245
80653,0.0038311874569675686
80656,0.005464057239805921
80659,0.012070159130819252
80661,0.004373411182191757
80663,0.007963653595477111
80665,0.003988270419450158
80667,0.0051632772654915254
80668,0.009804722774224423
80669,0.2254736765700184
80670,0.007298985713723284
80672,0.0036552458690595046
80675,0.08555320327119255
80678,0.22558451746318842
80684,0.20053699758332486
80687,0.004094859651211094
80689,0.003949781655335544
80692,0.02996341864145248
80694,0.010214180200703152
80697,0.15313172424473478
80699,0.004427275144886256
80702,0.029900493589247557
80703,0.12564087854722572
80706,0.04100162641602345
80708,0.008463544752926244
80709,0.007490371040978989
80711,0.2673422615310814
80715,0.004145060678536659
80716,0.007963289030503714
80717,0.03917158582559626
80718,0.005238222890610956
80726,0.05503223323325665
80728,0.14823480740198336
80729,0.09241297683992801
80732,0.01277124550226783
80734,0.0068224978392788255
80737,0.0037865667694886394
80745,0.004228701075497804
80746,0.009564112427856108
80753,0.026092726083828087
80754,0.004798476095697319
80755,0.06489898782781375
80756,0.003903972117965891
80757,0.08648801469806004
80758,0.01669124112568181
80760,0.02788241756357614
80761,0.00393157075990639
80762,0.002897672690716556
80763,0.007526767919617219
80764,0.025785789048321992
80765,0.014981469605090914
80768,0.009378111137038866
80769,0.007619034022342343
80770,0.004179642213998842
80771,0.23063437638093234
80772,0.005575047797356933
80773,0.025171847169869387
80774,0.027101974151895296
80777,0.10089352422609925
80781,0.017319256666319904
80783,0.008082070124557805
80784,0.014589932552263967
80786,0.07647806356342066
80788,0.024119649444141234
80791,0.009477071170869482
80792,0.023651263422838693
80793,0.0035432705566384743
80794,0.101901247093121
80795,0.010004079312387457
80797,0.020968267061846974
80802,0.5368883258595913
80803,0.015335039331500405
80805,0.034372140604438065
80808,0.010650342964308014
80811,0.00916844583536286
80813,0.041100285036377436
80815,0.07012677292089019
80816,0.07820722032354532
80817,0.003289042734855781
80818,0.23437790373536216
80821,0.012733578049427855
80823,0.014112307331850447
80825,0.005188126803707931
80829,0.026996976485731593
80830,0.08230398642787229
80833,0.0034351606651444526
80834,0.0145613762401624
80835,0.009773103308250439
80836,0.07162585988034033
80838,0.015080275288724068
80841,0.006373352877871208
80842,0.04306627133141253
80845,0.09353745049628809
80846,0.11786729667820221
80847,0.0029039949558194644
80848,0.0038713266564681754
80850,0.019730024420214824
80852,0.00395101539688215
80854,0.21451030723431597
80855,0.003960682376956073
80862,0.004297189783416751
80864,0.004383123591477611
80865,0.020591613574670962
80867,0.005322178396860138
80868,0.035903853849353205
80869,0.2031428837280708
80872,0.0034641803052936795
80877,0.04801987407946233
80878,0.036983532976260884
80879,0.031244483616246287
80880,0.009883024741606225
80883,0.020866308062343627
80888,0.030294234861864354
80891,0.015727859630671935
80893,0.13533631176834743
80894,0.007177888396091548
80896,0.013699828146841724
80899,0.0286341896021016
80900,0.0029452910035494707
80904,0.015356717882391704
80906,0.07184466617329673
80907,0.0037582558097240524
80908,0.03338234349685928
80909,0.031684878276307386
80910,0.014129517792516802
80911,0.07320162964632358
80914,0.03957446547538905
80915,0.050740888064015804
80917,0.009878104438540354
80919,0.2001050115294066
80920,0.0034993916717760217
80921,0.12007111274797314
80922,0.009883140798948094
80923,0.015578279880214456
80924,0.016603829188008807
80926,0.01295201535445878
80927,0.14055239366431085
80929,0.031680680109523594
80930,0.0033909745791804234
80933,0.013987448665385788
80934,0.01189669163240331
80935,0.003761692921751664
80937,0.01500491970162532
80938,0.027921473347784893
80940,0.005515536620151169
80942,0.0034811006410606317
80946,0.01442512484733577
80949,0.005525593941959023
80951,0.0034614978956424396
80953,0.005018967206430716
80956,0.00423641046539388
80957,0.005587927356064545
80960,0.008306840548778843
80961,0.013924355042266648
80963,0.03458525338499069
80965,0.005188086998529623
80966,0.10070200100066605
80969,0.0030770692719668544
80972,0.009037139058427485
80973,0.18958306604824252
80974,0.07104510701215891
80978,0.0031422977595320385
80981,0.1100141615247623
80987,0.026092726083828087
80989,0.0034877555009290677
80994,0.03386902881865085
80996,0.010603405171788639
80999,0.0029781813118732745
81000,0.015413816342426433
81001,0.021002248271043685
81002,0.0038741824551089235
81004,0.009154567639809598
81006,0.11913964174932325
81009,0.03891503807178318
81013,0.011636785207177178
81016,0.00655188578338084
81017,0.009562082422912383
81022,0.013424898954116745
81024,0.1302008608177424
81025,0.015673328873360176
81026,0.1972830722869715
81028,0.004346802507705903
81030,0.0314001842923242
81031,0.0035405157918474493
81032,0.024751618541111596
81033,0.018183645554711126
81034,0.004279100408957362
81035,0.005668992542207196
81038,0.010079171829592714
81040,0.008751527744054457
81041,0.14301242089824465
81043,0.0029830199452590637
81044,0.17846746878225045
81045,0.06752262068839589
81047,0.08211366942595369
81048,0.06320848873246394
81051,0.004084445399767801
81052,0.00342338081345057
81059,0.006893533689755747
81060,0.007872511567462244
81064,0.003533911844427442
81066,0.005683358744048934
81067,0.03388878547031486
81069,0.028045973725470998
81070,0.029281661844847175
81071,0.0029322228095225444
81073,0.004058589417068834
81074,0.004477819250987802
81077,0.003791639316628888
81078,0.003620369877002441
81079,0.010512827082856002
81080,0.011199092235818706
81081,0.00916927881134489
81082,0.0067906481554338245
81083,0.015559800288520739
81084,0.010239082360039106
81086,0.004182026723593373
81088,0.04323441403137834
81089,0.016148885320204785
81090,0.029724829605992268
81091,0.005748982435587328
81094,0.008769400170767562
81095,0.020486065505455286
81096,0.015148285692335072
81098,0.04160985673283429
81099,0.00702149758555679
81102,0.010919155031494666
81105,0.026092726083828087
81108,0.006344273787002455
81109,0.024807065706373883
81117,0.05641781329445007
81120,0.0056682884917456594
81122,0.06065835178658087
81123,0.02617139386588061
81125,0.006585276365855201
81128,0.0039198391095221306
81129,0.22415599193317218
81130,0.21119504628041338
81131,0.002953184062234914
81133,0.010490743556086705
81136,0.004635715491420776
81137,0.04558988042059056
81141,0.0340454639376961
81144,0.0035898846404560114
81147,0.15613685116597623
81148,0.006739527857463892
81150,0.005118848326779957
81154,0.0130733826238844
81155,0.0030181529051530815
81156,0.01953098042067537
81157,0.01017265289369826
81160,0.003988986005481182
81163,0.0063543776425693446
81164,0.0031173335123985883
81165,0.0031274190162876294
81166,0.0031042983761208564
81171,0.012140941385135733
81172,0.007765540768505356
81175,0.0050482159383523715
81177,0.025052975806471457
81178,0.015297173624829968
81179,0.0029555657550755254
81181,0.009712847459622623
81182,0.0497637837416188
81184,0.15255073427690582
81185,0.010481399915958397
81187,0.17078963253005888
81189,0.00334344643469499
81190,0.003662368662831708
81191,0.0074189497383287195
81193,0.0072977173559359955
81197,0.12684988961091412
81198,0.04396353948317048
81199,0.020024859304942633
81202,0.08077521991031489
81203,0.17337092655283082
81204,0.20198733908004093
81206,0.003577337844411587
81207,0.006325758052858303
81208,0.026092726083828087
81209,0.0038984051725402267
81210,0.006560153347976818
81211,0.002961391190680297
81214,0.07393249270650595
81215,0.004958199607498263
81220,0.09251930219631042
81227,0.003986157618478364
81230,0.028381714246596714
81231,0.062136062897875426
81234,0.0036061005486518662
81235,0.1694395286698245
81237,0.12251347381548446
81239,0.003541306411752062
81241,0.007391136365465432
81243,0.06046281151129011
81244,0.004246645142946001
81246,0.009889473732917006
81247,0.023546913820746737
81248,0.01248464693785444
81250,0.038558189635633046
81252,0.10449225882242143
81255,0.2207085809783228
81256,0.07306223490278207
81257,0.1973495941119234
81258,0.021495054738343046
81262,0.029940713730970344
81263,0.005811867655613785
81267,0.12920919679471718
81272,0.009449574712219007
81276,0.004374866724270442
81277,0.003190177421574159
81280,0.003942909800890314
81281,0.029321046617767115
81282,0.035553316741029094
81283,0.006122360472369656
81286,0.00400944589081787
81287,0.0039072088961979974
81288,0.020848876275400968
81292,0.0033707267045392916
81293,0.09430581501853937
81294,0.005135041196487902
81296,0.002896461364128696
81300,0.006192691868403871
81302,0.12802120410809922
81309,0.020286170577834713
81313,0.006481654241948445
81315,0.00363372763815451
81317,0.021581639791753635
81318,0.02373114588694011
81319,0.018266631686294173
81320,0.004319279890260662
81321,0.010240821923168695
81322,0.01769545854880682
81323,0.2212759974015678
81324,0.002993783849405597
81327,0.004816833528378596
81328,0.15652990544860126
81329,0.003623144888305583
81331,0.004673085168090257
81332,0.01379045154370861
81333,0.0031362214175230554
81334,0.038164952331444686
81335,0.011748791591900225
81336,0.003238306167241124
81337,0.049079443254840475
81338,0.005512298263684479
81339,0.0037577087468141338
81341,0.019578964581491456
81342,0.0135828673289815
81343,0.006521973948059705
81344,0.0029223777932858306
81345,0.004266509645846935
81347,0.02640250025455894
81348,0.19800016099095671
81349,0.026092726083828087
81351,0.009274339272035779
81353,0.03459537651067348
81357,0.005042433798824428
81360,0.00409666662325613
81361,0.017861652030909253
81362,0.006667289285301021
81366,0.002833800674739559
81370,0.11152676469918117
81371,0.04026769892051269
81373,0.014191386349104365
81374,0.05063219752804054
81375,0.005587392774019759
81377,0.062251585904941155
81379,0.08992538195473358
81380,0.012367636002169929
81381,0.004274363853793056
81385,0.03322693199068635
81386,0.010042445611106926
81391,0.03218968081182287
81394,0.054285352175013915
81396,0.12920919679471718
81397,0.003718131271011349
81400,0.07032176147129478
81403,0.06188484283754114
81404,0.00414500599508731
81405,0.049212088607698164
81406,0.03344573245431922
81408,0.004093471388323679
81412,0.04074005536467852
81415,0.1619601420252299
81416,0.07556484741437883
81419,0.25017570607157164
81420,0.057036592113892684
81421,0.008974777829944484
81423,0.031112897867400957
81425,0.015065006197766635
81426,0.2604740202614813
81427,0.034586423587419535
81428,0.02025374391362353
81430,0.004108308047314522
81434,0.12047970778177913
81437,0.18524770811762742
81439,0.004789456287393418
81448,0.18612398106740247
81449,0.04801612470830192
81450,0.10182060335674213
81451,0.2789026305634168
81453,0.00656559924633853
81454,0.1735674101480565
81456,0.02865118903787079
81461,0.03445520151333841
81463,0.029751211113880436
81464,0.01995004864089914
81467,0.10732117987409884
81468,0.16847910556883094
81469,0.005491786292349865
81470,0.0736230496199579
81472,0.019039579213092715
81473,0.041905632964462904
81474,0.021675890009293878
81475,0.05513759869801111
81481,0.01967186664946467
81483,0.01481588782318681
81484,0.231524760924401
81485,0.008785437878958824
81487,0.1934295343052902
81489,0.003528458245824284
81490,0.002876307614698823
81492,0.016394298185224192
81493,0.003290296405371163
81496,0.011184659378261772
81497,0.22673518639921528
81500,0.0040127216917658194
81501,0.007287883800167181
81507,0.09449232048574771
81508,0.04727113889881582
81509,0.005127267188073577
81512,0.2232196922349723
81514,0.011225566022365258
81518,0.006434156967785334
81523,0.003619585842652626
81524,0.12536893174866412
81525,0.06546095908842124
81526,0.011646630440121646
81527,0.005078386548753212
81530,0.027259642855564023
81532,0.01962406997517754
81533,0.01543621693261231
81536,0.010521387349687243
81538,0.1988976841213675
81539,0.0285832163693114
81542,0.061184352072986184
81543,0.0601874719244066
81544,0.01217853702054446
81547,0.0035520329316896817
81548,0.004650532839346615
81550,0.006389577474094497
81551,0.16634342244069325
81552,0.004192057519253878
81553,0.03437892719499019
81556,0.05723836922690873
81557,0.004305174646535473
81559,0.015443827306653835
81560,0.011895751210395019
81562,0.006045377853797594
81563,0.01983839790487954
81564,0.09472679111317796
81565,0.0038192631595991735
81568,0.04964497052299489
81569,0.04199774379607015
81571,0.013467884668076042
81572,0.0034883735691245217
81574,0.11233404969786175
81575,0.0029561490723636744
81577,0.0038783958078660546
81578,0.003549223707079749
81579,0.07797479341206022
81581,0.08213401484472531
81582,0.003578293034455577
81583,0.10374960993891709
81584,0.030000485595196514
81586,0.00381429157750791
81587,0.014264518969821074
81589,0.03759567415036987
81590,0.03308208994955493
81591,0.08662538082958404
81593,0.04973330261080076
81594,0.05376269621104375
81595,0.002961710376579241
81599,0.009382317729188114
81601,0.10552972134066134
81603,0.012656290368392232
81606,0.010172853183810084
81609,0.20649401278408874
81612,0.0057918931428426555
81615,0.003563437716060093
81619,0.1990956067115618
81620,0.020483523425178087
81622,0.003776772848009129
81625,0.009569620763099087
81628,0.005343464340338106
81631,0.009676057559078001
81632,0.021077240674461817
81635,0.014504259731380389
81637,0.004560984578980565
81638,0.03785919807706935
81639,0.003978381478584048
81641,0.02909005479440307
81643,0.004031920626515201
81644,0.004369540943679226
81650,0.0051972759660366885
81651,0.006791086348359569
81653,0.20315556666929177
81656,0.0029799939881530184
81657,0.00878193543152334
81658,0.5026548860496759
81659,0.008635310982111696
81663,0.002846248857090666
81666,0.1308004562376994
81668,0.03459537651067348
81669,0.007097021547357983
81672,0.009165838399825828
81674,0.0036683011096770007
81677,0.003906403294428686
81679,0.022709857763376452
81680,0.004933037511648273
81683,0.10229728096921792
81684,0.026311772692550636
81685,0.004516292047339772
81686,0.0172483029608777
81687,0.026877616611223582
81688,0.14901619558411003
81689,0.005043289903821896
81691,0.03032510568713307
81693,0.09899410779754664
81694,0.01154578851166179
81695,0.04725882724289056
81696,0.12075067561152078
81701,0.0183349765760168
81704,0.08813666828084296
81705,0.007419064858426293
81706,0.15661852228209955
81708,0.00808006968359324
81710,0.0037312834137759442
81712,0.004918680437366666
81713,0.12609525913714179
81714,0.0303115703055186
81715,0.03520743786237532
81717,0.0036364333173622807
81718,0.01468324441950148
81720,0.0032041151639915664
81721,0.04165412375271367
81722,0.003995015793388045
81723,0.016813745478880985
81725,0.004259576153188981
81726,0.003233890483120681
81727,0.025201597206877115
81731,0.04661342327429371
81733,0.04481301274829372
81734,0.07613231385225258
81735,0.0028524465676587805
81736,0.011416906098039517
81737,0.005669247015154727
81738,0.19087157161989288
81739,0.005106381018972295
81740,0.025040978936628492
81742,0.0342078942230251
81743,0.1932849980267851
81744,0.026092726083828087
81745,0.0034614237623754305
81746,0.00687863034397883
81747,0.006883366446925837
81748,0.017859250763936196
81751,0.09930897319183353
81754,0.12852893764305864
81757,0.008515832812993115
81762,0.20122806645102706
81764,0.00648631966849916
81766,0.003921578875932847
81767,0.039306784693842564
81768,0.01010005000711321
81770,0.05146588050915546
81771,0.03554320837006565
81772,0.036603288265533857
81773,0.009467814885731772
81774,0.003035571461282041
81775,0.0160487852683515
81777,0.0389827479777984
81778,0.016965308144891826
81779,0.026092726083828087
81780,0.022330158368504112
81782,0.004048024819168284
81783,0.06026132220514698
81787,0.004086752178740154
81788,0.006413640243116125
81789,0.010726747853224583
81794,0.07456972439588581
81798,0.22819366467186664
81802,0.003362753289122172
81803,0.005818275868540216
81805,0.22120823437675055
81807,0.008736505955775523
81808,0.004601279465462765
81809,0.2607607367643968
81810,0.042000576036782894
81812,0.004451632945074732
81813,0.07643688110770519
81815,0.0029786412352111563
81817,0.13063813411758746
81819,0.12536893174866412
81821,0.003141620752284536
81824,0.004301466735247328
81826,0.012070402151159142
81827,0.006059822205295388
81829,0.021472690039749227
81830,0.012511903061661346
81834,0.005342979377573061
81836,0.014904592042928913
81837,0.015201991576811043
81838,0.17731846563216747
81839,0.26079708883404523
81841,0.05057683276146672
81844,0.010240617568790312
81847,0.022178407514905307
81848,0.010841639149205795
81849,0.031228560561276163
81852,0.008777236925849021
81853,0.005194575018883649
81856,0.009417180513952909
81866,0.009019677702049015
81867,0.01894812348104434
81868,0.0039010237601769574
81870,0.22590961642604349
81871,0.0035477032671450428
81872,0.008345399250676157
81876,0.06026837200781698
81877,0.11306008858532753
81878,0.03459537651067348
81881,0.0031162341841231207
81884,0.002991733013235337
81885,0.01595258077552376
81886,0.0073351029071075805
81888,0.015362103109589175
81889,0.017999929626989004
81891,0.0037137716172091512
81893,0.006468412035608631
81894,0.06622032045477243
81896,0.0028827799713929177
81897,0.0029362634111948106
81899,0.02890724738748326
81900,0.00413110489985251
81901,0.0576652063063196
81902,0.007846187727538907
81905,0.05581122144969792
81907,0.00715211819635715
81909,0.0596773179600696
81910,0.004212085409697584
81911,0.036887989722533786
81912,0.029773557295683616
81913,0.013597605542856174
81914,0.10026710544080374
81916,0.005636921059982554
81921,0.0035516290030578636
81922,0.020190389675341522
81924,0.04784696297415721
81926,0.25385872703945606
81927,0.004638794163754694
81930,0.02174392396503305
81931,0.06982794738696699
81933,0.0036896893946151803
81936,0.004090921858988848
81945,0.006266347692868874
81947,0.03168959885922017
81948,0.056301059746122026
81950,0.01632948897219452
81952,0.009868972576666628
81954,0.03192511436530619
81955,0.0029307319260841198
81957,0.007182754489293277
81962,0.025040978936628492
81963,0.028913194615183966
81964,0.04990646165017678
81965,0.01094312469752552
81966,0.011439471578405117
81968,0.027725725543176254
81969,0.014757569411934335
81970,0.014393316712524506
81971,0.02192405505723159
81973,0.019581774156931096
81975,0.015509492074865074
81976,0.0035967621525592667
81977,0.008348610374155642
81978,0.0940444533495196
81979,0.0029914510572545757
81980,0.09019239288142666
81984,0.0037579905920827
81985,0.007497692099553179
81988,0.003067142729451345
81991,0.08087232765831653
81995,0.009871831540546602
81996,0.20046560472836314
81997,0.008665075849434163
81998,0.05125714797752626
82001,0.203789740702824
82002,0.18123338894139107
82005,0.0775034436516658
82007,0.016133583971791928
82008,0.004388898851280653
82010,0.0036218926219480168
82012,0.004057344028015221
82013,0.0150844054127296
82014,0.012843726039448713
82015,0.02589826722855357
82017,0.004531531828632786
82018,0.005584116571539758
82019,0.006529025001739151
82022,0.005832920331288031
82026,0.17783416872357824
82027,0.043398530276273356
82029,0.21955380443379188
82030,0.0037166435678482965
82031,0.007219851008951327
82033,0.07822789669050292
82035,0.10193165675607375
82039,0.05120458610838055
82043,0.004099757506631935
82044,0.03505256593184403
82045,0.08830583223656381
82046,0.007217234119269523
82047,0.026092726083828087
82048,0.016674166753333657
82060,0.03203754076303055
82062,0.01967820184079577
82063,0.05625482801024021
82065,0.13657529607831229
82067,0.0045536474167667115
82070,0.0029355244409313996
82072,0.008679774721427239
82073,0.020779692303067202
82074,0.005686513551797874
82075,0.002967690783252942
82079,0.03877413426720821
82086,0.10023861390044221
82087,0.010445395809408122
82089,0.00617291650447768
82090,0.0040787117284981494
82091,0.08567195389968463
82092,0.00391406469712785
82094,0.0032677937184568914
82095,0.03447180628795635
82096,0.11151996097942331
82097,0.0036755711792079678
82098,0.04199774379607015
82101,0.03272754334831375
82102,0.01173696443074511
82103,0.0030006813136155296
82104,0.003121215815215903
82106,0.05407675361628427
82107,0.029291865691148413
82110,0.034062265462025794
82111,0.011126213349559098
82112,0.006841230414476917
82114,0.18817194263938994
82115,0.040831242760237196
82116,0.0949029342247142
82117,0.003230509022200888
82118,0.060932508196020974
82119,0.007215360254885255
82120,0.010395917441282796
82121,0.003615946349467165
82122,0.003940127905276189
82123,0.003461675116071614
82125,0.011633374751840593
82127,0.0401754572899564
82128,0.005558566110142458
82131,0.0456842579102356
82132,0.20106688920260118
82134,0.13142621794682852
82136,0.16058752671166773
82139,0.007981179618806875
82141,0.0035857272519394436
82143,0.036390735718368795
82146,0.006277246867633056
82147,0.0369375780632091
82149,0.046605876342558604
82151,0.031194510814449967
82152,0.013634668725998875
82154,0.01639675104000431
82155,0.003526520702765012
82159,0.011988347471549105
82160,0.0038589420129304104
82163,0.012330504960736564
82164,0.00333251243722509
82165,0.02204732719058745
82167,0.01577555265747642
82169,0.006013354566301792
82171,0.009740938187768024
82172,0.0038539340275409307
82174,0.0064533401051617015
82175,0.0033458236624518086
82176,0.02167967517180874
82177,0.09070973756056953
82178,0.005339404167889033
82181,0.05146686269209457
82183,0.004082224678303252
82186,0.0049443979856465285
82191,0.008979863613152896
82192,0.21476121158634037
82194,0.0241136302296952
82196,0.09059970832795791
82198,0.13486467752659823
82201,0.01512739561249218
82202,0.005466948036679482
82204,0.023792139865384164
82205,0.00427331769490698
82207,0.004170977581912714
82209,0.003480005776321021
82210,0.005837488706683879
82214,0.02698356679485288
82215,0.020176696632115552
82216,0.008170107755115553
82223,0.2149062822932178
82224,0.0188688676873794
82227,0.05693593896759915
82229,0.05846766050300725
82231,0.11535356645084982
82232,0.15955367345672425
82234,0.00336416230725688
82238,0.2581658113426286
82240,0.003922459990986569
82241,0.014615807638520847
82243,0.011695886842539584
82249,0.004265888404889335
82250,0.10861283830084842
82252,0.0036906440687096195
82253,0.00560015911351077
82258,0.003524451955929194
82259,0.015236039066575387
82262,0.0036151703844350554
82265,0.00828395763008464
82266,0.16198159732692838
82267,0.05092541160252004
82268,0.017200821211495767
82271,0.005969256002181392
82273,0.004658938781842943
82274,0.01221517003948507
82275,0.161362969218269
82281,0.1826912625115849
82282,0.009798565767324421
82283,0.004772217105968858
82284,0.04878124496732209
82290,0.0033492481800086417
82291,0.08548199247179114
82292,0.01273022618898316
82295,0.03795913240415362
82296,0.008775122832481191
82297,0.03472381961441616
82301,0.007567247735949266
82302,0.0030388285769105193
82304,0.0050118314477211245
82305,0.02476235270861348
82306,0.003570508486347474
82307,0.16169537924684552
82310,0.014987238259302848
82313,0.00656177762744272
82315,0.014134495983836863
82319,0.16726015252980195
82322,0.005752516580512075
82323,0.004981829697189423
82326,0.00869916341030553
82329,0.005211379378571093
82330,0.12547253185785198
82334,0.014587076192707639
82336,0.12154746679694979
82337,0.05682250213010479
82338,0.05297629621632069
82339,0.003588735333349868
82340,0.01601386592227678
82341,0.011212061501969201
82342,0.18425847755509955
82343,0.006672657526145929
82345,0.09276646344153049
82348,0.06538107018043307
82350,0.04743076491631577
82352,0.006746318152131621
82353,0.0035449520933337813
82355,0.10517406057449344
82356,0.03796427249742674
82358,0.003567869516503668
82359,0.014452218068441144
82360,0.026092726083828087
82362,0.0034670301560038985
82367,0.0645189000646453
82369,0.003965649083816745
82372,0.0033678670251306
82373,0.014702315999130798
82376,0.00310721362440856
82377,0.0036150483808735823
82379,0.0037629634920129675
82386,0.04608755615121385
82388,0.02223754893898383
82389,0.14460658687213598
82394,0.04174566334532667
82395,0.009339065155281781
82398,0.011044255387718601
82399,0.10810143862131835
82400,0.07423265130533536
82402,0.003951174911161668
82406,0.003297768510232755
82408,0.02584662881055725
82410,0.01098101910128479
82411,0.009418374580044086
82412,0.025026143775279654
82413,0.006468955743271377
82414,0.005303509509509757
82417,0.0028833002497853834
82422,0.007377556976848086
82423,0.05945873730029291
82425,0.007709551893070565
82426,0.02027852250806859
82427,0.16679562111874172
82428,0.002832614395193192
82434,0.10481922479207435
82435,0.10040394584282299
82436,0.005936904151646498
82439,0.0043545250695086095
82440,0.002914927832141706
82442,0.003775658143415789
82443,0.031840307839041855
82444,0.011567517628205163
82445,0.11279535655330003
82447,0.009093655178490432
82448,0.026092726083828087
82450,0.005727000290968784
82453,0.05785373340856963
82456,0.23365119789281058
82460,0.004079979772454703
82461,0.0033536916203901774
82463,0.03459537651067348
82464,0.21632860085736852
82466,0.09515136489909387
82470,0.0031118250652378463
82472,0.016268791303748146
82473,0.004253277438977945
82474,0.06761323664126168
82475,0.030235402830786535
82476,0.010732410833974967
82478,0.00383251582799532
82479,0.025346396196569313
82480,0.003454055066120762
82481,0.1727560287942314
82484,0.01384439343907903
82486,0.008582744299885866
82489,0.026092726083828087
82490,0.008649964225561455
82494,0.01374306480858912
82495,0.15652990544860126
82497,0.027506765602644277
82499,0.02289546473606846
82501,0.05279569325514709
82502,0.01399026788887186
82504,0.014486098999444655
82506,0.025040978936628492
82509,0.1771974842253553
82510,0.003718131271011349
82512,0.11803744799848162
82513,0.050170833940845934
82514,0.014735750015154255
82516,0.0060935332380077385
82518,0.01360451459442514
82523,0.025620755264811737
82524,0.01001816142095239
82526,0.11821351149401266
82528,0.016596720605686528
82530,0.004903771334603172
82531,0.007004176046521729
82537,0.22088749625290066
82538,0.04166738819605118
82539,0.08640656065433716
82541,0.010329332937958595
82544,0.004658976864398004
82545,0.004127973983115472
82547,0.01205916423374563
82549,0.003738889726641065
82551,0.0033529868399275365
82553,0.18988432790199494
82559,0.006903885235903561
82561,0.1646230887432251
82562,0.0247638361310764
82563,0.06694915855799558
82564,0.009903019831622464
82565,0.03113866217362308
82567,0.006520674831334987
82568,0.0783176543218499
82569,0.0030566660777573374
82570,0.015252967362163024
82572,0.005109947058810959
82573,0.006322547236393446
82575,0.11059295438984434
82581,0.16378550499624048
82582,0.007332854730851717
82583,0.014512380566100136
82585,0.004021902365081077
82587,0.008787250532570803
82588,0.015671148873393836
82591,0.004357950720546396
82593,0.0067131122222033315
82594,0.20636291853489952
82597,0.008449012882340783
82598,0.028239492049173746
82601,0.00681216607200277
82603,0.006196625158498079
82605,0.011615889186032492
82606,0.04723281110705949
82608,0.09305513005767484
82609,0.0036697020695608583
82611,0.020776084924187754
82612,0.22536975262691844
82614,0.010496036665001724
82616,0.04321000740091232
82617,0.010487944915527254
82618,0.009676113409346168
82621,0.003700653266042133
82622,0.05279569325514709
82623,0.21497374576993875
82625,0.003982549047238027
82626,0.04414111325992155
82627,0.006916300954971335
82628,0.08085364222087586
82629,0.03375668194242137
82632,0.012171044950071118
82634,0.011177454985629635
82637,0.012633658944007193
82642,0.10672422230469614
82644,0.002980832952814133
82645,0.22887107375186005
82646,0.23300168287825876
82647,0.023231016593056576
82650,0.008822870965549843
82654,0.00512416568100266
82658,0.06450818467646902
82660,0.015420709793017379
82661,0.0036308603574582493
82663,0.003013789877179273
82664,0.00290660859497394
82666,0.012376721351644936
82670,0.005062302102782271
82671,0.015441528598626223
82672,0.2166615289192092
82674,0.010521070241457516
82679,0.003938711208469852
82682,0.018018529520425302
82684,0.04435155073900271
82688,0.009519379917430175
82690,0.009485115145137996
82692,0.06523741120542784
82696,0.08343670604303055
82697,0.03308398951647161
82698,0.015336806464348422
82699,0.07575732065315209
82700,0.10177180378759845
82701,0.0331900776318838
82704,0.006990290659549639
82706,0.034618220619521314
82707,0.03408201700285471
82708,0.009904261934107381
82709,0.003282014780745121
82711,0.011311635146761062
82713,0.010403319460231812
82715,0.006225126437909364
82718,0.09155607130109414
82720,0.07131229403141257
82721,0.005546282991173758
82724,0.0070369681326681545
82725,0.004683120671121318
82727,0.0047330799398003585
82729,0.015586348667212181
82731,0.003581806975673239
82733,0.008923436247503904
82734,0.007685166392134536
82737,0.08517696945140521
82738,0.23340355808805108
82740,0.008981842036136669
82742,0.0037470258398835726
82743,0.007246483035243501
82744,0.031000371047842725
82745,0.0037936235247195494
82748,0.004173969286779368
82752,0.009889355897505952
82753,0.011093019976072274
82754,0.0034688001496312945
82756,0.003284866334174641
82763,0.029870264724702153
82764,0.009779085429254769
82765,0.01781291092112796
82766,0.003977892993617766
82768,0.01539984421963684
82769,0.0037281829801235197
82780,0.02863215246256087
82785,0.026092726083828087
82787,0.008864721522009024
82788,0.007156206565655801
82792,0.02244616514378417
82798,0.0557726963711787
82800,0.009166511392273384
82802,0.02609239801823804
82803,0.008217261488634728
82804,0.15440389979489577
82806,0.00407684670597717
82808,0.0346585037776743
82809,0.04485753171242167
82810,0.035122768605792866
82812,0.005392748013585909
82813,0.0072685691776208285
82817,0.0034494202451798607
82818,0.03204176104516945
82822,0.07921760200927089
82825,0.004818334699486425
82828,0.007636239632327596
82829,0.0031441922834808656
82830,0.00829341285244082
82831,0.003585373476651915
82832,0.00891506101627763
82834,0.044698292806470204
82836,0.033378156470883207
82839,0.008752473544715719
82842,0.012949403974380921
82843,0.047077029894097414
82845,0.007697274992821026
82852,0.1058305962404874
82853,0.016341131101453778
82854,0.0032456785381574428
82855,0.003946425429084589
82860,0.004941999561781289
82865,0.01107531432183528
82866,0.007939484211519403
82870,0.016764695553824736
82871,0.040394191330779095
82873,0.02264315353390824
82874,0.01963746629368387
82876,0.004018189811752396
82879,0.09889665966435494
82880,0.004939905817003023
82881,0.026092726083828087
82882,0.008289028504888229
82885,0.0035875063667908528
82887,0.012146208249994033
82888,0.009903019831622464
82889,0.018254975234774363
82895,0.008433321518311297
82898,0.04188116929188609
82900,0.003927176520914567
82901,0.023091229147916812
82904,0.024279886456224937
82906,0.05196187017597863
82908,0.20417848338866804
82909,0.02229091331738747
82911,0.0038928173051655966
82914,0.08106607671175085
82916,0.0056109117810886405
82918,0.0036904746230090905
82919,0.0028999081174367405
82923,0.014975683825398062
82927,0.14810083364173782
82929,0.00409666662325613
82930,0.0039808969254573855
82931,0.014132556524166253
82933,0.008870942799587138
82934,0.037285363200979624
82936,0.00780299436639333
82937,0.05451745842497446
82938,0.2590260412468048
82939,0.017545731108544366
82940,0.0046547026195783905
82941,0.010562931083864826
82942,0.17007605246407445
82944,0.013447534522081365
82945,0.005915503765111129
82947,0.007387319857702339
82948,0.03885532901694469
82949,0.05101073990886166
82953,0.30358314718969326
82956,0.04031528923703902
82957,0.011315607218925043
82958,0.004390754859731757
82959,0.004261316584063109
82962,0.018170465581073898
82964,0.004727476858989917
82966,0.003823527822212139
82967,0.010221047838112658
82968,0.004035258549085635
82969,0.007275029483676173
82970,0.10920779150224164
82972,0.010933321807943415
82977,0.014147441521670778
82978,0.005085905776090569
82980,0.0068010205344291265
82981,0.1595204160852063
82982,0.0057999836839325875
82985,0.003292423298338456
82988,0.09788028710187087
82989,0.0032836173356286433
82990,0.018207871514213665
82991,0.13535403226998982
82992,0.07050755641360631
82999,0.004213191599104548
83001,0.049314906367843116
83003,0.21806881113181573
83004,0.2001050115294066
83005,0.005463823607913369
83007,0.003252221076636996
83008,0.08925047986654304
83011,0.011523167756227968
83014,0.008782952796741962
83016,0.30996068622307743
83017,0.06244438023672061
83021,0.03472756359881849
83022,0.02770248677956038
83023,0.003065446959841985
83024,0.18595226590590877
83025,0.15652990544860126
83027,0.00386571849302069
83034,0.07887091522093362
83037,0.04735441280120379
83039,0.10188147681930781
83041,0.045488515271316136
83047,0.07679586471745124
83048,0.006657452912734872
83049,0.014648896491319731
83052,0.13166664985594512
83053,0.003621577506787553
83056,0.020995764492068903
83057,0.14513965350459432
83059,0.003591882512828167
83061,0.20106210197254595
83062,0.23506546989562244
83066,0.007227580256475214
83067,0.009744719357790779
83069,0.008776819924493947
83070,0.2329371797148927
83073,0.023515810346396535
83074,0.019921256540180732
83077,0.0031879140082146434
83078,0.006044285161908723
83079,0.037465832837332076
83085,0.0036334599789213905
83088,0.002968522559612822
83092,0.009132390338023922
83093,0.030129606090840644
83094,0.17785373070701982
83098,0.004004557036496715
83099,0.026026913843315208
83101,0.002962905129070411
83102,0.04811855397880994
83104,0.1278852489116321
83105,0.027831872502934372
83106,0.00845138755240613
83107,0.0037229617579654277
83108,0.0030087363983255476
83110,0.009874440204526835
83111,0.0031940115074658077
83114,0.0063719718587995815
83115,0.004573203731354778
83116,0.015618852139028536
83117,0.014884012428578244
83118,0.005311010946576144
83119,0.008813299522616183
83123,0.0034333816724519657
83127,0.003581241199970956
83131,0.002857588539870536
83133,0.00664735827902181
83135,0.0713947184727966
83136,0.014991855646509726
83141,0.05914214091662592
83142,0.11488691374823465
83144,0.007143179878357637
83150,0.016369325930452726
83154,0.05749815503829956
83156,0.16285751773810808
83161,0.010999633876346563
83162,0.03283267511656584
83166,0.12228849581261637
83169,0.04199774379607015
83170,0.14317239022360884
83171,0.004408976837678903
83172,0.00343519318976065
83173,0.04904973182437502
83174,0.010739329524591473
83176,0.04152320788161578
83177,0.00803695851288983
83178,0.0032779438821066943
83179,0.26270266266752057
83183,0.12277383932519474
83184,0.014118215373001437
83185,0.004252680070115946
83188,0.007554347549235341
83189,0.08002293067114491
83190,0.2341283911016422
83191,0.058407012541727324
83192,0.0644162595174784
83193,0.128461601354624
83195,0.0033495563124311756
83200,0.0051597768571098185
83202,0.03949695373717384
83205,0.007942047697083303
83207,0.08302558318723521
83208,0.007673469114048873
83209,0.04842467663728702
83212,0.07925698376894973
83219,0.08801875583868224
83221,0.0059047283559060205
83222,0.0029928541850156466
83223,0.011647719768733595
83224,0.02901328805080912
83226,0.0037439706318669933
83228,0.0183390412454818
83229,0.020639656584540103
83232,0.031180398786475667
83233,0.003100797042601518
83236,0.003952404340961837
83237,0.10136598047985627
83240,0.011251158382472096
83241,0.09032952632791312
83242,0.0064501004466636465
83244,0.0029555657550755254
83245,0.13205877926926027
83247,0.0824929806505582
83249,0.02594247745884245
83250,0.0110501528097801
83253,0.0037407653243753673
83254,0.11227826197703068
83256,0.003707219632237739
83257,0.002883288666323665
83259,0.025040978936628492
83260,0.046297144297472115
83261,0.05024820906356272
83263,0.07306223490278207
83266,0.045438410183057096
83267,0.019742841040071867
83268,0.025040978936628492
83269,0.061976937101345095
83275,0.016293989648134177
83276,0.09433530606236669
83278,0.0038654398595742152
83280,0.015595991736660635
83282,0.026880025728919753
83283,0.004207854847504707
83286,0.003555607294521278
83287,0.004335010781316446
83289,0.007717903017757814
83290,0.0029741580243659517
83291,0.00877907130242573
83293,0.00741889736877961
83295,0.005834304628176607
83297,0.059689964089388724
83301,0.03327676799799764
83302,0.04855923038503883
83303,0.03455741602195973
83305,0.005144550288340946
83307,0.004370189026162636
83310,0.04784696297415721
83311,0.11897619034897058
83312,0.004837673606032422
83314,0.15165936093201143
83315,0.031682616699352205
83317,0.04700477386916914
83318,0.23598587962048348
83321,0.08199721240953893
83323,0.00332816835654687
83325,0.003120794554676624
83326,0.00464817492092065
83327,0.018945995108493537
83329,0.0037106559257737677
83330,0.010254059618194568
83331,0.02807759940671125
83334,0.006399312792460234
83335,0.007467476703782877
83337,0.19369626807866785
83339,0.2687757137705753
83340,0.07420745429806558
83341,0.014134556803847259
83342,0.007506356292324958
83345,0.005171922208181119
83346,0.011779184509155414
83350,0.0028583512900349863
83351,0.1740229388419514
83355,0.06146381032396211
83356,0.003932720293889673
83357,0.003362227059360074
83358,0.03513442208876382
83360,0.00659440545978051
83362,0.014845550953981984
83363,0.012799894128517453
83365,0.00287575886742356
83366,0.015979431218391613
83367,0.009594596727489718
83369,0.003910413285495922
83370,0.0049117547410932666
83371,0.005868408179611561
83372,0.030562556846879252
83373,0.25650866034402386
83376,0.13088534245512556
83378,0.015348646460972087
83379,0.0043965361024628944
83380,0.011517000871370349
83381,0.0037421642488095867
83382,0.04448462764280897
83383,0.1142681727445367
83384,0.029650126942881265
83385,0.0041838736427501095
83386,0.20903840327929257
83388,0.04885203147346455
83389,0.028117518669103638
83390,0.003630521449321934
83393,0.0034843122346047612
83395,0.01524071605184601
83397,0.004418785697075102
83399,0.004383940465360627
83400,0.04795660858735352
83402,0.01110304840628739
83406,0.003976398671361472
83408,0.011729783699700836
83412,0.06386351011448457
83413,0.006085010652408549
83415,0.08033286264031148
83420,0.014131992497729076
83422,0.1268899622243907
83423,0.011524414130280861
83426,0.0722160981869556
83429,0.003692942309962717
83430,0.00831498321284026
83431,0.006434726886999272
83433,0.12408558050025406
83436,0.026092726083828087
83438,0.031281857623310344
83439,0.005609807831189445
83441,0.04180331591296862
83442,0.007147169085650156
83444,0.003527542077351765
83445,0.00376907484850234
83446,0.0034932266812489027
83447,0.0408587921376768
83449,0.015567539105121537
83450,0.026092726083828087
83451,0.07575732065315209
83453,0.0028901577825484874
83454,0.003733753836645139
83455,0.15259295405940682
83456,0.003533268458113877
83457,0.020424722413725175
83458,0.09405011293734768
83459,0.01359555175829856
83464,0.025779888400661633
83466,0.009883079558289556
83468,0.003038512705171786
83473,0.15636918370301334
83474,0.006723809530901954
83477,0.008699605287870326
83478,0.0926043486052316
83479,0.003123070775924869
83481,0.01875242118883754
83484,0.051886125312353724
83486,0.06497246031947185
83487,0.038180696555066944
83488,0.1785445587771984
83489,0.2534883761153341
83490,0.009386205229742357
83491,0.047374751962383665
83492,0.013981851087519584
83493,0.0033707463934718046
83494,0.011743994047769194
83498,0.05600238441447668
83502,0.021016530283091524
83505,0.2687493993850885
83511,0.026092726083828087
83515,0.15234453977699336
83516,0.013292523753298703
83518,0.23745398304348925
83520,0.0034714202686369003
83522,0.022139600332357817
83523,0.04201582164101491
83525,0.04874881169737048
83528,0.009178539204265571
83529,0.004243140960814836
83531,0.009890096210706264
83532,0.005073927339588677
83534,0.06214969218001761
83538,0.018925595568396215
83540,0.006969899550331181
83541,0.1647474450186247
83542,0.003941259646593057
83543,0.020396211622935242
83545,0.027626037483189887
83546,0.12920919679471718
83548,0.04013500663045596
83550,0.00423268626760473
83551,0.0035270958369852147
83552,0.022889105339791344
83554,0.026092726083828087
83555,0.06017601926898536
83556,0.007933626582701072
83558,0.0074832768251255595
83559,0.006506787884759483
83561,0.05899128436499311
83562,0.0038250904085046127
83563,0.005068457861718503
83564,0.12313641864687991
83565,0.003933606413163848
83566,0.05097692547603148
83568,0.029077521194100755
83569,0.005107459061226196
83570,0.06213888694325464
83571,0.004765358014413404
83572,0.0032439413088788927
83576,0.012573843796399366
83580,0.008505536402664918
83583,0.009480282516082074
83589,0.01139269160164164
83592,0.07284036672494389
83594,0.003817784244904758
83598,0.010499885841683142
83600,0.009460657163726498
83603,0.008237921468968276
83605,0.005170223560931732
83606,0.007583675067592965
83607,0.1740229388419514
83615,0.0036007775192501766
83616,0.006630915956576876
83617,0.026092726083828087
83618,0.0029637415432725847
83624,0.025040978936628492
83625,0.015619046660897381
83626,0.014854889328994626
83629,0.00525620289179046
83631,0.010250078746032846
83632,0.011592487773909884
83638,0.011561642912415716
83640,0.008475624766313198
83643,0.007714353564374027
83645,0.013108513142919527
83646,0.012523224402566209
83647,0.030467929915895635
83648,0.016064448431522903
83651,0.10764329915143303
83652,0.13539717826396838
83653,0.03250772891752077
83656,0.0029958394467035463
83657,0.007430704752986355
83659,0.009772802543139003
83660,0.04925990570456569
83662,0.01035293185280896
83667,0.028261996732129775
83670,0.005479009485289236
83672,0.0029528098461268338
83674,0.037149509391025834
83676,0.06424650988880223
83677,0.007940597467829642
83678,0.03278073916954708
83680,0.00794680617520195
83682,0.005354529489353511
83685,0.0029670880130365823
83688,0.03117359663368494
83691,0.007755607208480913
83693,0.016034399503132235
83695,0.003906838240678683
83697,0.013491899960853183
83700,0.1771974842253553
83703,0.003505740323147404
83704,0.0880041750085522
83708,0.1316887321067441
83709,0.20106700786403386
83710,0.012268667410082656
83711,0.02820245524371417
83712,0.17621672775690747
83718,0.0544772634508677
83719,0.003982704855687084
83720,0.02385183307397953
83721,0.0037470258398835726
83722,0.013173405877937321
83725,0.0102530373483269
83727,0.003981765098455909
83728,0.004362890470140183
83730,0.008497916328629895
83731,0.0035434225797129184
83737,0.07552756311792817
83741,0.005761677264122084
83742,0.12807309469723407
83743,0.0033223623855459304
83744,0.0038239284292491665
83747,0.03756275624157993
83748,0.2202091937792155
83754,0.06522181055742643
83755,0.09811762697091528
83756,0.003648295148187726
83758,0.01734517475041847
83760,0.3150450826565064
83761,0.1383843278591081
83762,0.036471212248520915
83763,0.014800910719214673
83767,0.011546184318371016
83769,0.006842861976550379
83770,0.19541955160547106
83771,0.02642227763776983
83775,0.003664907648454027
83777,0.22492113147928003
83782,0.015241051721385488
83783,0.04807876531333048
83785,0.16122351526020443
83786,0.0029596312132050564
83787,0.012554233351481602
83789,0.008753611918946833
83791,0.01848461069058573
83795,0.0038175028108470913
83796,0.10716181008722973
83801,0.01719895247026811
83802,0.0038894943083413675
83807,0.05343567577256684
83808,0.09129384800949203
83811,0.08585462263757343
83813,0.01176033960889995
83815,0.012026108894549779
83817,0.00637704836241757
83819,0.004898524638727714
83822,0.014821512535106777
83823,0.1670560065580123
83826,0.008761652879606119
83827,0.00426725337541119
83828,0.007303556268638903
83829,0.007751744420931305
83830,0.0045148690462991515
83831,0.016160609039777372
83832,0.012163905831087406
83834,0.10798857232218531
83835,0.03839460965194096
83836,0.0035002525671126933
83837,0.017840141524459903
83838,0.007468590250650211
83839,0.0369761246573228
83841,0.054212426695604436
83849,0.004230258941890722
83850,0.003659144331848547
83852,0.010379800509419003
83853,0.00567336168567291
83854,0.35340959164521113
83859,0.026092726083828087
83861,0.0071611029534191396
83865,0.21302466185811467
83867,0.061231498089337526
83868,0.008190945615202207
83869,0.005927854539870833
83870,0.03969704065419046
83871,0.00351330396564049
83875,0.08840141698002979
83877,0.0217234263882575
83882,0.09837325056371102
83883,0.0030827618185058844
83884,0.010437292869309944
83885,0.18298309638424354
83886,0.09817324993080367
83888,0.0038139658037026317
83890,0.04547409668752366
83891,0.03850732664068653
83892,0.0342868958373025
83895,0.004185083168397583
83896,0.00442140945038346
83897,0.008506165525264103
83898,0.013374078197378512
83900,0.007930195895528493
83901,0.22176368020607365
83902,0.026070457364618823
83903,0.12536893174866412
83904,0.0030436349609525982
83908,0.20062707413546713
83914,0.00882088268813686
83917,0.0038432512641577384
83920,0.008891721391998652
83921,0.07069973113070231
83922,0.19541955160547106
83923,0.011540058464046373
83924,0.02981576598493246
83927,0.011857680707197291
83932,0.0038471040629340343
83934,0.004361258422593311
83939,0.3999583595982896
83940,0.0030006688765219225
83942,0.02947622873286192
83943,0.022400175896534157
83944,0.1884740400356497
83949,0.01254048186043957
83950,0.06365318485962083
83953,0.07103053617776532
83956,0.006706436676275696
83957,0.004494321320420599
83958,0.0036552458690595046
83960,0.01603487334201149
83961,0.015845611720343798
83963,0.004499559994106787
83964,0.05309405464618676
83966,0.007455160172017878
83968,0.026092726083828087
83969,0.0036049812682813357
83970,0.0029633202197222462
83971,0.004157860264769991
83972,0.007470785282866351
83973,0.0028170916578641857
83974,0.0072889241924704645
83975,0.039366275634437904
83978,0.03473507997577926
83979,0.0028205224775141504
83980,0.008184150410565368
83981,0.055757573241194826
83983,0.019184735681809735
83984,0.004580617028789758
83985,0.057506507737028534
83986,0.007353273870402121
83989,0.007960925044875
83990,0.09217165164042743
83991,0.004412004107313507
83992,0.014653015172402596
83994,0.004746230763360093
83995,0.02453489479907627
83996,0.005639122480254857
83997,0.306231971259271
83999,0.012822263001942955
84004,0.20281489100803826
84005,0.03117111041122518
84006,0.02008714569040527
84008,0.15188367306662928
84011,0.00354325289585385
84012,0.0029584913276148013
84014,0.022575352612978297
84016,0.002876405306732791
84020,0.07448932048115972
84022,0.004101090876435922
84023,0.016076757922557323
84024,0.04214288838328918
84025,0.011176637451117322
84030,0.009584602053182099
84032,0.0038919670898007065
84033,0.0052223531790487965
84034,0.12536893174866412
84035,0.0039061508490907913
84036,0.006102040882748337
84037,0.006946870805689385
84039,0.18668161431936472
84040,0.014357620326010423
84041,0.042025130277872455
84042,0.0035719425449346953
84043,0.026092726083828087
84044,0.004953155355802014
84045,0.05448214120175164
84049,0.0049569416516167565
84050,0.004120969516687443
84052,0.03808986218279911
84054,0.0038181619662802603
84056,0.004093993337006082
84057,0.031201417205096234
84060,0.003257070481546344
84061,0.01136603643215408
84063,0.17687855304806666
84064,0.0034094709171818894
84069,0.0063319818560395175
84072,0.0038639049119194037
84073,0.08590479273151169
84077,0.031233884170127946
84078,0.014705114740132022
84079,0.0029039950714832064
84081,0.006997271983298791
84085,0.008389080076226999
84086,0.004680385755819027
84088,0.03071410985852858
84094,0.01010579417246739
84096,0.0048576984902434445
84097,0.032862670055511724
84098,0.003265332296772107
84100,0.012956890506982281
84102,0.16150849301117284
84111,0.02095314975410115
84113,0.01104956322776332
84116,0.007185090823915498
84119,0.02473403860686651
84120,0.1298020337870856
84121,0.003327405179824731
84122,0.033875359411810704
84124,0.02505551755688046
84128,0.010247593209266798
84130,0.014876726626123757
84134,0.015135947897137798
84135,0.03365980741484832
84136,0.1474642843535426
84138,0.004912821067668184
84139,0.014648957790627191
84140,0.011120795553809666
84141,0.0062420752401975595
84142,0.05044795570990152
84144,0.006506474759149188
84145,0.02086395931901432
84146,0.007748085262475286
84147,0.005406158384802671
84151,0.0038220910243984023
84152,0.003462442649778172
84154,0.003536245009590349
84156,0.012510200800806958
84157,0.0936607189884017
84158,0.03020980683146745
84159,0.011859280034870322
84160,0.15964844504707645
84161,0.004755823589626473
84162,0.006056244576359742
84163,0.07140420977038951
84166,0.0034950070446338006
84170,0.2005785309783445
84174,0.011845695073326378
84177,0.026092726083828087
84180,0.08566694067004177
84181,0.0036811258301743623
84182,0.18065787329949543
84183,0.014163125841307267
84184,0.04584034847877746
84185,0.004198469980750096
84186,0.006663698514082653
84188,0.049424682212829425
84189,0.006073450305231993
84190,0.00395358089129245
84191,0.020917631364391842
84193,0.023812142712635372
84195,0.003716788358857706
84196,0.09046690580319593
84198,0.011526606085256618
84199,0.009477036894301861
84204,0.09736698761081157
84206,0.09933902235490273
84207,0.01743078193898947
84208,0.04547997438358019
84210,0.006388599509456817
84211,0.015475999654696164
84213,0.005950836249566651
84214,0.003720506162291082
84215,0.07432185663929734
84222,0.10120947896760159
84223,0.12134798476707827
84225,0.07529466477871603
84229,0.005841721318151891
84232,0.003558574946797426
84233,0.005785694184719859
84234,0.0050465229997739515
84236,0.0935442021161388
84237,0.016730619456864763
84243,0.006809823876950738
84245,0.0516607195899978
84246,0.007451105087208349
84247,0.19107772629251152
84249,0.05279569325514709
84251,0.02531995183508152
84252,0.02372367598291467
84253,0.015539194952108457
84254,0.006982710754308963
84255,0.3009917011124263
84256,0.02314619963696984
84257,0.0031433633323696077
84258,0.1990956067115618
84261,0.005776348748926469
84264,0.0461976434791168
84267,0.02453294460306791
84268,0.0030869300194719183
84269,0.005858876610426325
84272,0.08722632207187625
84273,0.0037784157928879417
84275,0.022326899254930296
84278,0.01700135317917513
84280,0.04646459911504599
84281,0.09006568014586766
84282,0.003116002600802103
84285,0.0038099744890645487
84287,0.04520149874470874
84288,0.01728436045266679
84290,0.029804876025360832
84291,0.006548078938802283
84292,0.0032321114305328197
84293,0.07182344729119466
84294,0.011748110883206903
84295,0.014859760576197083
84300,0.00391856733787715
84301,0.0045566436093064325
84302,0.11507000678923324
84305,0.22072336580921148
84309,0.08191601902724856
84313,0.18869934366640298
84314,0.008813596977974313
84316,0.050884861193808126
84318,0.007294965958513209
84324,0.009666957485995992
84326,0.018701453353430913
84329,0.011015460340492781
84330,0.13397046236436372
84332,0.2295493954823056
84333,0.043877187921964045
84335,0.04085963002463951
84338,0.003138407914274454
84340,0.023018981960895562
84342,0.03067244592460273
84344,0.015755689150092407
84347,0.004349987022223036
84348,0.004618031172499581
84351,0.04296981071531622
84353,0.0028395498021630003
84354,0.01977706105800853
84355,0.07078563661427514
84357,0.008236245327398339
84358,0.04281764425313062
84359,0.026092726083828087
84362,0.04199774379607015
84366,0.01920100631000732
84367,0.10670869555775526
84369,0.0038895114181051963
84372,0.006419802486136214
84374,0.005090585712755347
84375,0.15612154373591422
84376,0.03298466968504224
84378,0.006476045144130842
84380,0.0418362341735114
84381,0.037784253218101374
84382,0.012497862214317946
84383,0.010534545922911963
84385,0.006996707931386235
84386,0.0032726670884929317
84387,0.016219915024003585
84388,0.006211469979820144
84391,0.20219086833201716
84392,0.09215601801316596
84395,0.006025650547776046
84396,0.004419763863047816
84398,0.022604426591334985
84402,0.08690412015229991
84403,0.07713770975298122
84405,0.004456653034606968
84407,0.004100700794354978
84410,0.00333106180874039
84418,0.03295044240211384
84421,0.04733464272957019
84422,0.006728558135222073
84423,0.06880501244948119
84424,0.005412256715734493
84425,0.003536344299330741
84426,0.2825563178487494
84427,0.01164231786628444
84428,0.202166571129345
84429,0.026092726083828087
84430,0.0801829146597722
84432,0.18699004524296456
84433,0.035344082372606285
84435,0.06110410457357092
84437,0.003432078507127161
84438,0.007190683998177276
84441,0.01035261187800765
84449,0.0054434555352637585
84451,0.07907740085495357
84452,0.007403914140974967
84453,0.013480017360481503
84456,0.09313277320473048
84457,0.2311002596733432
84458,0.015657911798716728
84461,0.014492019462508944
84467,0.005213731732059368
84469,0.005210679857647654
84471,0.025040978936628492
84472,0.006226178476551855
84473,0.007095120061355238
84474,0.011022481986564902
84476,0.003824228724522648
84480,0.023050231823217207
84483,0.014052784909483609
84496,0.011544556078041782
84497,0.015330013790291966
84499,0.008778972074487279
84500,0.01802729629844444
84501,0.04026160986632768
84505,0.07575732065315209
84507,0.0029314830439654068
84510,0.014292323146216448
84512,0.003047429471935157
84513,0.0044118460986898155
84514,0.04855935721942656
84516,0.004263262086672681
84517,0.006330819496014325
84518,0.007191864453595043
84521,0.06438273903599125
84523,0.006870945691307296
84527,0.0060060584688059965
84528,0.0039956232186054205
84530,0.007880164929087757
84531,0.005899654663003381
84533,0.005461450826955998
84534,0.007485629292942091
84535,0.044832293929250686
84538,0.0059187456971331485
84539,0.0034199375757396405
84540,0.04319468464816495
84542,0.06170194242779915
84545,0.19736967234373853
84546,0.009137029857910301
84550,0.01692397689546173
84551,0.0251169302457703
84553,0.006344763863265517
84554,0.006639795560711738
84556,0.11060212955479433
84557,0.032997078050963406
84558,0.030468215373989926
84562,0.0042574519286090705
84564,0.03084223528119836
84565,0.022523490680841265
84566,0.006611005904405089
84567,0.0030431437830853855
84568,0.0854623063860936
84570,0.015335343610479208
84572,0.01929343139739035
84574,0.002834297475678187
84575,0.0061895920411052345
84579,0.11004081385681624
84588,0.0034900536184150088
84592,0.0064535513792001445
84593,0.004006748764305882
84594,0.005985601708353055
84596,0.01581649750068865
84598,0.0034633817169628526
84599,0.04641612726736001
84600,0.012508897722059414
84604,0.0038477540595629744
84605,0.0029733145992106224
84606,0.033032316467828865
84608,0.21579816175812339
84609,0.0648948196921303
84610,0.1143052852132316
84611,0.10552969646824668
84612,0.018846143433406484
84613,0.025040978936628492
84614,0.0031551406932840385
84616,0.06901053096999245
84624,0.0031412393326427468
84625,0.008103139694333175
84628,0.017447453978842137
84629,0.049566625480734226
84630,0.01211005448952379
84631,0.005430739636343415
84632,0.034649446358479545
84637,0.0041100365081324286
84638,0.024208107333335765
84639,0.004516893502579781
84643,0.007375924552734629
84644,0.004523421794909232
84646,0.03877480545539792
84648,0.014560088472624924
84649,0.0035511857410608877
84653,0.032506790881624316
84654,0.02556231650850604
84663,0.047093602020993504
84664,0.030193363071147505
84669,0.1133929324879844
84670,0.003453726444625551
84672,0.034040871234203525
84673,0.00430463014092486
84674,0.005716886504172462
84675,0.19865068471746658
84677,0.003609986334262327
84679,0.006079363661304997
84680,0.07197914134630723
84681,0.003998594074970607
84684,0.004349065753841048
84685,0.026092726083828087
84690,0.009182962390362412
84692,0.004516334612986384
84697,0.010484750011577205
84698,0.1647735976680608
84699,0.223716698057497
84701,0.004618122251682686
84702,0.004044436558109575
84703,0.005344232803838754
84704,0.0034626129583162587
84709,0.0947602271486142
84711,0.019275250555946505
84714,0.01227724495399842
84716,0.0075775727262317625
84718,0.02652664698353107
84719,0.0630073994656279
84720,0.030937231665242804
84722,0.003590492752031499
84723,0.0037598108193464173
84729,0.022762354789342937
84730,0.024858195107045178
84732,0.00367455837823149
84733,0.03632146115237126
84734,0.026092726083828087
84738,0.02762138368939342
84742,0.005471683132340873
84744,0.03322313691800516
84747,0.0037319455960771295
84750,0.004860783606499326
84751,0.12721954335317948
84754,0.004412022483756623
84755,0.20996616870789386
84756,0.14231996806969696
84757,0.004032413986622549
84758,0.04465507120241715
84759,0.023866302155673185
84761,0.012010303258567051
84763,0.0043790544235472115
84764,0.013867445498896078
84770,0.025255466743217197
84771,0.00871186290956372
84773,0.09857443518959651
84774,0.16285751773810808
84776,0.06243772266051016
84777,0.0029887594261569827
84779,0.0038748457762805494
84780,0.019061978468679144
84784,0.011697872574501778
84787,0.0040344351549710805
84789,0.030035425503396513
84793,0.005449763052993449
84795,0.00393766007524999
84796,0.032672156564186955
84798,0.016066628259072898
84801,0.003985697941673004
84806,0.00431748847671387
84807,0.14098110430432395
84808,0.030741616539782593
84811,0.022678947815418547
84815,0.05279569325514709
84816,0.055123443091000514
84819,0.006045667668762485
84820,0.034042664292882
84821,0.00842720699995695
84822,0.19686680071885393
84823,0.08858384089894886
84824,0.029682049227797918
84825,0.006700943314701708
84826,0.04990896205692105
84828,0.18246797209984622
84831,0.004472786169941856
84832,0.002859122460699922
84833,0.012312774227998438
84834,0.004113371232751436
84836,0.08983599185173467
84837,0.04276247311060114
84841,0.1973495941119234
84842,0.004648092471629379
84843,0.004047657762438209
84844,0.026092726083828087
84846,0.18387337153337294
84851,0.16293540105071888
84852,0.0036653084197817904
84858,0.041636290061318526
84859,0.04586876215589503
84860,0.018560780954274533
84861,0.003698672284608153
84864,0.012938873541443846
84865,0.005421446963859618
84870,0.04199774379607015
84874,0.013912918445570613
84876,0.0033488553724865936
84877,0.0040419658821874305
84878,0.0036743187138981045
84879,0.05167703142754901
84881,0.002979339636940304
84882,0.0069771018420093
84883,0.004272367708972418
84886,0.009575055000646752
84888,0.02560831967501663
84890,0.003324357500860117
84892,0.030393184659852593
84893,0.039093388371517976
84894,0.031956476026084216
84898,0.15234453977699336
84899,0.06513531776765555
84902,0.05095069457576236
84903,0.00332788099875469
84905,0.03758439207168163
84909,0.0029370081583881672
84910,0.1656222818087892
84911,0.05571234726434705
84912,0.1327279608341122
84916,0.007941210021138585
84917,0.011887536542852063
84918,0.14246829814411818
84919,0.04710908214661218
84920,0.00363868719451041
84921,0.01532093781434517
84924,0.002968522559612822
84925,0.0566176687659832
84931,0.2276880630283353
84932,0.06700713568426282
84934,0.00498025506230125
84937,0.01433082898048668
84938,0.0033958193321758845
84943,0.008667618815760666
84946,0.0708054691815217
84951,0.014172525389094982
84953,0.03847286059175221
84957,0.003283506062308799
84958,0.0041994156887935055
84961,0.032512358436023056
84964,0.08430710054871035
84965,0.2228111785800249
84966,0.0036551591711565154
84969,0.013716096542238718
84970,0.003979060854375932
84973,0.0052188059463645076
84976,0.026092726083828087
84978,0.007550465659601442
84980,0.003890060668384535
84982,0.2892792918327011
84984,0.007536547968242074
84985,0.19894099678868457
84986,0.02830754778363518
84989,0.004896372104581604
84990,0.24445745801990068
84992,0.034707398664779066
84999,0.039771575003148596
85001,0.02474066343514207
85003,0.007907603378485676
85004,0.004050528844290643
85006,0.03798917346225758
85008,0.0037292282273811207
85009,0.011987767186169607
85013,0.03589283889772607
85015,0.0035750493701418463
85018,0.02332499189579067
85019,0.10900005352271169
85020,0.01873005353531839
85022,0.004680618437238158
85024,0.01071112000126683
85026,0.003203389947611983
85028,0.016679488687730733
85029,0.01565597979141038
85031,0.007482506782944842
85033,0.007606334527735287
85034,0.00879210376880199
85038,0.19686680071885393
85040,0.011329669283724975
85042,0.03053861578409907
85043,0.009727470245954398
85044,0.18842144076641695
85046,0.04353722556343148
85049,0.006552882512330622
85050,0.0029054562416176936
85054,0.006784479464467044
85056,0.0029865710137131395
85060,0.23613168101620405
85062,0.007193975689216609
85063,0.0028171430668362685
85064,0.009873168853098581
85066,0.03494941805853296
85067,0.00756072373469658
85070,0.2881691465404561
85071,0.0033235899458934504
85072,0.003903652556415658
85073,0.00946189208598794
85077,0.012796228080066013
85078,0.00820852520251292
85079,0.03723249134976453
85080,0.003645083409783528
85081,0.012693174497913417
85083,0.006918248693462445
85084,0.0035433471810938475
85085,0.005811096078014109
85086,0.07167293442914444
85088,0.009218531471563207
85090,0.011015300176014984
85091,0.02053558116245175
85092,0.006891907997571555
85097,0.002844025378339738
85102,0.19979788246681068
85103,0.014353077969492352
85104,0.008575294459834916
85107,0.003844764007962797
85108,0.019990869032564678
85109,0.005746868335924977
85113,0.20036673066534924
85115,0.14195843110646014
85116,0.01017941055799312
85119,0.18612613072107956
85121,0.004884752434075847
85123,0.03459537651067348
85129,0.2760879719700445
85131,0.10745305954039285
85132,0.053773238945065686
85134,0.01614364905535883
85136,0.010430938403364589
85137,0.0033991191686764707
85139,0.008783661923010378
85141,0.014759456421031693
85144,0.19846498127578252
85145,0.023661325322058127
85146,0.0517597741664296
85151,0.015280537679380521
85154,0.017584288402245213
85158,0.030003419270362736
85161,0.0029117667556951936
85162,0.00679219528395762
85163,0.0039956150310812635
85164,0.0034515572560010373
85166,0.023197375629379582
85168,0.19815608345049435
85169,0.003503213994593403
85170,0.16926691345821027
85174,0.12628190540079193
85178,0.0805856539606145
85181,0.0041680653794199185
85186,0.008537050142308444
85187,0.008672244074215395
85189,0.004123793209891945
85190,0.00294177459686164
85192,0.031062731247224785
85193,0.12936108399330654
85196,0.0038019592466114046
85197,0.021278903082070165
85199,0.10020871130961012
85200,0.0038895114181051963
85201,0.003985697941673004
85205,0.006060551873668056
85206,0.03327319140499815
85207,0.301650189712468
85208,0.03459537651067348
85211,0.00983266062042375
85212,0.02560831967501663
85214,0.028160919182441426
85215,0.005256210811901707
85218,0.03610105164672295
85222,0.003585440950910685
85225,0.01890072180717719
85229,0.005002901221326523
85232,0.0033867745216063934
85234,0.007056759690142287
85235,0.0045581658911528775
85237,0.002956948696402886
85238,0.005332833063088086
85239,0.006320642374097015
85240,0.005158418707930468
85241,0.026092726083828087
85242,0.003972241167283513
85243,0.0035246886131643233
85244,0.019900393795637916
85245,0.003261692195859478
85246,0.0029481239036809816
85247,0.021845472419457716
85249,0.06321188655183979
85252,0.005383070862060535
85253,0.017338567821806806
85254,0.040915848126175956
85255,0.03459537651067348
85257,0.0076865431170391515
85258,0.002984058785146659
85262,0.006526535554469295
85263,0.008091998944484348
85264,0.003387991623482976
85265,0.0031518820729757474
85266,0.0089598973157124
85269,0.005272621590971567
85270,0.004679633852419665
85272,0.0036063142605579817
85275,0.04961214834508647
85276,0.029616985951997327
85277,0.013279191611278558
85279,0.0042754998834078906
85280,0.003886927585137901
85283,0.003939172187464899
85286,0.01620252447583151
85287,0.01533514660577264
85290,0.008488297054048938
85291,0.047857984279111664
85292,0.00918551082319424
85293,0.007662583297608938
85295,0.08746473115577426
85299,0.004315658403372506
85300,0.03987884705468965
85301,0.09378573960961518
85303,0.28343414464570627
85306,0.0029478717688992463
85307,0.03535179469277621
85308,0.005217646256584932
85311,0.021703442255415758
85314,0.0070163529410835045
85315,0.04121457506437871
85316,0.003537155872047594
85318,0.07155479189777719
85319,0.013804459203689749
85320,0.05613670779738724
85321,0.00790118511176907
85322,0.026092726083828087
85325,0.041222407206628134
85326,0.01048507449808529
85328,0.011539203636218676
85329,0.1235540281634177
85330,0.011839275794443053
85332,0.003448915710969414
85333,0.0029940566694714532
85339,0.020955163783441783
85340,0.007379405504596542
85341,0.0036499907485523686
85343,0.004864508268232556
85346,0.05653506679819252
85348,0.002865425074308973
85349,0.003899772539466442
85351,0.008302999818718628
85352,0.027058318326885406
85353,0.003496951105515526
85354,0.011998453963525954
85355,0.13856643594182552
85358,0.02981659426467037
85359,0.13387309470362463
85360,0.0051001617310014085
85364,0.026026913843315208
85366,0.005999736036237082
85368,0.0064553586060122825
85369,0.005240283685092373
85371,0.01034403987614287
85372,0.012010366633717394
85380,0.025834727947638126
85381,0.019182345319440942
85382,0.003349702101965852
85383,0.003739730628748692
85386,0.02373646929375701
85387,0.015404923793808662
85388,0.009393913480993877
85390,0.003578823361486155
85394,0.0064165053250075195
85395,0.0145613762401624
85397,0.0031187506992053095
85398,0.2479346632287023
85400,0.0036985119820969825
85401,0.003209798861702163
85402,0.00659440545978051
85403,0.025013555890587277
85404,0.17171364974939166
85405,0.004120971572871604
85406,0.008765687012982049
85407,0.026092726083828087
85408,0.003985697941673004
85410,0.00524058262722641
85411,0.003854737830183175
85412,0.004083150346178593
85416,0.008752445776863132
85417,0.09840335575849075
85420,0.007115435816726069
85421,0.003963466267844142
85422,0.17703886263265106
85424,0.07342589083479734
85425,0.004929630898915356
85427,0.003722717137986513
85429,0.018905354550123078
85430,0.03408275740556994
85434,0.02944948146669097
85436,0.19023526835243654
85439,0.00428773802804678
85440,0.004312449835686627
85441,0.007129181083436801
85443,0.021493230991422647
85444,0.03487058067080787
85445,0.1004195165955358
85447,0.0030434462387825584
85449,0.016954035260401883
85452,0.004270644579723729
85453,0.05201044078249524
85454,0.021443774912484545
85455,0.006002610330834607
85458,0.13674759946951262
85463,0.06690671608317533
85465,0.0038510923800260132
85466,0.03915288126578211
85469,0.14826179309543527
85470,0.007973914754117876
85471,0.004254885209593442
85474,0.002845302602879672
85475,0.06867977639728275
85478,0.003713401325129562
85483,0.18882191907997903
85484,0.11841676710217859
85488,0.004913258429944146
85493,0.06494046478731252
85494,0.008885282564438724
85499,0.016358206283398482
85501,0.009165383734977817
85502,0.006518199143947682
85503,0.01431721463884815
85509,0.026566698154056455
85511,0.023134190182747715
85512,0.003863389145924159
85515,0.003514393849794125
85518,0.18935106217098757
85520,0.003587557199142039
85521,0.0034782361405525197
85523,0.026092726083828087
85525,0.003844878318473946
85527,0.034838012663591614
85528,0.0038389369504472567
85529,0.0036096342180148367
85532,0.13915110786328402
85535,0.17121391333456498
85537,0.05686268917598968
85538,0.018245623080217228
85539,0.06080604448563941
85540,0.06733184409414442
85546,0.003144211962976754
85547,0.18822180791543186
85549,0.033992344126850586
85550,0.003551105557262375
85551,0.007175851860242189
85552,0.2282115186282344
85556,0.037830004405838225
85557,0.003589651645458674
85558,0.005850739430115155
85559,0.007864369851802576
85560,0.034639328525776406
85562,0.018108738317253716
85564,0.08996074966888544
85565,0.021489181457643065
85566,0.08732520317279423
85569,0.009614581748483222
85571,0.012959805307541768
85576,0.16847910556883094
85577,0.016883439387114358
85579,0.0032568236568013866
85588,0.010103956112469994
85589,0.08031900424280586
85590,0.0369052072777849
85591,0.0041676194247249835
85592,0.0030570528090558343
85593,0.003950968951113468
85595,0.20465862859414485
85596,0.004109636722365381
85598,0.004648239331705911
85599,0.007788207770501194
85602,0.16678828144383057
85603,0.01411614799502575
85604,0.06678269758771499
85605,0.10110806154248764
85606,0.03345726241073122
85614,0.003960724859938079
85615,0.014920211988770573
85616,0.1143741952703339
85618,0.11202230169897374
85619,0.23521326834475612
85620,0.016784976127170732
85625,0.009323547513483093
85627,0.015476742315986705
85628,0.015551788262793178
85630,0.004016020043377026
85632,0.010976397184174409
85635,0.016592044869303487
85636,0.0037591545334862727
85640,0.02577916862126502
85643,0.005072469112633131
85645,0.005040391893087757
85646,0.0035946715120654628
85647,0.020374998541180384
85649,0.0059631249999028855
85652,0.019733742168193843
85653,0.06351258010020445
85655,0.030512693743728347
85657,0.1545283469004983
85659,0.006056611297951087
85660,0.03735071792220042
85661,0.0173398839133129
85665,0.006184967661801579
85666,0.035715821254244585
85667,0.003761900964210658
85668,0.17776742442695256
85669,0.0102075770368196
85671,0.0034326230369941414
85672,0.0119899048661405
85675,0.2520295912500467
85679,0.011838996728781434
85682,0.0034158393936100134
85684,0.010186518882187611
85688,0.16293475606201838
85690,0.012836063575760257
85691,0.01622952763857442
85693,0.003138114280647101
85695,0.0036778821569867347
85700,0.03147498281329437
85701,0.00900651503416145
85702,0.11659524496582149
85704,0.0067732895110318705
85706,0.02180062663039928
85707,0.11599856713360682
85709,0.00769707013846778
85710,0.050113676518418936
85713,0.004377079367821448
85716,0.02370847019051369
85717,0.0044740703862366825
85720,0.011320471502950758
85721,0.11578409779868121
85723,0.08128126486545909
85726,0.2016090611977936
85729,0.012119462129179309
85730,0.00945275981370786
85732,0.00447408811375727
85733,0.004792817943476565
85734,0.026697544820636555
85735,0.004910098324131562
85736,0.010244668536101585
85738,0.02388451912054344
85740,0.016198026736948416
85741,0.004262687938829707
85743,0.010513823102539968
85744,0.13388573211598268
85745,0.03251173285292197
85747,0.009510145012090675
85750,0.012957701219075971
85751,0.0036247985282828053
85755,0.06066089299786384
85756,0.013411444921569454
85757,0.004370065074798315
85758,0.05608692930098248
85759,0.19351280188636155
85760,0.009903019831622464
85762,0.026092726083828087
85763,0.02265538017812251
85766,0.00869958272985645
85769,0.019270172216280308
85771,0.004031589406143928
85772,0.003584618981568359
85773,0.005690124550784364
85774,0.06454206237711599
85777,0.003517058573144232
85779,0.016685191704127165
85781,0.011237225468036629
85782,0.007124249014869788
85786,0.0212995001121153
85788,0.10048150061105125
85789,0.11400034330869745
85790,0.0036036817816157618
85797,0.01024316936219321
85800,0.03043474474908606
85801,0.002880626618711179
85803,0.015850691234388047
85809,0.09951441889500431
85810,0.04034266607097703
85811,0.008035247744453577
85813,0.00420584351017544
85815,0.0036841876001356393
85817,0.02735203902830297
85818,0.003610886266774929
85822,0.011617631067572297
85823,0.00763528689184843
85824,0.0073386657402413746
85825,0.016402322051093966
85826,0.038356836271370945
85828,0.2261698559197444
85829,0.0038258400098300934
85830,0.005636932684370755
85832,0.009200419549181268
85834,0.009903019831622464
85837,0.2299964375222761
85840,0.007958330327556528
85841,0.012930683729642064
85843,0.012985302662636509
85844,0.00964901689367694
85845,0.05249182946336656
85849,0.0035208330046435634
85854,0.08837753524099426
85858,0.06044584260998128
85860,0.08768511006336821
85866,0.004756301661903164
85868,0.00618363739105548
85869,0.05602483945649103
85871,0.008985201468855682
85872,0.004042143069081969
85874,0.0028716286040130464
85875,0.0032587841855087137
85881,0.008007534817790457
85882,0.010253491452740853
85884,0.002994233835451145
85886,0.07252247544260376
85892,0.013902873524275466
85893,0.03672473428511412
85894,0.026151309547539064
85895,0.006762953931690043
85899,0.004850203316208799
85900,0.014548618960447178
85901,0.00398173484508657
85909,0.008209630724079877
85910,0.005826006840847333
85911,0.018408745140865858
85912,0.1990956067115618
85913,0.015715107526180366
85916,0.03588611706810894
85919,0.0030655560455954836
85923,0.1414514066988307
85927,0.00435301562699116
85929,0.010593668932153133
85930,0.003092513157252024
85931,0.00399990598584231
85932,0.15730951697737747
85933,0.16555691810896705
85935,0.00806887834331437
85938,0.005471382321173699
85940,0.0036741799916176006
85946,0.013358826100418907
85948,0.003540366841347829
85951,0.007635723403515621
85952,0.007167371279252746
85954,0.0038262740504085638
85955,0.004388898851280653
85956,0.016728730622272907
85958,0.28458464114176146
85960,0.009730262018015664
85961,0.02503164666408314
85963,0.004185206784967818
85965,0.03406297479291025
85968,0.14777447378545724
85970,0.002888660579515916
85973,0.03495215916876763
85974,0.055716086986907935
85975,0.06867260989687149
85976,0.09964811729919942
85977,0.014116842088642266
85978,0.014136485291531605
85980,0.03554076564214567
85981,0.0053588335547866805
85982,0.0030505764479710155
85984,0.013786130684505848
85985,0.005421910350526488
85986,0.002844038886502005
85988,0.025474872148948134
85989,0.0030099472051829876
85991,0.015860210249387188
85992,0.002988430391219118
85993,0.00372202446460327
85994,0.037749779712972636
85995,0.19527076637220991
86002,0.011039854312361664
86004,0.011639857833805724
86005,0.002995804771314758
86006,0.03177913488168188
86008,0.044073797522994555
86011,0.03573650087672222
86018,0.003634285921645783
86019,0.014131363035161368
86024,0.014131379790461687
86026,0.01203981679051358
86029,0.009857812476944085
86030,0.0031091962902437095
86036,0.014315518831568747
86037,0.02077989186167473
86038,0.0029481239036809816
86041,0.044136993387837664
86043,0.003687208098425257
86044,0.00412928688273396
86047,0.003985144723328357
86050,0.05279569325514709
86053,0.038709769667546946
86054,0.14401839307739212
86056,0.002944943852370071
86057,0.04189978221494157
86060,0.003043142216026806
86063,0.01185374463394622
86064,0.1796992252634535
86066,0.003313069626550441
86067,0.029549369097356767
86070,0.04731239315165385
86075,0.005828945247787774
86077,0.08520211474232589
86078,0.014112819183697684
86079,0.08484848914639045
86080,0.04199774379607015
86083,0.052467565724871344
86084,0.016135399389404413
86086,0.008489991021875457
86088,0.043301745190393245
86090,0.003812512059752539
86092,0.0038461824527173884
86093,0.005099989352164791
86095,0.0408576128153278
86098,0.0820722441875318
86099,0.018818523666074644
86102,0.003025733194819848
86104,0.011832344709892365
86106,0.006376628789461365
86108,0.07330819812671327
86110,0.07229493743306326
86112,0.16641304264836734
86113,0.02157560813719214
86114,0.03659444368225807
86115,0.012895977295827206
86120,0.015457732859368897
86122,0.0034807487691460954
86123,0.07152236066131627
86124,0.006049481308593617
86126,0.003856087963938807
86128,0.003858769151941485
86129,0.006847332275449768
86130,0.2920909896867716
86131,0.014394130661274917
86132,0.004862559673366115
86136,0.00967280685244018
86138,0.003926402980675784
86140,0.00302146979272033
86146,0.2118172767816746
86150,0.026092726083828087
86152,0.023223731266067985
86153,0.036341533396767635
86156,0.21496098856705909
86159,0.011854959108146735
86163,0.05139365038908006
86164,0.02008255594898691
86167,0.03299200714299722
86168,0.006927187108066599
86169,0.0049657206982162425
86170,0.01928433881434788
86171,0.045561062554597194
86174,0.0034236913398077323
86178,0.004186863150915953
86179,0.019561214526651795
86180,0.034548912079396976
86183,0.1356275284189009
86187,0.07879181910193468
86189,0.0030383402388098175
86193,0.016258776917046008
86194,0.00437005028816514
86197,0.26976394802348036
86198,0.0037193960262689235
86199,0.0027888300892329526
86202,0.13410476879129427
86205,0.0040593037937352245
86207,0.003279006168794399
86212,0.003957739232314418
86214,0.023625114231409935
86216,0.01361450141536259
86217,0.01939550898159996
86218,0.022004741556081106
86219,0.02984126078976106
86222,0.004689106478375486
86223,0.002941212837156448
86226,0.0033837344639842913
86228,0.0029250446248531743
86229,0.003127254755538929
86231,0.0062450354741208445
86239,0.007815506344591194
86241,0.00398034409565808
86243,0.04803250787940964
86244,0.002998398673616689
86246,0.010600376749960144
86247,0.007461719133252226
86248,0.0036834672920633515
86249,0.020721159377036176
86250,0.003343410793083312
86251,0.005503424329739596
86254,0.008703698490247437
86256,0.004769783625890225
86257,0.003148631794552205
86262,0.026842626508416335
86264,0.15894510032803974
86265,0.008313550454408094
86267,0.010846106194618347
86268,0.022045787437308176
86278,0.0517467163338063
86283,0.011731718541401627
86284,0.04149088633965575
86288,0.05463537802986436
86292,0.0055807816358092455
86293,0.006160335050506158
86295,0.0060638712101673585
86298,0.045339925159171166
86300,0.08887925127647374
86301,0.016453252701564117
86302,0.0029280055813141526
86303,0.007313725359408815
86304,0.027968751236133238
86306,0.10677070859743397
86308,0.005975046825232633
86310,0.00326383609164203
86315,0.03459537651067348
86318,0.02099564582052636
86320,0.00501771828447474
86321,0.07960995360231897
86322,0.004098851453539878
86323,0.3164587530336214
86327,0.024035332095588394
86328,0.0070793362811967225
86329,0.00376757743786977
86333,0.012566401656443783
86334,0.008840158631738582
86337,0.002941924252987406
86342,0.0038955558169524473
86345,0.06208914254237331
86346,0.009381915911349424
86350,0.015582362199690142
86353,0.030297180641054505
86355,0.0036834672920633515
86356,0.026384757053839067
86358,0.1623749024389777
86360,0.028715933997998183
86362,0.17364165507133458
86363,0.015766193975312075
86364,0.04066074008183334
86365,0.03905736863000742
86366,0.002968522559612822
86367,0.0036462289322235597
86368,0.009282431279151534
86369,0.0212233238914359
86371,0.025040978936628492
86372,0.011642475433184621
86375,0.004119164074369662
86377,0.12775372772616847
86378,0.008083469580408283
86379,0.014481654919263889
86380,0.0036505760284751545
86381,0.05493233814003462
86386,0.007802338042825124
86387,0.01631346870787025
86389,0.1766607397164193
86390,0.14277190183527008
86396,0.22604326809437322
86397,0.19461718610273518
86399,0.0037470258398835726
86400,0.0031128399895396595
86401,0.00664561218619346
86402,0.004951129447060002
86409,0.15731319400408156
86411,0.005959656249909359
86412,0.008535499864655
86414,0.009699494466152467
86415,0.04372514639613279
86416,0.037487111393755976
86419,0.003916432858441664
86421,0.0034467243019028924
86423,0.006138897588669141
86424,0.1434767252263714
86426,0.00544658734771574
86427,0.02898608604153955
86431,0.009903019831622464
86432,0.06000389733023715
86433,0.024565884025079095
86434,0.04555981408427854
86438,0.006537496396314173
86439,0.0034759103305830007
86440,0.005450519302507711
86442,0.040291114139917095
86443,0.0039174599606303945
86445,0.058819295628735176
86451,0.005705451906546431
86452,0.004599064126649615
86454,0.004896830605865216
86456,0.0917755044910837
86465,0.00505906602580923
86468,0.0057889946923817175
86470,0.022757680947654617
86471,0.0035196431289662993
86473,0.0686551255081107
86476,0.223629239932858
86477,0.23785328388167856
86480,0.014900975690548126
86481,0.03714793527308253
86486,0.03128139394138364
86489,0.0036976908306051246
86490,0.0028956790956428287
86492,0.0037192229307235858
86494,0.003960784990014613
86495,0.19042951917672452
86496,0.12010645612429842
86497,0.08411152391338719
86498,0.004484180549256207
86502,0.0030022842674671444
86507,0.05538562725247565
86509,0.003580152224250245
86510,0.013280535970243968
86512,0.004795806710704372
86513,0.1526006271501527
86514,0.014857616206778296
86515,0.09678929279615309
86516,0.08558492711089219
86520,0.22500852690080392
86521,0.007272801336892345
86522,0.08206142490313295
86523,0.02267207150836462
86524,0.0036940789217873196
86530,0.06995122962487131
86531,0.04135958968499872
86537,0.19029406260462187
86538,0.004795483866243843
86542,0.08826337059218334
86545,0.006022329966414028
86547,0.0036254047803711336
86548,0.004199853137633045
86550,0.0523901653381715
86551,0.006326981936059143
86553,0.006477318546655518
86555,0.19686680071885393
86556,0.005622387706926038
86557,0.01288591368394499
86558,0.007903394674050206
86561,0.01314940890984139
86563,0.09909891791129284
86564,0.0052839846315577465
86565,0.03558778697043365
86566,0.02947389119492191
86569,0.041081075926289866
86572,0.032136187675881105
86573,0.004895043388582311
86574,0.026216729605812335
86575,0.029293278632768944
86577,0.009318569668158335
86578,0.23685341270143673
86581,0.011759163004756499
86582,0.005772132118028824
86583,0.020202076849209553
86584,0.002888700566531476
86585,0.0035467768796102928
86586,0.0036293604769999308
86587,0.22193096753783484
86590,0.007644555360391999
86591,0.13748450055800845
86594,0.0030880568414827347
86596,0.002863057587851364
86597,0.038793665460579364
86598,0.03440268955388856
86600,0.009518188797501827
86601,0.005867185332862126
86602,0.003314867430538073
86603,0.009491732095514878
86604,0.022244017020210772
86606,0.04803387714518995
86607,0.0037958611835590826
86608,0.012255484861617377
86609,0.0041440443375234766
86613,0.2684192453428692
86616,0.0038789393904493513
86617,0.010294843202937663
86618,0.010354468143442288
86619,0.011728456675488863
86620,0.026085617832707537
86621,0.01619084816012793
86622,0.007072554608281105
86626,0.005585198294122843
86628,0.0036635486541781222
86630,0.0029999153036956716
86631,0.015269086448209315
86632,0.008094261276110246
86634,0.1849137925494249
86636,0.0030648800038928095
86637,0.009466129151550604
86641,0.0030444424789291187
86642,0.00597104252280849
86643,0.030398432727824103
86644,0.005563876021812868
86645,0.007247221621147764
86647,0.03875763200106668
86650,0.0067711614761112255
86651,0.019693704428278905
86656,0.03459537651067348
86659,0.1704026619820594
86662,0.0037967274972629194
86664,0.2746842051968923
86666,0.00504150096563385
86667,0.007686513333495478
86668,0.016407282739890085
86669,0.005404573311227859
86670,0.025040978936628492
86671,0.0030466377659347163
86672,0.005503299237075546
86673,0.017588155919534942
86674,0.19595011492818368
86675,0.007888880729263976
86678,0.023701944729309313
86679,0.0029514951139476913
86680,0.009167243555642834
86682,0.018325112501853067
86689,0.10075548393340476
86690,0.04238402728530493
86693,0.019601318365991088
86694,0.0474439140899171
86697,0.0038309197969974276
86703,0.006175648783633804
86704,0.044752194712184126
86705,0.0031749987104025923
86707,0.004058806746977592
86708,0.003293134199930063
86711,0.003958861405631033
86713,0.01693434532403425
86714,0.010253545151327
86715,0.003966593626043283
86716,0.046640508993669
86719,0.008455832231495777
86720,0.0037945885002063466
86721,0.2438903560794936
86724,0.030547770503000886
86725,0.1832810471375154
86726,0.003247079568169887
86727,0.18693545278726778
86730,0.4903897221265187
86731,0.0029039852986093378
86733,0.005694542259886526
86734,0.062923983019909
86735,0.018814170640222592
86737,0.005285907280924905
86738,0.00555615174284852
86740,0.004132139378500557
86743,0.0035884553768619916
86744,0.0041967101609965566
86747,0.0038239220333199293
86748,0.003764952057292247
86749,0.031198070087258768
86751,0.003128255006624198
86753,0.05215199253927371
86754,0.004162126949568132
86756,0.004022182256611184
86757,0.028745117780577673
86759,0.011856319510574928
86760,0.003702594288819268
86762,0.008962917001290632
86763,0.028522994460750056
86764,0.005805679040035805
86765,0.003761940126408237
86766,0.024084395241731376
86767,0.031116952066133394
86773,0.0034471172269002295
86774,0.004340647166285572
86777,0.08298295912533561
86778,0.003958524031460294
86779,0.03577713741469813
86780,0.20612521649372767
86782,0.013141372352934562
86785,0.0028727129168420367
86786,0.016713308194506893
86787,0.007274317840149505
86791,0.05416799753314336
86793,0.0034578863629784124
86794,0.008023639193538622
86795,0.031306199308705256
86796,0.031142046883255982
86800,0.059641549558889444
86804,0.008633366608930333
86806,0.00301039933660578
86807,0.007902002632606972
86809,0.23674013160280497
86810,0.0109715941826888
86812,0.003408114147095758
86813,0.2122600507485685
86814,0.04232770902385885
86815,0.029476654126644453
86816,0.026092726083828087
86817,0.003707219632237739
86819,0.02647284380736386
86822,0.12649362797270866
86825,0.008452825288387712
86826,0.06481876569804823
86827,0.027383034495884088
86828,0.18543131431036167
86829,0.026228200507420706
86831,0.007225021581657702
86833,0.008075122938118849
86834,0.009889474308207502
86836,0.004397507933562904
86837,0.033743200952385206
86838,0.023636084578911903
86841,0.06405469443256523
86842,0.010919103846407924
86843,0.22377188691793348
86845,0.010067288428504934
86847,0.013643974184311273
86848,0.004020325548882974
86849,0.007329954340090986
86851,0.0225530111781697
86853,0.05776614376212562
86856,0.06830758278668195
86858,0.01061512886254793
86859,0.04236591622484404
86862,0.13229928053468462
86863,0.0046176502676117444
86864,0.02949304687507919
86866,0.006756787091680591
86869,0.04017245589061385
86870,0.029482849111315386
86871,0.0037518008503650445
86872,0.018431203366948912
86874,0.21658592289464418
86875,0.0707591611990108
86879,0.06358387063411056
86884,0.0075415033157665064
86892,0.003651166059634144
86893,0.1767022435138391
86894,0.0061534645350776
86895,0.004112911983042265
86896,0.0034548436307379176
86897,0.10245483904873925
86901,0.013452415648604379
86903,0.05022205479808783
86904,0.006033718354788152
86905,0.008713806423685154
86907,0.018705209009492435
86910,0.22261340232623686
86912,0.005411165933355345
86914,0.027617942388700044
86919,0.010455911351334744
86921,0.003248409951372359
86922,0.03277324971085458
86924,0.004262627477849229
86927,0.2937430653598836
86928,0.024113871643177562
86930,0.003969138300945802
86933,0.004420528832322941
86936,0.003359370787395779
86937,0.1510905321780281
86938,0.19370858651217115
86939,0.04610461208471532
86943,0.18913080089537254
86944,0.24666096635582574
86947,0.00386488255860381
86948,0.043900825095832416
86949,0.15016893324644817
86951,0.025906065793766017
86954,0.14054569879457726
86955,0.005025314236799866
86956,0.0050683144798098715
86957,0.01800259664333676
86958,0.13939529577835535
86966,0.003974007024888384
86974,0.007126424974469117
86975,0.0061528117000733224
86976,0.04309217532484003
86978,0.0029321454338484634
86979,0.0033162474018336393
86980,0.010437499031121653
86981,0.017538342425871333
86984,0.06346585332758832
86988,0.006432797469463607
86991,0.01597981399428022
86994,0.007082831459564166
86995,0.026092726083828087
86996,0.20165370969842414
86997,0.048482599577608344
86998,0.015410245315517549
86999,0.06772625288347052
87000,0.036351649853957536
87002,0.003545365032412726
87003,0.07383439720764058
87005,0.010665245031355063
87007,0.010130625738386589
87008,0.006995440198539986
87009,0.017532312319583777
87010,0.013559917262238106
87011,0.0049172298982961314
87014,0.219552633975286
87015,0.003423373146314709
87016,0.18955969249745167
87018,0.009868317271021007
87019,0.02931595331956511
87020,0.003657898167777675
87021,0.006007784435131893
87023,0.12277717740043563
87024,0.03459537651067348
87025,0.009925862918113352
87027,0.03459537651067348
87028,0.006153915139764358
87032,0.057948098192052926
87034,0.006126588858630735
87035,0.021962365702495927
87036,0.04606408462582266
87037,0.011846962872447103
87042,0.17501803186207118
87043,0.1471691204423024
87044,0.014649090020441425
87048,0.0031921799639895755
87053,0.013797736494479797
87056,0.0030279286432905
87057,0.00856874940721569
87058,0.05446388009155679
87059,0.004147150990596515
87060,0.09351016969832461
87061,0.03811891307405495
87062,0.014466232997350559
87065,0.0033241017777551796
87066,0.008428734159626283
87067,0.004271227173233894
87070,0.007304582645106638
87072,0.0028524469478322452
87073,0.010403650253237858
87075,0.016635309850995844
87076,0.0029021761310121614
87078,0.010695988471817401
87080,0.10495290677907168
87085,0.05192003165706246
87086,0.03935077773743418
87087,0.030340706611105727
87088,0.17533465056353995
87090,0.005239600539848011
87091,0.02889926491449285
87093,0.025222271426762075
87094,0.26755035732907395
87097,0.018206527413725252
87098,0.045914996822339016
87099,0.003756502893439206
87100,0.004153025727502395
87101,0.0036961506174114363
87102,0.03602691123162208
87104,0.003598562330902087
87105,0.0058872588365986
87108,0.02366378696663733
87109,0.05420881515207439
87113,0.01568177618344782
87115,0.023595887210281344
87117,0.006262241785527375
87119,0.012076645839992229
87120,0.003968132567911414
87121,0.008476259325305253
87123,0.0059783927981160055
87128,0.002894384038049273
87130,0.20165370969842414
87133,0.017628291081094285
87134,0.1662674926206056
87137,0.1990956067115618
87138,0.009897378206015975
87142,0.09302731757666888
87145,0.008781952236818564
87146,0.01004957122876892
87148,0.013793237374722048
87159,0.004037942666766805
87160,0.15782901648206335
87161,0.023808513766232487
87163,0.057988645074615784
87164,0.010425807083842522
87165,0.004471346406360371
87166,0.01837551614754993
87168,0.09822269031959467
87174,0.0035259952409638765
87175,0.007310796274343623
87177,0.006197593054593838
87178,0.005176426528295887
87181,0.18875029951455835
87185,0.0076319953832411054
87186,0.014967146809783935
87188,0.03392752541154986
87191,0.02982637779775786
87192,0.025040978936628492
87193,0.06772593371113039
87196,0.013571831274014774
87198,0.07913910992823146
87199,0.012006764489818482
87201,0.06030418145862169
87203,0.006408116355947734
87204,0.09689481038637043
87205,0.003803584194858487
87208,0.03028980170193254
87213,0.006603910501950076
87217,0.06654864913159673
87218,0.017520095105274407
87219,0.0034919336346156903
87220,0.006838490699474777
87222,0.11453887976535013
87224,0.04761181448862739
87225,0.005145886634931976
87228,0.0034283949680188257
87229,0.010225394735487742
87230,0.17337936987153088
87232,0.004584478389947074
87234,0.012165210572423113
87237,0.04095200225214104
87239,0.03749875205603348
87240,0.020980678684953607
87244,0.003417793584213856
87245,0.013234408920215298
87247,0.018669098603801587
87256,0.22061925221857673
87259,0.043253738999845845
87260,0.053965381592059485
87261,0.016928082409957065
87265,0.0042184301912486745
87266,0.05219482305523126
87268,0.005759263798944885
87269,0.05090329011953947
87271,0.23006614677303117
87278,0.05279569325514709
87279,0.004379300915474458
87280,0.019515857818014272
87281,0.19561681676440432
87282,0.01673689608716504
87283,0.004413763108253301
87285,0.21070948311421037
87289,0.003713718866474787
87291,0.09504832575381589
87293,0.17116417486622815
87296,0.0030427002386309555
87298,0.2175260460950817
87299,0.002888271324365358
87301,0.02374321155778371
87302,0.009897309285448849
87308,0.021725435699940347
87309,0.003765891402968425
87313,0.00295880020369702
87315,0.004009088834850714
87316,0.034621980758816256
87320,0.01915454984095632
87321,0.004190237390759028
87323,0.06905952109757765
87324,0.10907196416140073
87326,0.11668978338392515
87327,0.0893409658034227
87328,0.16835519884145997
87329,0.0414737481145017
87330,0.0067273473581941
87332,0.09200533570288548
87333,0.0033083389043802786
87334,0.017695613185846736
87336,0.02545199411815918
87342,0.02152024597258767
87344,0.1708317824473088
87345,0.01386668893155517
87346,0.003929862479510873
87347,0.007357623977146222
87353,0.22639959917237826
87355,0.003334015849080295
87357,0.02066042729304917
87359,0.028839717772721523
87360,0.20424983171701427
87361,0.0046187339684637925
87364,0.015825815417272283
87365,0.011506876074558732
87367,0.004593744882327839
87369,0.08277714134705609
87370,0.006824430592230375
87372,0.08066293183580016
87376,0.005203308886855233
87377,0.003915181461866649
87379,0.004032832558343822
87380,0.0035091214640579796
87381,0.01947489606329946
87384,0.004642073285328798
87386,0.04673563452293314
87388,0.013136099007132904
87389,0.0923866386619759
87395,0.00765596406237583
87397,0.014436427773771998
87398,0.004651209184535495
87399,0.07209071135684622
87401,0.002949813029426941
87404,0.015531870444527812
87405,0.04156113143883887
87407,0.01830424218602344
87408,0.006407445240839037
87409,0.06678263046620199
87411,0.006973412488971674
87412,0.008984258130138405
87415,0.009673195368538603
87417,0.004513199508052445
87418,0.00767900528228295
87419,0.0035414487704585164
87420,0.003932523287365612
87421,0.01725929775664238
87425,0.013597865368616218
87427,0.1507315305581327
87428,0.008414834158758993
87429,0.00591033932688103
87431,0.03313373754157216
87437,0.1752481581406754
87441,0.07245306295578693
87442,0.0074288414198552056
87443,0.004769278547242581
87446,0.005802178385109973
87447,0.07523765493943207
87450,0.038164988833952244
87451,0.002930335193508266
87454,0.10838969329682864
87457,0.07652883516366576
87459,0.025092392381752687
87461,0.2703480898194263
87462,0.003449567536758179
87464,0.026092726083828087
87465,0.07200935959874684
87466,0.00903921887117011
87467,0.0034998208703868688
87468,0.008169261519198234
87470,0.01517325195265499
87471,0.17288457452839792
87472,0.028523896620045605
87477,0.02198529190410622
87483,0.010668121833358177
87485,0.008942596304321223
87486,0.09527450273622426
87489,0.0030504489993397263
87490,0.2929194495345106
87491,0.014589573488398172
87493,0.07799694378217614
87494,0.04513437134560376
87495,0.003925271180961119
87496,0.20357664895017158
87499,0.16285751773810808
87500,0.039832432537020915
87502,0.12661636622302788
87505,0.0033946961872371446
87507,0.006878471398244181
87510,0.036367100851101467
87514,0.018166147019740297
87517,0.02766843795044615
87520,0.003864746075555849
87521,0.11065833562746973
87522,0.014937430732315743
87524,0.019608683599479447
87525,0.012464353435358639
87526,0.0044388112062464175
87527,0.04225922441643022
87528,0.01587065989932402
87537,0.20612521649372767
87538,0.0436155401774727
87542,0.036521798321700084
87544,0.08818299243980399
87547,0.0639152970988538
87549,0.20372201089723127
87551,0.026092726083828087
87555,0.0036293604769999308
87556,0.020966136459846883
87561,0.048616840504977936
87564,0.0029634801177352097
87565,0.05392361879850563
87566,0.030673692825635104
87568,0.009877790116580206
87569,0.00883803085162673
87570,0.00734579820460063
87571,0.004111454870672063
87572,0.0029451737353550704
87576,0.03950986767381704
87577,0.005045678537108767
87580,0.004108664468289784
87581,0.004690692323717356
87582,0.015081961822820355
87584,0.00456931383159303
87585,0.034014271133595446
87586,0.032035022956937186
87591,0.018157729207306912
87592,0.033248656058454125
87594,0.00528192912267511
87596,0.008127146270000028
87597,0.003158680056252152
87598,0.003310132209397359
87599,0.04010911514960522
87600,0.01008557620498207
87607,0.07323249154045662
87608,0.017176337476292446
87610,0.003721578871282809
87611,0.09299519362781315
87612,0.006156566722658987
87613,0.011811878524780307
87614,0.005111553965520648
87617,0.009897866063020693
87618,0.042640422952443344
87620,0.06557676867158509
87621,0.07097298703922163
87622,0.0242554220671096
87624,0.019938054041901344
87627,0.05707735084891711
87629,0.023371971058162612
87630,0.007779682432311731
87631,0.004126490662537439
87634,0.01995040232711672
87635,0.0039090052453211255
87637,0.005130572080157143
87639,0.012522084397380309
87640,0.01829607198994546
87641,0.009612409206893567
87646,0.010479300257649826
87647,0.06839458039302937
87648,0.06258178109811381
87651,0.011525220132564786
87655,0.01891948629019789
87658,0.005897913411576143
87659,0.004563561202361777
87660,0.0055974561723902356
87661,0.010209954166013972
87662,0.0051495216419587065
87664,0.041718268478615164
87665,0.006758155473716818
87668,0.09022943776340468
87669,0.17104753457359453
87672,0.10161576776774683
87674,0.01600265044903676
87678,0.003995678486140373
87681,0.01033700644911337
87683,0.032672408982547835
87685,0.0034887261314658622
87686,0.0028366224272568037
87694,0.04634994034131926
87695,0.0038181937675916084
87696,0.0038333168561131632
87698,0.013636047643990366
87699,0.0804054238824512
87701,0.00333199256366641
87704,0.009268189319015274
87706,0.031657385007712945
87712,0.07340068284220075
87714,0.12911315360077685
87715,0.011042607353545673
87720,0.06334456853440854
87722,0.014358354293605874
87723,0.08768716811514878
87726,0.08338246854919111
87727,0.00352177384311649
87728,0.03784661770541634
87730,0.003487506393332068
87731,0.025289325174712492
87736,0.015329254065127269
87737,0.035917467142567744
87738,0.06847170662442283
87739,0.10753877405610986
87743,0.03677436563711048
87745,0.0029738951565394614
87746,0.010204370482409917
87747,0.003279786194398792
87748,0.04680625093650306
87749,0.026092726083828087
87751,0.09198155707318678
87753,0.015486630233908885
87755,0.1225371092351327
87759,0.006860653167734269
87765,0.015083023773150461
87767,0.011213184990919226
87768,0.015195787415480952
87770,0.27061792307825466
87773,0.00460967211253131
87775,0.007185090823915498
87776,0.0036093989481280238
87777,0.005482190468039009
87778,0.01330444187844054
87779,0.009874519447583805
87780,0.007126030257204688
87781,0.008768796451433185
87782,0.014112870532504105
87784,0.1558423191913025
87785,0.013255845506538353
87792,0.043522966357717296
87794,0.008108669800160588
87795,0.09269618110114385
87796,0.014678190735348783
87798,0.003430040271663281
87799,0.003939585905439253
87804,0.003672989067952894
87805,0.024857269580301287
87806,0.005141046387542176
87807,0.03459537651067348
87811,0.03467905913217011
87812,0.0035521552181720403
87813,0.04103774137442335
87819,0.012839638740679176
87820,0.004796294281214335
87822,0.04651833364102044
87824,0.028727751398403344
87825,0.04736374731127516
87828,0.010648883060068955
87831,0.00989611451575037
87833,0.029292898140299138
87835,0.004698626925975191
87840,0.03466407596800942
87842,0.007009206724813303
87843,0.11480951005191226
87844,0.09997783294329131
87845,0.04094196301104502
87849,0.01493288807930076
87850,0.0580388446076056
87851,0.027408157734143037
87855,0.01419109028693724
87856,0.02774526848076391
87857,0.19168155876250498
87867,0.015639205641046153
87869,0.11802702887559503
87871,0.03459537651067348
87873,0.0037220239588115905
87876,0.004422781413835415
87878,0.003948857301177973
87879,0.0376494136580609
87886,0.024676530395250595
87887,0.005292806919903053
87889,0.037528489113406324
87890,0.02765977526151805
87892,0.021011271722531217
87894,0.0076323565126083966
87895,0.00295202378090387
87897,0.05364255233059159
87898,0.0035498082090124014
87901,0.0029172070733844086
87902,0.08801503921780793
87903,0.009334254240103135
87904,0.17721731463692927
87906,0.2017997968587227
87908,0.04186439503846125
87910,0.2032863081291535
87911,0.050163533795349484
87913,0.012317854448035435
87914,0.09890683346159483
87915,0.0036667093565865027
87916,0.033356545933865986
87920,0.01948588316794073
87921,0.003399581323477125
87925,0.0042614813345436455
87926,0.0668653772426133
87927,0.022758120542382163
87928,0.12536893174866412
87932,0.0038588043194143873
87933,0.05579734983611844
87934,0.005817309808068762
87936,0.002988520679153818
87937,0.009903019831622464
87943,0.027362908398802288
87944,0.01780892437407892
87945,0.15312319648704736
87947,0.006633868241017472
87952,0.026456697615389626
87953,0.015065150684563992
87954,0.003244659379062345
87958,0.006238105279332001
87959,0.19541955160547106
87960,0.17548361312453836
87961,0.26130080195503486
87963,0.0029451737353550704
87964,0.06804065149225402
87967,0.003479254641634901
87969,0.007848383500183801
87972,0.005601586815144083
87974,0.004684786996244668
87976,0.01418914043518514
87978,0.19240763595908925
87981,0.02664682399578197
87984,0.005641007763188078
87986,0.0290829537025875
87987,0.0028796187076559018
87988,0.00760908930725323
87990,0.007830604997013513
87991,0.009871330598023127
87992,0.057888228990052484
87997,0.011089058012503821
87998,0.0037297191585577644
88000,0.0028789072733473174
88001,0.045921163166032
88002,0.004023219311545219
88003,0.004459568318869276
88004,0.09551156423685596
88005,0.017621601272847547
88011,0.15652990544860126
88013,0.0038901783206284723
88014,0.007792578593337831
88016,0.08398494621510756
88017,0.006942777759997191
88023,0.013575982162568072
88027,0.003666484447399177
88029,0.007028595612521952
88030,0.010163405228605841
88032,0.006212124141229228
88033,0.00944981342559543
88034,0.06068113877503306
88035,0.07863019867944078
88037,0.004156680648983492
88038,0.014699484121281924
88039,0.022264630267335484
88041,0.004328975534084379
88042,0.0035826385937484917
88044,0.0038060124568678687
88046,0.06893851033579546
88048,0.008763887873537742
88051,0.03668666470998526
88052,0.007456981184476595
88056,0.029773594400343027
88057,0.01772192582717959
88060,0.012486326361604731
88062,0.0031598952993156845
88064,0.2200053210011539
88068,0.01185484190698704
88069,0.003480379385649322
88071,0.005290168486255593
88075,0.005979424787190785
88076,0.003233135066525985
88079,0.012477392962605204
88081,0.23293136121756647
88082,0.08227457231243185
88083,0.10065256917062206
88084,0.03461834260252982
88085,0.013570867645984322
88089,0.019284237963185253
88090,0.05542629691110055
88091,0.05477542225986417
88093,0.20033640660769877
88094,0.005488493315741835
88098,0.01376437674373754
88101,0.007370711390411064
88103,0.0072784095545878336
88104,0.005261525994244222
88105,0.07444144544948374
88106,0.003991377494025674
88108,0.1836735198488341
88109,0.0584970119321028
88111,0.003572633167899382
88112,0.019187195080772285
88116,0.00320510445602809
88117,0.010094470109471815
88120,0.061016022598363064
88121,0.1794596783154858
88122,0.10190688049748918
88123,0.003530235160094097
88124,0.003118780002322621
88128,0.021589136220198094
88132,0.015237198008716358
88134,0.029429506859558162
88135,0.016081436467661376
88138,0.06295247617151897
88142,0.04413795286655604
88144,0.0028616619948280235
88145,0.011062309638374776
88149,0.05773379121881167
88150,0.014004118855760824
88151,0.042831573684989965
88152,0.004175641861314796
88153,0.09203997744243665
88160,0.020291233475751472
88164,0.003995015793388045
88171,0.0033150013973402767
88172,0.0065222705201109085
88183,0.004454567117964027
88184,0.07478795030799168
88189,0.0038984065432063307
88190,0.00467061100974704
88192,0.3381270035499812
88193,0.011240972995577768
88194,0.1353867423242191
88201,0.020236026187192308
88202,0.004457859354932823
88203,0.036245424095501175
88206,0.006229399192744433
88207,0.08221817526687121
88210,0.12522202745920663
88211,0.2406506917483352
88212,0.003373695832692039
88213,0.007217397863439964
88215,0.014704541019593944
88219,0.003194662763132105
88224,0.00396594903517266
88225,0.008773390432234698
88226,0.026092726083828087
88227,0.021233355434832173
88229,0.003038297564157572
88230,0.04660501132215337
88239,0.0035393203191725134
88243,0.006210707555106281
88245,0.01828723227705516
88247,0.13403322220374445
88248,0.01628147990295864
88249,0.017778394832106033
88250,0.04105874690540214
88252,0.24483141560205562
88253,0.0064629433580421745
88256,0.006309447772457616
88257,0.049901614539388635
88258,0.06116770229417389
88262,0.019722073071384526
88265,0.005970217886737807
88267,0.0030401936910485054
88270,0.004334785278801123
88274,0.025530798871958603
88276,0.004235320218071388
88277,0.01928452015772802
88280,0.01832904280419306
88281,0.2432898627118411
88283,0.013500060799710913
88286,0.005207164514593365
88293,0.010198984100255671
88294,0.027387249467318332
88295,0.014493339474189114
88296,0.003949599625416211
88297,0.03714588792541288
88298,0.021566253231864636
88301,0.11888032330230766
88303,0.07554314274519218
88306,0.10929623219713629
88307,0.08163594424014659
88311,0.02410626973994966
88312,0.0064321289332652356
88314,0.15998243282666294
88321,0.04893252977992662
88323,0.07095062438057569
88324,0.027293187588933863
88325,0.00583265202525429
88326,0.006579941945916406
88327,0.0078732446257333
88331,0.05876419597933471
88335,0.07142387489671741
88337,0.013117130098587127
88338,0.0037623957794405043
88339,0.003499792243037892
88340,0.0034773506139544725
88345,0.031187336907620853
88347,0.03417528639129532
88348,0.0029559289623521333
88357,0.01488091481375133
88358,0.011854682800247115
88359,0.040753169528327506
88360,0.0036652131042445245
88361,0.04773210728395821
88363,0.003636412012591023
88364,0.0038415798959915357
88368,0.004011649797431206
88370,0.00474185334967717
88371,0.01130104818409781
88373,0.0037970964397350607
88374,0.00502135077094182
88375,0.029159160233135004
88376,0.0034158887538817645
88379,0.008281651335204823
88382,0.005122418163206249
88383,0.005125527995204315
88385,0.10774699214110661
88386,0.004139293898948262
88389,0.0038727868516082067
88393,0.005312661492851264
88396,0.2128256022680886
88397,0.026092726083828087
88399,0.00800067794188878
88401,0.004868467647980328
88404,0.03135448968821821
88406,0.00480350888883398
88409,0.005642328925675516
88411,0.1380436697965895
88414,0.0038599260382733962
88416,0.004587852509633648
88417,0.19239955018986654
88419,0.03532206570527139
88422,0.01831186569316323
88424,0.002888339816622048
88425,0.007711210664149236
88428,0.00404130399697025
88429,0.04479353956954598
88435,0.12317519880055465
88441,0.033074746083647875
88442,0.004207924212161873
88443,0.01368592401772187
88450,0.035224301298467535
88451,0.012872767291060088
88453,0.005257257234769999
88454,0.019097314670881858
88455,0.21155977201541856
88456,0.004014222539129258
88458,0.012263889566219259
88459,0.01230379735759476
88460,0.08574883295077278
88461,0.005964050677574105
88462,0.0034330332532195233
88463,0.003022202759184348
88464,0.04468241549571053
88468,0.004695940570184201
88469,0.0033238663010376024
88473,0.00450307254704237
88476,0.0029115129180042887
88477,0.15368414258254942
88478,0.00420110199306584
88480,0.004986118062131333
88483,0.021483489675757143
88485,0.004511327807767187
88487,0.04806566343700729
88488,0.003250229195404294
88490,0.009394993544375166
88491,0.0045399619145868805
88492,0.004197127687549793
88493,0.003381524031710385
88494,0.09768102486449755
88496,0.014496996229896513
88497,0.01158683069886126
88498,0.004186297381111344
88502,0.005591197339943061
88503,0.008577988259635077
88504,0.026092726083828087
88511,0.0036739603563901106
88512,0.03378261463324986
88513,0.20532065403825706
88515,0.03891309366295405
88517,0.002836416110396666
88522,0.015005446730852629
88523,0.0036242831279469775
88525,0.002910005217473463
88527,0.0036816591922780076
88530,0.03204529609344612
88531,0.022263637024549775
88536,0.06514256954541771
88541,0.015618676140634733
88546,0.04675321521087958
88547,0.007160205275132084
88548,0.008772301022051118
88550,0.018819322287544432
88551,0.015067408384405793
88555,0.00606431275614919
88556,0.0225658499399488
88558,0.03196935213516116
88559,0.02058755784711928
88560,0.019376016887087386
88561,0.003592225324140093
88565,0.03184657087930038
88566,0.10937634938756481
88570,0.06653682683977474
88571,0.006272242721076631
88572,0.024984871292390198
88573,0.005255321723567679
88574,0.008730725449251377
88582,0.0036876097590991808
88586,0.02994965963938801
88588,0.010438507410968741
88590,0.08289400217353533
88594,0.11954736176965539
88599,0.005451029180491353
88601,0.048337748975073064
88602,0.003904833330436613
88604,0.002897672839536588
88605,0.01004185883330412
88606,0.0031118294104899792
88609,0.0029525818636015146
88611,0.022447600317198866
88612,0.003906843424881342
88613,0.006260781645792847
88614,0.028326818674122834
88617,0.003472108276471245
88618,0.0033518642756272306
88621,0.00813461312312531
88624,0.0028854699350156898
88627,0.009517099217895838
88630,0.005197186968912669
88631,0.006025310169269706
88632,0.0058494469156052924
88636,0.003643601293709805
88637,0.005059467519196921
88638,0.23963050812876113
88639,0.003564535919884503
88640,0.061879701704274856
88641,0.0040702362077409075
88643,0.01008627718644042
88645,0.0036054523925196915
88646,0.003579211670806347
88647,0.03220247483934753
88649,0.29088568030273415
88652,0.02398486501783908
88653,0.006898269565646621
88654,0.12536893174866412
88655,0.09235590568370869
88659,0.01926835787006308
88660,0.004177614599999476
88661,0.07093564961670532
88662,0.007860678333904293
88664,0.009459904940515695
88666,0.004706104775972633
88667,0.0803051050088536
88670,0.003974998347996164
88671,0.15011831574072118
88672,0.020286853689060167
88674,0.07109220359964961
88676,0.03459537651067348
88677,0.010253168765962207
88679,0.08587442941654654
88680,0.03515699377098579
88684,0.00902021385701811
88688,0.014523207840561717
88690,0.0038435195942787674
88691,0.02120865830332815
88695,0.2665868580725477
88698,0.003834467772824604
88702,0.0031345694647919075
88703,0.0037469208759885993
88704,0.0028729546559558097
88705,0.015947414615807058
88709,0.06356483275614482
88712,0.016107388856484182
88714,0.03404163458030805
88716,0.0034476504000694346
88717,0.00698396168758197
88718,0.0036620774317829615
88719,0.05502854519382553
88723,0.008784363130848448
88725,0.014110891860317052
88726,0.0929789488337916
88728,0.0037046978833783317
88730,0.03563865514369249
88731,0.01311536535516526
88732,0.01868052938340032
88735,0.026092726083828087
88736,0.041745106411595234
88739,0.010890355141199508
88740,0.040119560209519484
88741,0.010208065655788268
88743,0.00358491641109753
88745,0.0075773649846611795
88747,0.004123604809618633
88748,0.17460648647163143
88750,0.011104901028324126
88751,0.0961465791392592
88752,0.1074593164128497
88753,0.003024649207041555
88755,0.2110628532591816
88756,0.11100419581348149
88759,0.07653526722819796
88761,0.0038798269538189013
88763,0.1345288577851896
88765,0.06345106297727492
88767,0.029067394258216604
88768,0.0034744047621357546
88769,0.004924957351019809
88770,0.0040592448311760265
88771,0.007198298664504298
88773,0.2263814330338432
88776,0.003631059340377171
88779,0.005169152169891657
88780,0.003943571885518588
88781,0.10088096530678514
88782,0.012896926641785494
88783,0.0029536953757195892
88784,0.005750031032992757
88785,0.014447602559286633
88786,0.20037420553313282
88788,0.01731197864106479
88794,0.004158460401445606
88795,0.05956232019743811
88796,0.003826439148593228
88799,0.034503968759660796
88801,0.0028244045365258793
88803,0.1645926789981319
88804,0.002867923713198587
88807,0.003052106427744673
88810,0.003802286695244325
88811,0.01596443762910829
88812,0.016504399098852696
88814,0.007021392761252028
88816,0.007033872373301124
88819,0.0037258272525436944
88820,0.018832915742013796
88821,0.010431651112933335
88822,0.00290660859497394
88826,0.003583540339958572
88827,0.04186055690962077
88828,0.01130142148126326
88829,0.003662356722595449
88831,0.18246797209984622
88832,0.04616861939972389
88833,0.012033911821335107
88837,0.006405950242768936
88840,0.011321287683989562
88841,0.033314681259379246
88842,0.0035831288434948956
88843,0.008395420455590226
88844,0.026092726083828087
88845,0.07692712560269842
88847,0.0036187191169479212
88848,0.0039373503791583515
88850,0.003982055074445322
88851,0.0035550653357672934
88852,0.004456653196745075
88853,0.0028987087685183564
88854,0.00488205434922762
88855,0.011540028564152175
88857,0.009167851955026047
88863,0.018309119540150808
88864,0.06719708535590685
88867,0.0035568157368309613
88868,0.00849900483111727
88869,0.04404401015695306
88870,0.045385878690650874
88871,0.008854390289285061
88873,0.01508989007019207
88875,0.007336648292950573
88877,0.004154382483396186
88878,0.032476239798868135
88884,0.00804591531740983
88885,0.008775627335694026
88886,0.017075288201418484
88887,0.03632008447431779
88888,0.012882741121525055
88890,0.0034854542816261966
88891,0.0926013809035267
88892,0.01956455196095218
88893,0.025040978936628492
88894,0.0043315018626595685
88895,0.018780980909673256
88898,0.04325368880815944
88900,0.03756298991668692
88903,0.006027400061318563
88904,0.09866295711302527
88907,0.002818107915633002
88908,0.007052481200947108
88913,0.0058947470495134225
88914,0.003408355565112935
88915,0.06160070631497359
88917,0.19711166393435436
88920,0.03459537651067348
88921,0.007123494822288701
88924,0.045578718819530704
88926,0.0268506964765672
88928,0.0033869667158412894
88929,0.04712343167869804
88930,0.007297626660430481
88933,0.20165370969842414
88934,0.004841802861924935
88936,0.12536893174866412
88937,0.009319287976689067
88944,0.01266618993254942
88945,0.014658318760447849
88947,0.004823844576373586
88950,0.028331626881067898
88951,0.21161340660374314
88953,0.003624045305505725
88954,0.008761183789158324
88958,0.00913761694191942
88959,0.13087203343220158
88961,0.006091067940779909
88963,0.0037835708764139106
88964,0.21370105393850794
88965,0.13661457201031288
88967,0.18833726383721647
88970,0.015694190446852562
88972,0.003462868492702932
88975,0.011639925769739096
88976,0.007495769385659753
88984,0.12920919679471718
88985,0.04374920992911488
88986,0.04199774379607015
88989,0.0029611965940408557
88990,0.009710285026529264
88991,0.0394019288523057
88994,0.015536457929472268
88995,0.08340777641314318
89000,0.035326972433665935
89006,0.005799823131580977
89007,0.006054312662527375
89008,0.00828215879178129
89009,0.003689772732919668
89011,0.035008101629374
89013,0.01658712202537146
89015,0.010996665477943635
89018,0.23955045297922234
89019,0.006391645998388528
89021,0.03979858021292673
89022,0.026092726083828087
89023,0.0073988134046874396
89025,0.03169134359725854
89026,0.05760735966383808
89028,0.17427423187094823
89031,0.002903472821062434
89033,0.03406099302361123
89034,0.003498550709465189
89035,0.002961391190680297
89037,0.10290193618011405
89041,0.008463982908849876
89042,0.05662854716503538
89045,0.054946399515731055
89046,0.08134606719249915
89047,0.007641398713994671
89048,0.006380903172074261
89049,0.03321585168952995
89050,0.011043446047090308
89052,0.004283605990854433
89053,0.03326675746710484
89055,0.019851281861963884
89057,0.004492189348123221
89058,0.020455525035331268
89059,0.026092726083828087
89061,0.004386103938526839
89063,0.04120632046591643
89064,0.20444389036021737
89070,0.004363878144571217
89073,0.016608558433795013
89074,0.03282551693414315
89077,0.01622465254855969
89078,0.10825332214235975
89082,0.005680678780736794
89089,0.00315774929149683
89090,0.0031858017313914186
89091,0.002912010048505105
89093,0.0035092627809347183
89097,0.003254243889121334
89099,0.24944310096180636
89100,0.05947090587322617
89102,0.09227328927063637
89107,0.18811385960021867
89109,0.13049488091382305
89110,0.004693471186227713
89111,0.0037689423980375512
89112,0.37371582310505463
89115,0.0859417067208005
89117,0.004204372255775889
89118,0.034557495497189915
89121,0.019967156452118433
89122,0.0042545409004314865
89124,0.003126017436203614
89128,0.2821153615864818
89129,0.006157884757587683
89131,0.002888028183350888
89134,0.052069138678584
89138,0.003969764405667648
89140,0.007323887183682192
89141,0.19541955160547106
89147,0.11567902071840204
89161,0.025528945999828488
89166,0.004849027170718674
89167,0.02517406219047864
89169,0.018664200789804786
89170,0.0039860009480914985
89171,0.00591859664436913
89173,0.004224121449315056
89176,0.012853774609822895
89178,0.030231855949893718
89179,0.22321472474541224
89181,0.23044702007405374
89182,0.035138511567015085
89184,0.06572726563125252
89185,0.018303436951579922
89186,0.06501647970349607
89187,0.0033095918626598374
89188,0.003884744827048686
89190,0.25005546410871404
89195,0.2652649290517921
89196,0.021782378223251284
89197,0.2353638177354185
89199,0.00428825567389354
89201,0.003349752002945906
89202,0.016094765204307623
89209,0.037312314669494445
89211,0.15234453977699336
89213,0.004253521591991676
89214,0.1248335793429321
89215,0.012717945780098577
89216,0.02295394826993029
89218,0.06299865425977115
89221,0.00578351290954014
89222,0.0035411384752537137
89225,0.1055612690406211
89226,0.026092726083828087
89230,0.11440934869548892
89232,0.028177850254802374
89233,0.00420584351017544
89236,0.006980730910055185
89238,0.003452447674766199
89239,0.004111931330828862
89240,0.05193750719402782
89241,0.062795222929485
89242,0.026336554420985505
89245,0.029903717294514957
89247,0.005712559410334906
89249,0.009633902733411618
89253,0.25567347889827924
89254,0.009900047588711616
89256,0.0038363687369312276
89257,0.05798036709675769
89258,0.011510785402390694
89259,0.01004957122876892
89260,0.004036987178349251
89262,0.0047114559733020785
89264,0.01281675266381433
89265,0.07106223268411078
89266,0.03530462099711033
89271,0.05472287081195478
89274,0.0035187638757436775
89275,0.05958194390990379
89281,0.003987208608258321
89284,0.0036653084197817904
89285,0.036880846542129204
89287,0.04636425599248621
89291,0.03363182713358554
89292,0.010455775108388389
89293,0.08365027301518031
89294,0.0055708166129324705
89295,0.23223332327213192
89299,0.2216852669081132
89302,0.00729387199277399
89303,0.004439342758831635
89305,0.05258472923448447
89308,0.003429496391076941
89311,0.00857886972940112
89313,0.0193066341280958
89315,0.00461810734873161
89316,0.015726588272709573
89318,0.026092726083828087
89319,0.008871944311568741
89320,0.010464398815118181
89321,0.0034941247578426197
89325,0.2326116391194858
89327,0.18733853917980353
89328,0.13205918254062007
89329,0.0032874435837764973
89330,0.01862385662154598
89331,0.01753930033171779
89335,0.005805100774384355
89336,0.04784696297415721
89338,0.016749476905391563
89339,0.03214100866626286
89342,0.013939964261845877
89343,0.026092726083828087
89344,0.013431747117982631
89348,0.005809582561475629
89349,0.0039040204750776675
89350,0.004042132490025032
89354,0.12920919679471718
89359,0.03131140125626858
89362,0.006681283108214641
89365,0.014624143020971751
89366,0.004007899909804652
89371,0.020644685525455175
89374,0.004062417757630541
89375,0.041682653033426775
89376,0.0030797711381350358
89380,0.12811561641472338
89381,0.003681474799656861
89384,0.0032062064701168743
89386,0.05074461472218092
89387,0.009405165492698353
89388,0.00299551911828125
89389,0.15915386315946092
89390,0.005115634570586068
89393,0.025126040732931152
89396,0.14318399233181284
89397,0.026092726083828087
89402,0.010950960905420673
89405,0.003622961293339371
89407,0.003078240668124281
89409,0.003060213822819564
89410,0.015513750140936413
89412,0.015542138823452874
89414,0.08307660461489186
89415,0.005092104177723322
89417,0.015473166475405677
89420,0.03520531906553004
89421,0.01028544462360743
89422,0.015799236173862544
89426,0.009797446860370465
89435,0.18693545278726778
89437,0.011525398278255621
89440,0.0047840516849647725
89441,0.2946843698483182
89451,0.007381853291336426
89454,0.17138489672819818
89456,0.008871944311568741
89458,0.07068719488668111
89460,0.002921783118459779
89463,0.0038455717018291086
89464,0.004438147797029948
89468,0.007075617325731119
89469,0.062192964035753744
89470,0.003202984968566696
89471,0.23421504087851605
89476,0.015345204389662618
89480,0.005013822321993937
89482,0.16075210788495528
89484,0.24607447547717817
89485,0.013073507961164667
89487,0.006303042849178541
89490,0.009358464045227539
89494,0.007460940373633897
89495,0.01265649430606162
89496,0.08820918708402976
89497,0.003610805437609283
89498,0.035845370817308125
89503,0.0098760884033815
89504,0.003915210798729908
89509,0.011838956398218744
89511,0.0050968154665184656
89512,0.008534368720325628
89514,0.005798257040052634
89520,0.0979672189276974
89523,0.2946562241171194
89526,0.024560828291399054
89527,0.005624880918927625
89528,0.008823850406185418
89529,0.008781342720464528
89532,0.011115352328569686
89533,0.0075854655991876236
89537,0.004861502216254465
89539,0.008705617642122252
89541,0.0850178211330614
89545,0.0034768482570898215
89546,0.0058074132235649886
89548,0.07547921603849414
89549,0.012044201994649381
89550,0.1358434036275872
89553,0.004473530998861098
89554,0.05165622638058695
89556,0.003927890304505662
89559,0.04199774379607015
89561,0.003063255941352732
89562,0.01028993131830893
89563,0.03806296401715483
89564,0.1771974842253553
89569,0.09686118055350702
89570,0.004817706685584018
89576,0.008468337423297348
89578,0.09896198510924098
89579,0.003701050320597517
89580,0.004468160210886929
89582,0.22383190126350838
89583,0.008268694923994556
89584,0.008321370371344124
89587,0.004743862467503888
89589,0.021943394150572792
89591,0.003935221710630826
89594,0.07393249270650595
89596,0.030383721690229345
89597,0.016793549178298603
89598,0.10551787318656806
89600,0.021408270293198566
89601,0.1262110988409816
89607,0.0029696169166113424
89610,0.01952668524996709
89611,0.014047181220484197
89613,0.09353163083838177
89615,0.01717691429311221
89617,0.009008920135250075
89618,0.046207367023383544
89619,0.023650317557313713
89620,0.011988347471549105
89621,0.006334935818000781
89624,0.01364415479089405
89629,0.006406811863413638
89630,0.0035077355583109024
89632,0.00923117708066261
89634,0.010675422471137265
89635,0.059861646643562576
89636,0.06021653644240793
89638,0.005474404491468953
89644,0.15234453977699336
89646,0.018043399576191062
89648,0.01371226842499666
89649,0.005518986393759611
89650,0.0035362459261735184
89651,0.0053588335547866805
89652,0.006273709258973564
89653,0.05959089774800542
89655,0.1653914674878681
89657,0.062039690910290476
89658,0.0171248407466995
89659,0.2197440416758819
89660,0.026092726083828087
89670,0.07221578188001966
89673,0.003999006973943263
89674,0.0037622979610659416
89675,0.1624506239652974
89676,0.013015081949627192
89678,0.02761555210785167
89680,0.013605016940509392
89687,0.01842495791134993
89690,0.038805595053857195
89691,0.0035990144024086574
89692,0.015157369583095845
89694,0.023973121571283975
89695,0.21299973887596874
89696,0.004397960779109777
89697,0.0038685398669648426
89698,0.016502402841411204
89699,0.003988990371795821
89703,0.19744004331725382
89705,0.07876485923087437
89706,0.026092726083828087
89709,0.05426489167538256
89712,0.05520477044279279
89713,0.033523998470174836
89714,0.2402253739261006
89715,0.00987525989886702
89719,0.15603699776862384
89721,0.018702352540554204
89723,0.004248282020155083
89725,0.004517255909906157
89726,0.015107146599067521
89727,0.07946626057673173
89728,0.0056272801044482375
89730,0.01566530890907517
89732,0.012813414981357605
89733,0.00379770009801205
89735,0.009657249721444694
89736,0.01621176769299663
89737,0.003746319003889539
89739,0.027814284838650984
89742,0.03423867099437732
89743,0.024656508616854606
89744,0.08938462552592834
89745,0.0030640171682790383
89746,0.004838867701547568
89747,0.0055320225488608
89749,0.06233886288142225
89752,0.008204252183926211
89754,0.008159671470329949
89755,0.015599504045797548
89756,0.003180983296439834
89757,0.09564109115705637
89758,0.09799176501816668
89760,0.04413473761371486
89762,0.0054837264405865815
89764,0.07638005426128144
89765,0.0032132825328183446
89766,0.06094466857828615
89767,0.01826355217060911
89768,0.008431249132030768
89769,0.013128712839219184
89772,0.009868720772211573
89773,0.0046636438966025755
89774,0.014858853222307573
89775,0.17121391333456498
89776,0.006151180972326138
89778,0.0382812289542053
89779,0.08197743431221106
89781,0.01847204971362798
89783,0.04784696297415721
89784,0.025832186304431026
89785,0.17236282603497646
89786,0.0037584150699165025
89789,0.02482745917952534
89792,0.045198793601539125
89795,0.014858451271274904
89797,0.01433501416206132
89798,0.003732619494113768
89801,0.03139453069193858
89802,0.0036931781012484156
89804,0.010331270492122046
89805,0.004086202062869981
89809,0.0034784924096423237
89813,0.01007832026889416
89814,0.006391930185118471
89818,0.004505066105478249
89819,0.03323598180354124
89820,0.11063630997240508
89821,0.033876219905610835
89822,0.0053224959694087816
89824,0.005604478950986195
89826,0.004642313396383706
89828,0.003682888808582439
89829,0.014016947740232757
89830,0.2311002596733432
89836,0.01606396598094504
89837,0.003044113837176661
89838,0.008161851238689264
89840,0.18699004524296456
89841,0.0029988325213835608
89844,0.023859853595753447
89845,0.014932982770836864
89848,0.005616194381878334
89849,0.026051780011600065
89852,0.004688153016685764
89855,0.004049922359100463
89856,0.003660306183039945
89857,0.011594317937359147
89859,0.004570849228420516
89860,0.005038587525903381
89862,0.09612701290756163
89867,0.03231401145808254
89868,0.0031419565886237435
89869,0.02570492658014755
89874,0.0029411983365331884
89875,0.008334875427378392
89876,0.006227831403727732
89878,0.0032024126205091193
89879,0.09353223446733354
89880,0.02157779522709259
89881,0.0036329370352697985
89888,0.006732315245835148
89893,0.005284318235773713
89896,0.20219086833201716
89899,0.10226138824002783
89900,0.013665723796530764
89903,0.009154303735323607
89905,0.004007903483883271
89906,0.1298354268238819
89907,0.003910487212917589
89908,0.00859968717123698
89911,0.01614930912506043
89916,0.003986479897216681
89921,0.008784761953037548
89922,0.10492705307908004
89925,0.050605008177065744
89928,0.04382198600179726
89932,0.02331035351843949
89933,0.04431049510159567
89934,0.0028885381726106436
89935,0.007875856984069618
89936,0.003232802475431666
89938,0.04160414898720742
89946,0.12536893174866412
89947,0.023503981815495296
89948,0.00341628540214067
89949,0.01662706464658756
89951,0.0032690446123559325
89952,0.003955383561568957
89959,0.010510613126737864
89960,0.02399005043859267
89962,0.1712209623502572
89966,0.1402931362949872
89968,0.02019665572532999
89970,0.008503575118824965
89971,0.3001961396059294
89973,0.17939957951098645
89976,0.014765290415723633
89978,0.03459537651067348
89979,0.010196324257963683
89980,0.0033977845645701446
89982,0.10213994932476565
89983,0.01019639195858449
89984,0.009395014053909658
89985,0.029970344265715106
89986,0.2365767595218743
89991,0.009996060531990723
89998,0.11601757762734116
89999,0.2008615906475255
90002,0.00856715651956739
90003,0.03574809283968191
90004,0.009202784307398343
90005,0.032372457837471134
90006,0.03545600618616989
90008,0.15350489656134803
90010,0.004083157402583161
90013,0.003562810999038017
90017,0.033586363936889976
90019,0.009899491202529488
90021,0.06167994682347245
90022,0.0034360676879494514
90023,0.2811681662132836
90024,0.003686212019563611
90026,0.16491387722963619
90028,0.03355060604214441
90034,0.017525410138146347
90038,0.021307142219005565
90040,0.004274631380409439
90044,0.20062707413546713
90047,0.003586281858247017
90052,0.0484683952460637
90055,0.1651286539846254
90058,0.0029881946659160202
90059,0.022548382880131095
90061,0.009489251695328675
90062,0.005243415593853204
90063,0.010052771625587473
90064,0.00420814880782785
90065,0.04123222593053225
90066,0.004434521466342164
90067,0.013800527600206667
90071,0.005664833115152096
90073,0.002833531470515626
90074,0.002941320868107116
90076,0.004024112005855506
90078,0.003891946470967957
90080,0.0032668749453717036
90081,0.010940248394374196
90083,0.1735778729712282
90084,0.007558239435092261
90089,0.003583419375131653
90091,0.03318110084919251
90092,0.250299338477597
90093,0.10100314005774118
90098,0.25246062974606853
90101,0.003666740115448159
90104,0.0028816970745975615
90107,0.0036513830752939462
90109,0.011681457642006544
90110,0.024001803286597016
90111,0.0036636589850059386
90113,0.21552480130594837
90114,0.02420364797256105
90115,0.034805421060576845
90118,0.008857010560518897
90119,0.00301916104425314
90120,0.011414572697891935
90121,0.003618248953994986
90124,0.0033288407973909163
90129,0.022167126586545204
90132,0.0034390940301289416
90133,0.12162796620658752
90135,0.02795962193274294
90137,0.004817543058661053
90140,0.016643727619171076
90143,0.005010150228249391
90147,0.013496291978175595
90148,0.19050865601819159
90149,0.015180122541085325
90151,0.06711256568693118
90154,0.004404744870305758
90158,0.003856222324718927
90161,0.19541955160547106
90164,0.006912165796720161
90166,0.0032832497664427984
90168,0.0030239579695722366
90171,0.108352715895797
90173,0.0035751090283577
90175,0.008700633847551695
90177,0.029730638106347483
90179,0.0687255002488162
90180,0.01217738946890521
90181,0.031117939710461298
90182,0.008970290819716929
90183,0.023145353835769784
90184,0.07828149976762805
90185,0.025040978936628492
90186,0.007021280244959372
90188,0.003997940571119514
90190,0.01562558273877419
90191,0.005534708986722787
90194,0.04381189547611685
90196,0.004837600019750929
90200,0.003972550414012852
90202,0.15726803656925456
90204,0.03601708999981711
90205,0.2913859597171483
90208,0.00321178232915303
90211,0.04511613825582879
90214,0.007091769673294199
90215,0.0033006932192587665
90216,0.003634505881415017
90217,0.016838486770800406
90221,0.011424559427063725
90222,0.02415553393309776
90224,0.026092726083828087
90225,0.09792443100118059
90226,0.02752029570010486
90229,0.035807332967496004
90232,0.0036904739856013676
90233,0.09696220193599424
90238,0.0803662672847608
90239,0.005837488706683879
90240,0.003249310155741573
90241,0.0031424824355996183
90247,0.03528534335489082
90248,0.01408565527917341
90249,0.07657203587516
90250,0.002982791623265336
90251,0.00473069844778721
90253,0.034228703621023863
90254,0.17774717727907957
90257,0.009668475009601059
90260,0.056543744826504726
90262,0.012882010395593514
90264,0.004119347117615922
90268,0.04806290405490667
90270,0.0301073846448561
90272,0.0035471694067711534
90275,0.011405048273032148
90277,0.016937901325218895
90278,0.004230069514602508
90280,0.016396340044737685
90282,0.014820900626898934
90283,0.008813596977974313
90284,0.0058576753189974766
90286,0.030484601487525652
90288,0.004890742208181854
90291,0.13066409809486068
90292,0.011375617818804789
90293,0.0558077958866379
90294,0.005276668587898991
90296,0.16644679006839144
90298,0.24875067672166992
90300,0.006035414347406192
90301,0.022100925913528184
90303,0.008596631769532166
90304,0.034071727365723434
90306,0.0029322228095225444
90309,0.18579315351556933
90313,0.16230473846239798
90314,0.21991208323548642
90315,0.00337637453911296
90316,0.06428419909417216
90319,0.015132540236897371
90320,0.0030972491555207814
90321,0.003867500858992871
90322,0.005619295315552559
90323,0.010295711262039093
90325,0.005650942661451351
90326,0.005100683286934957
90328,0.0047176967157638115
90330,0.013973924557373174
90331,0.2329307369756354
90333,0.21733403190999798
90334,0.00835643786466126
90335,0.02650235490788914
90341,0.0056406787980263105
90342,0.003528267712582537
90343,0.09031771022661558
90345,0.015748184898168247
90346,0.003212776860418916
90347,0.03050755194989313
90349,0.07176701203762309
90352,0.008201704814408968
90354,0.026092726083828087
90358,0.004813944320366339
90360,0.01096273287674477
90363,0.004137344500152566
90364,0.08533744603260773
90366,0.003404469682270765
90369,0.011179977980890326
90371,0.015145652757622682
90372,0.003619877151186972
90374,0.004388898851280653
90378,0.011723031865178223
90379,0.008700397098940856
90380,0.024393548100035304
90386,0.004017670118523437
90388,0.029291329485523824
90389,0.006702161283958579
90392,0.053362086153895455
90394,0.05057917872335861
90396,0.0035901811337414684
90399,0.0035115123431052717
90405,0.10913617996174152
90406,0.059770247502606566
90407,0.003985223243398489
90408,0.005556402497868082
90409,0.01513118473422284
90413,0.015605230318247476
90414,0.011744970212069833
90415,0.014394545314668472
90416,0.06641341499207046
90418,0.027107723525287012
90420,0.01101759357367028
90423,0.037821527533113984
90424,0.09261527187025487
90425,0.10779738032008651
90427,0.04105874690540214
90430,0.27590444679909054
90431,0.043337185328120045
90432,0.019253294917852045
90435,0.022520487953527565
90438,0.03562485752518722
90439,0.0062131883375545465
90440,0.02294246772284374
90448,0.016737427113710325
90449,0.02989239562966403
90452,0.010956512300832073
90454,0.008782882671175723
90455,0.1598388759157249
90456,0.026092726083828087
90457,0.05022711853467865
90459,0.10726887684266445
90460,0.08082338911881906
90463,0.0590532553075982
90468,0.010322705703414972
90469,0.033062567226273765
90470,0.0067262880545157205
90471,0.2516356750703424
90473,0.02091161671495732
90475,0.02632152166910232
90477,0.0969959358556848
90481,0.0030516849911209373
90486,0.002870765458509086
90488,0.04146335328156622
90489,0.25372971788256676
90493,0.02414026766246972
90495,0.282311976864753
90496,0.14887412147775736
90497,0.003898682273630044
90498,0.003930063650117089
90499,0.23543937998444212
90503,0.0029678458828473397
90504,0.009301289020133423
90508,0.0191316228285153
90513,0.005591499997738749
90521,0.005344952331128659
90523,0.031291728144463155
90524,0.010941734390792919
90525,0.0313943426038091
90527,0.16124009019120225
90528,0.2553773209848297
90530,0.045894850830203934
90540,0.03707729478199332
90542,0.019208595774072384
90543,0.011699505685668202
90544,0.005224768316894251
90547,0.03834259436985279
90548,0.0038331907686184005
90549,0.06415676106115602
90550,0.11353780550755581
90553,0.00880381802667984
90556,0.0038964387679081254
90557,0.02741495474087872
90560,0.18558997022512697
90562,0.009903019831622464
90563,0.003817702912630051
90565,0.003571044111524032
90566,0.2484960932774217
90569,0.07143152176289633
90579,0.035224301298467535
90582,0.4073027646732682
90583,0.04199774379607015
90584,0.007876122298917983
90586,0.0035931371119722216
90588,0.18791529949771693
90590,0.009873734725284926
90591,0.0030470450557851516
90593,0.0035395035669880926
90595,0.009874473736546908
90599,0.02945608568558136
90601,0.0037701558622231083
90605,0.06818003682707371
90609,0.005811058449584415
90612,0.034624277455345145
90613,0.00548900713236416
90614,0.017574010549665665
90615,0.020193871334528983
90617,0.07345881071130728
90620,0.0838215378338808
90623,0.0048029597540234364
90625,0.12708469888045534
90628,0.002982299129067808
90629,0.010244195994804504
90630,0.004525532271383932
90631,0.009018755602819999
90633,0.004742430448817808
90634,0.009908126502733199
90635,0.0038044132905403353
90637,0.05808092995173984
90638,0.0028299248368670277
90640,0.00908581334429171
90641,0.007098214080601672
90642,0.009196236197400764
90643,0.020346747533368976
90644,0.2251677465050284
90645,0.009677875995505738
90648,0.0034994520100629944
90649,0.17631694379292778
90650,0.09354879295760436
90652,0.008966130929962011
90653,0.006199152772093131
90654,0.01604847382198819
90655,0.031682545602120436
90658,0.003856699209884943
90659,0.042962669588697114
90661,0.16960679917791144
90662,0.003947297702208477
90663,0.03547523618256518
90664,0.13266339908931102
90666,0.020515651754072335
90670,0.036147040991788205
90671,0.008559773444249479
90672,0.08146720560042917
90674,0.05160755968340465
90678,0.0066434066312285175
90680,0.026092726083828087
90681,0.009870028810382764
90689,0.003738089221314366
90690,0.0031543221774650416
90691,0.0028329040378683133
90693,0.005920067812710664
90694,0.03542191625481671
90696,0.002889638757927828
90697,0.011841723922936068
90698,0.01413151499381703
90699,0.013150602405018346
90700,0.014132741929745521
90703,0.19344511245544896
90707,0.00856930527770355
90708,0.011990842959187462
90709,0.026092726083828087
90711,0.0037564487298053276
90712,0.05378390185935764
90713,0.11116223030452106
90714,0.021113745645571422
90716,0.04130584694331061
90717,0.0029243438375172646
90722,0.026092726083828087
90723,0.18531577970294089
90726,0.005203103259859477
90727,0.230669921247004
90729,0.09399647350621144
90730,0.0036081722681164364
90731,0.011872587333229124
90732,0.1456715354245388
90734,0.031444238973160295
90735,0.18246797209984622
90736,0.15454706867975107
90737,0.004373318598591211
90744,0.015049925877286303
90748,0.004784842888730702
90750,0.003725300813325948
90751,0.08347557212216135
90755,0.0034568172453064163
90757,0.025398822299123824
90763,0.0037537101551289873
90766,0.21399405421794182
90770,0.00918005377499091
90774,0.029834717191904697
90775,0.013567754049846146
90776,0.031012229552048
90779,0.2146066540465699
90781,0.006676965102931971
90784,0.06358253769641167
90786,0.06200388788180571
90787,0.003986405797764881
90791,0.025658036185958674
90795,0.06907972730454229
90796,0.009598758759273462
90802,0.015643371319685826
90806,0.04540034495286256
90807,0.1993051796689863
90808,0.0209698450469941
90809,0.005218695067506806
90810,0.019129095549873715
90811,0.0698147466669546
90814,0.003946385989845869
90815,0.003808987264298419
90816,0.04817795568831522
90819,0.01522771748355426
90821,0.0548964362175219
90822,0.0038185581562964277
90823,0.008783809957088214
90824,0.1744256442629935
90826,0.21087191593304444
90828,0.10369022190146973
90830,0.005158418248509831
90835,0.027968347039870386
90836,0.20489639135127757
90837,0.013241583462089734
90841,0.0043135018564322445
90842,0.011292932980064724
90845,0.011239110769464135
90847,0.0036364333173622807
90848,0.018394620574371388
90849,0.013684390826684966
90850,0.003472684245041744
90854,0.009676059417722632
90855,0.29162882181569394
90856,0.0032841768481475186
90857,0.0031072063148421827
90858,0.009441464912121585
90861,0.07584087976019269
90862,0.00756073141267484
90863,0.010194712933422383
90864,0.003821497573329688
90865,0.0039028124190459267
90867,0.005088561777677832
90868,0.2530997538704493
90872,0.013707823169045712
90874,0.026881313042945457
90875,0.0064838915625918675
90880,0.027078383590413785
90881,0.03946041636954443
90882,0.015758688450620718
90883,0.009637692496726594
90889,0.006018919115143424
90890,0.004709155279452636
90894,0.004488764068626668
90895,0.03963136383542954
90896,0.0037579980371053017
90898,0.0039002558189793536
90899,0.004167556638612276
90900,0.005303678895291803
90905,0.0031504280821324825
90910,0.029722510323917855
90911,0.00366650004733245
90914,0.05373106450729969
90917,0.004273517147170685
90918,0.005267645996275774
90919,0.053630994828571296
90920,0.012280438012543958
90921,0.002978483902267149
90927,0.08812411672295611
90929,0.02171870700192951
90930,0.0470692491977774
90931,0.007538917548818076
90932,0.005619357015110849
90934,0.0038591942721768395
90935,0.09735855865475847
90936,0.0037341231035362098
90939,0.02208041569019941
90940,0.10011316558285081
90944,0.008945406384722751
90946,0.113657764415164
90948,0.030129335367173955
90955,0.021094549071597787
90957,0.010552669220476478
90958,0.01425071185546858
90960,0.00839122455965519
90961,0.006747072726255007
90964,0.0075870317251057
90966,0.03324595349347617
90967,0.028578540563552267
90970,0.02561901875574382
90971,0.00406277688871758
90972,0.0035591126899144447
90973,0.0309739041226026
90974,0.012481488251622645
90976,0.019020826326706916
90978,0.1540473991204384
90979,0.004054436939297926
90981,0.0036203851459483804
90983,0.011518968444171128
90984,0.003647242715782845
90986,0.04217631197402597
90987,0.3399741921714903
90990,0.011158756589138192
90992,0.0066984841780329445
90995,0.010085051268531394
91002,0.006963479382133288
91004,0.009871941246044354
91005,0.0029616462023169753
91006,0.016263566100922652
91007,0.028000416586227473
91008,0.00334072187975085
91010,0.010825144181687913
91011,0.005103611763060271
91013,0.01058895472209881
91014,0.0034335210197315685
91015,0.004087239246144215
91016,0.004448745345848422
91018,0.01419726351265805
91019,0.004757136911880929
91021,0.07647131822730567
91025,0.005188322069633714
91026,0.260396122111187
91028,0.10853922704686313
91031,0.0029357480081156836
91042,0.013476828272840432
91043,0.18693545278726778
91045,0.004667258625166545
91047,0.023751572566099173
91049,0.0072011730893549175
91050,0.02730249603415107
91052,0.049800822728600015
91056,0.003695002190681812
91057,0.005920347906342844
91058,0.02548509495113276
91059,0.010112192727342012
91061,0.05623178619209847
91062,0.0050394239273535354
91064,0.003559803471965709
91065,0.006121274832205573
91068,0.006321188252353141
91069,0.0043963565952318375
91070,0.003106946878642509
91071,0.11719932740716991
91074,0.004754356119173004
91075,0.07223348381145288
91081,0.0035058119554027445
91082,0.003564368862917564
91084,0.0087347624231559
91086,0.0033554182726291803
91087,0.026092726083828087
91088,0.003988917690915598
91089,0.003584005905549261
91090,0.004974542865884943
91092,0.006996797182436085
91098,0.01475208905493315
91100,0.007183696095225313
91101,0.010589897546349467
91102,0.00354225498673337
91103,0.010289584661871179
91105,0.017457113050703927
91107,0.01556291577549721
91109,0.0033126467422301214
91110,0.00848904474045363
91112,0.06306982759931012
91113,0.0366099493592357
91115,0.1636962022634099
91120,0.013901115966657399
91122,0.004091552684801136
91125,0.022845889732257717
91128,0.003932427493758715
91129,0.0034620506705784967
91130,0.0867153173623931
91133,0.026092726083828087
91134,0.009874189174984538
91135,0.003215036715707423
91137,0.2762547400038647
91142,0.003689772732919668
91143,0.005714622769751964
91145,0.003247987679252914
91147,0.07890065336408793
91148,0.08865372857481071
91150,0.008904939317939132
91153,0.03366599960077802
91155,0.011837714658676054
91156,0.008751381774393406
91157,0.17498116296922464
91160,0.003190223571460131
91165,0.0043072374345115225
91167,0.0050970957034465235
91168,0.1920795882142341
91169,0.003840159117097258
91170,0.004900245805184229
91173,0.008040354096515687
91178,0.015173085601779952
91179,0.029564765121014427
91181,0.005008184938522101
91182,0.019229321090931804
91188,0.012928946592738631
91191,0.002937242140943744
91192,0.01969449849204354
91193,0.005364999908528252
91195,0.003950091308371255
91196,0.0758126675580067
91198,0.0031362823566688054
91199,0.014465177446737162
91206,0.1712209623502572
91207,0.014368927929599032
91209,0.009894896093772693
91210,0.026092726083828087
91211,0.004734010784078309
91212,0.01669601071617284
91213,0.007106416359257503
91214,0.031088496447254945
91216,0.029697214183686958
91220,0.0031133891777522125
91223,0.3315069093814259
91226,0.013420295140266478
91228,0.049677465190818365
91230,0.01697484263000668
91231,0.21031620030234047
91234,0.03602691123162208
91235,0.0029313387065792187
91237,0.03459537651067348
91238,0.004097640125273827
91239,0.0038226385618137823
91240,0.029052086885537405
91241,0.010512274887240805
91242,0.004856688229821311
91250,0.055973135977726754
91251,0.004337161503609263
91255,0.02444990947834059
91259,0.0033654048060652443
91260,0.004197094536749772
91263,0.0036434825221325186
91264,0.00290925094756128
91266,0.0037386419729623496
91267,0.0029706334885519978
91272,0.007146827969905197
91273,0.04606254943121769
91274,0.00445891792849965
91281,0.14297560059299785
91282,0.040631931750205255
91284,0.009383032076432136
91286,0.21295434351918452
91288,0.004309244474038623
91289,0.0033384142847604366
91290,0.00393929613584045
91291,0.003890148621273593
91292,0.014068245742216474
91293,0.025493010538682914
91294,0.06669154665895527
91295,0.003613706772201581
91296,0.2410693532376907
91297,0.24579792261856243
91299,0.019784398217485254
91301,0.07288372735866042
91303,0.011881509039366269
91309,0.006097857926980643
91310,0.017585967082594092
91312,0.0028712204380098353
91315,0.014705970157107786
91317,0.00959372183764416
91319,0.022218678300017194
91320,0.006739257112363469
91321,0.14430064512826005
91322,0.0862285316078868
91326,0.01461920629515028
91327,0.0068894042085613835
91332,0.005425930099011341
91333,0.006387939318590933
91334,0.005326721925057242
91335,0.08072212165138562
91336,0.0042393889915676155
91337,0.026092726083828087
91341,0.31521612314700553
91343,0.004240291622892595
91346,0.045143815652272636
91347,0.020601765136883388
91349,0.015420774163727443
91350,0.0029194676327776387
91351,0.10855128362064614
91352,0.15382419640367453
91353,0.00410621102725026
91355,0.028023213302427376
91357,0.17275801903708835
91360,0.026715367875971997
91363,0.0045995456211038975
91364,0.05412696900282385
91367,0.005204425732029971
91370,0.00911119677809809
91371,0.06202947729126779
91374,0.0038485818438909777
91379,0.03474328855983875
91380,0.0145613762401624
91382,0.006107730078626838
91385,0.012859582698649513
91389,0.04886262476238188
91390,0.0039631063473209195
91391,0.04474245838074805
91392,0.005182649631857019
91397,0.003148504478326258
91399,0.0420289860391578
91401,0.010091692116271263
91402,0.012562572616852457
91403,0.014417901879674481
91404,0.0068603418563590625
91405,0.003673120002413066
91406,0.05883046630840796
91407,0.004298961226064234
91410,0.05296696348582292
91414,0.005017305085861192
91415,0.022398536334093014
91416,0.025063568949726674
91419,0.021481292835645545
91421,0.06529923783210614
91424,0.026092726083828087
91425,0.08621809648143618
91427,0.03164497620614445
91428,0.0037818114613189634
91429,0.025453817083943973
91432,0.003726182361557643
91434,0.0038565037071131535
91435,0.06353253800510404
91437,0.004159076677263286
91438,0.018325313924173563
91442,0.01023580464933225
91444,0.18246797209984622
91448,0.02147125233403335
91452,0.012143085324414838
91455,0.03278982236288006
91460,0.21846465824223957
91462,0.018716378356981287
91463,0.003703439779093408
91464,0.029104240538726525
91468,0.007373888479724455
91470,0.003522123000075971
91474,0.0048538176341152385
91477,0.004182808455537107
91478,0.1979947909289579
91480,0.010069514745455985
91482,0.07459264125818485
91490,0.04172198499453436
91492,0.06246585176578046
91494,0.10359088392110172
91495,0.025402485186993732
91497,0.0032455685957443704
91498,0.0036390796535820894
91499,0.2341101003574242
91501,0.20077843583411673
91502,0.012993401741093508
91503,0.014436662436114354
91505,0.007115797979120972
91506,0.07831023553451931
91508,0.05522191678773183
91509,0.005050772427279478
91510,0.003174504428892809
91511,0.009882464004402165
91513,0.005956253800108397
91514,0.03934845443182177
91517,0.006077701318143031
91518,0.008590245324597305
91520,0.004448733713239304
91524,0.03040639191347594
91526,0.2246472217930422
91529,0.0044843867591294094
91530,0.003004252375978986
91531,0.0069572342374830416
91532,0.007006585085805059
91535,0.01872472289189185
91536,0.12062895699317941
91537,0.015124300687322251
91539,0.015847818889758582
91541,0.0035527991916789983
91543,0.1994813961392077
91544,0.08599738812915002
91546,0.009043571333910335
91550,0.0031459064539099027
91552,0.006328280074602728
91553,0.0043191094735398235
91554,0.02697758152599794
91555,0.22487894898310617
91557,0.04906630171747517
91558,0.13197968912375121
91559,0.028123072265155483
91560,0.1590249789336592
91561,0.004084835371522595
91562,0.013877496249305891
91563,0.013952651603975632
91564,0.03371317862311639
91565,0.03467589184779932
91568,0.053335362072804
91569,0.004436018843462901
91572,0.32826480614209325
91574,0.033443312327241216
91577,0.01646815663963042
91578,0.021560747762043576
91579,0.006704927080419324
91580,0.005875939410923607
91581,0.01470847953398696
91582,0.030347180569531167
91591,0.007631622328423135
91593,0.043482217438803886
91594,0.002954413036555487
91595,0.09216765059718321
91596,0.0193271001396419
91597,0.01646992575768841
91598,0.2829823091658767
91601,0.008223620830794868
91607,0.004043111859160259
91610,0.006033826341137165
91611,0.004383438051556074
91612,0.09050437862586247
91615,0.010220012835982993
91616,0.026903925150670138
91620,0.005105372155715448
91622,0.06903143177923451
91624,0.00703963190366394
91625,0.042711394981886475
91626,0.010979494509934467
91627,0.031119338133096554
91628,0.02055023486274676
91630,0.18699004524296456
91634,0.06213798165109855
91635,0.034729428815266826
91643,0.0087640089729326
91644,0.05412730110462993
91649,0.1669772619160676
91650,0.00555755819306853
91651,0.04933423763252386
91653,0.010978954715907433
91654,0.03141454635990582
91655,0.022593244241845722
91657,0.05185079397266749
91659,0.019615828049603334
91662,0.02837828197985222
91666,0.04547945696807807
91668,0.022980694549162527
91670,0.003534537720333807
91671,0.006355980196471257
91673,0.01892582262482558
91674,0.003162090323061313
91675,0.0036879994035665027
91677,0.05107838179498693
91679,0.011525165155002876
91680,0.03952706188920226
91681,0.006780054468514071
91682,0.007315862112321078
91686,0.004180761720844792
91693,0.004961093030023106
91694,0.008389825955950073
91695,0.003705880917168481
91696,0.00847581040749763
91699,0.07827143580438396
91700,0.013385720501910125
91703,0.007518640515827624
91705,0.011989500340661655
91709,0.009407920930573268
91710,0.01754919138264546
91712,0.010829024031950086
91713,0.0673032541000884
91714,0.010143096512619966
91715,0.024055162632264437
91717,0.002967525691679126
91722,0.043693917325932564
91723,0.002941483752481733
91725,0.041592860388586735
91726,0.21922939050547555
91727,0.0032652069817428087
91736,0.022434135690289233
91737,0.014134503207176784
91739,0.1293513284335683
91740,0.04251766435787753
91741,0.0035492291084064367
91745,0.015441317746393584
91746,0.1433717029169108
91748,0.0034630823409057413
91749,0.004430781969003203
91750,0.01107151739201036
91752,0.006170391705659045
91753,0.19648132376964186
91755,0.007160911297087303
91760,0.002992111249554315
91761,0.09100800903022546
91763,0.10800078810928475
91764,0.026092726083828087
91765,0.05966737286734827
91768,0.003992014526322565
91769,0.015877668220559516
91770,0.014395792360292467
91772,0.006419032081118688
91773,0.010176216504817016
91774,0.006933273674808887
91776,0.006631398067374149
91778,0.01812833084385297
91779,0.02268481299414751
91780,0.005520170823530554
91781,0.009965736717221544
91782,0.0076820992428617285
91783,0.0031345796490994202
91787,0.10712655343056476
91791,0.012582423156921157
91792,0.004496675515429233
91795,0.02528178158661167
91797,0.029518241414308526
91803,0.003899311313184731
91804,0.002949813029426941
91806,0.008705058584581964
91810,0.06374552044087607
91811,0.0038978361427891434
91812,0.045307655040447495
91813,0.2138898391619022
91815,0.047037063223297856
91817,0.039657268080494905
91818,0.026931940411502327
91820,0.007264013200562403
91822,0.0035542746445239633
91824,0.09821766599381632
91825,0.004050037222604681
91826,0.003447760719178813
91832,0.003914487569827144
91833,0.003395994184662578
91835,0.021717136513687934
91836,0.013830264727850379
91838,0.008016842191437501
91841,0.00899352777738275
91842,0.005917384062087929
91843,0.0029075854400436273
91846,0.0031368193299792266
91848,0.009414827148727345
91850,0.0034626030380292263
91851,0.0038342432741059087
91854,0.03946366741169853
91855,0.00864205612515908
91856,0.020726998440603245
91859,0.054169283095794996
91861,0.026445829480527695
91862,0.0047405264131145574
91863,0.03742245080853103
91864,0.03960961036998725
91866,0.14116745976950001
91870,0.0069490472518579085
91872,0.004304488336587671
91873,0.005147146576748416
91876,0.044799502690134475
91879,0.06904987585470032
91880,0.13567864401169982
91881,0.006730066045643589
91883,0.18850290095496977
91884,0.003712981109535857
91887,0.004952291387683146
91888,0.0037459810175579024
91890,0.03459345821154039
91891,0.014664852116173797
91892,0.20769923223179454
91893,0.0267491459013606
91895,0.005358284991354597
91897,0.08732108105450329
91900,0.07489704135605289
91902,0.13640963010267226
91905,0.014825468838936037
91906,0.021729396748011325
91907,0.04458218259599074
91910,0.00409666662325613
91912,0.0033552446912339475
91913,0.003705568650948617
91914,0.026208725120465896
91915,0.09074853878008259
91916,0.016705130248654488
91918,0.010144712908572311
91924,0.13386823586432484
91926,0.004105741046135931
91928,0.004560474184913373
91929,0.01988567001181569
91932,0.003271552257348896
91933,0.19686680071885393
91935,0.11319477856189529
91936,0.015070682698172088
91939,0.00827642667301703
91944,0.3467788600845654
91945,0.02928755581003693
91946,0.004070606950504525
91947,0.19456282289156845
91948,0.003261092311995108
91953,0.0040072017378180004
91954,0.010867377792516314
91960,0.010542081229326476
91963,0.01449789872253624
91964,0.026092726083828087
91966,0.007993514189132753
91967,0.2416920176097434
91968,0.0067670831344680046
91969,0.0033048307933820644
91970,0.026092726083828087
91971,0.11850725596887869
91972,0.023204459941539947
91973,0.004360531655754234
91974,0.003921898416426176
91978,0.003718345154318507
91979,0.0031715280880090083
91981,0.005215578603458926
91982,0.02914174508846661
91983,0.20062707413546713
91984,0.21658669945051143
91986,0.005265314342781248
91989,0.09695759409357567
91992,0.07642113964532267
91993,0.008881589700681418
91994,0.005092301367677277
91995,0.005296528224913096
91997,0.0037780139327790226
91998,0.007962118033001746
91999,0.006322153834477121
92001,0.03847206331762714
92002,0.22268855539749893
92003,0.023708792913048945
92004,0.1415459628908383
92005,0.03106135403077276
92006,0.005986604247307111
92008,0.007953986816391775
92009,0.0030854281046075126
92012,0.10372169216651543
92019,0.004114522385469199
92020,0.00413159859564038
92021,0.011767904524529657
92022,0.00854303988522031
92024,0.011721688199995056
92025,0.06003712559767441
92026,0.008508389625446698
92027,0.003150232954116327
92028,0.0029244854990747825
92030,0.004353980244301072
92031,0.013338128385983035
92032,0.016089117728013677
92033,0.20612521649372767
92036,0.00320526957313203
92037,0.025864472826426666
92039,0.004256189132371172
92041,0.02063727006816997
92044,0.04723166839651377
92046,0.08776188269003468
92051,0.003531491093201735
92052,0.0029553749596458604
92054,0.0062316733057609965
92055,0.0035075617387539133
92056,0.06590473711027892
92057,0.029976210420649022
92058,0.1767022435138391
92059,0.011226011243928998
92060,0.00878287199835773
92062,0.0708333515744978
92074,0.004069034824175186
92078,0.0053799783864102065
92082,0.0036884310366333863
92085,0.06136399022556086
92086,0.0030078472323705075
92088,0.0029600312986726605
92089,0.0029708823348667617
92092,0.009035615004422569
92093,0.023218683473956954
92094,0.1455212202620482
92097,0.05244201067705422
92098,0.048522395543911905
92101,0.01740017175937037
92106,0.030113024146856335
92107,0.09392572844284276
92112,0.007010815545215585
92114,0.0034418576137882555
92115,0.07915171554488684
92118,0.014109034791174951
92119,0.13101607966981962
92120,0.015431117952217537
92121,0.04563633161407694
92122,0.007935674761056553
92123,0.08403039196013443
92126,0.006625150066465528
92128,0.015085312685541676
92130,0.003262932569665992
92134,0.024281429531724078
92135,0.03204529609344612
92138,0.031420473418058
92140,0.03859890000511239
92141,0.009803207096325603
92142,0.01393541469817968
92143,0.01704595948284466
92145,0.009038593481324578
92146,0.006498508224938499
92149,0.08562399371757061
92153,0.003284391239481687
92157,0.05834950482149236
92161,0.10748662166721948
92164,0.17364165507133458
92165,0.00987526077317866
92166,0.05321917446518398
92167,0.03231899294030546
92171,0.02514540215665034
92173,0.004257705828921879
92175,0.003059737816570517
92177,0.012594584073809385
92179,0.003134785418870743
92180,0.0035876477224257713
92181,0.0034463258450329443
92184,0.003018261780889611
92186,0.01365158608312066
92187,0.009776117589019449
92188,0.006056412305154879
92189,0.0036844447490598756
92190,0.025092430828537
92192,0.019796412390887846
92196,0.06187155299570281
92198,0.014129244537089502
92199,0.09686914309764025
92200,0.07554922333670079
92201,0.003044331285500255
92202,0.18068522309304028
92206,0.0054207356333887255
92211,0.033515146167852866
92212,0.03950886781433235
92215,0.19552027681603895
92216,0.005204425266952008
92218,0.024428241425251247
92219,0.15376872846834957
92220,0.008156737158334646
92221,0.002873412503338652
92222,0.00310045939418584
92224,0.20605042350679342
92227,0.004249008288364786
92229,0.00510284403182372
92230,0.07176150782941354
92233,0.06876863404024357
92235,0.002901306100197656
92236,0.0042061849793279425
92237,0.006565042292957284
92240,0.005430949106761581
92241,0.026092726083828087
92242,0.03461943093854702
92243,0.09384304762235071
92244,0.06693783051768723
92245,0.009082182797893435
92248,0.1614379555597766
92249,0.003873482643625184
92250,0.005978965357031037
92256,0.010381860754962648
92258,0.005703141815841117
92259,0.0037146166535950904
92260,0.005278927038093346
92261,0.005776988938327754
92264,0.004068957649908829
92265,0.19180676376725475
92266,0.17890488865612653
92269,0.003639300716257909
92272,0.04590452768543622
92273,0.05849600599630447
92274,0.08045468412271986
92275,0.024061383678223833
92278,0.0037632350106903295
92281,0.0034682558933289464
92283,0.026092726083828087
92284,0.0034996130118103213
92285,0.010219553892409942
92288,0.0031685011920807664
92293,0.10981614625212084
92294,0.007326692373784644
92296,0.006959672544627005
92299,0.006921991276416956
92303,0.20682630153241746
92304,0.010678908672956207
92305,0.07378376684597006
92310,0.016345118991910258
92311,0.0065550037397206695
92314,0.0030296816694757797
92317,0.040090027868962895
92320,0.13165345845351506
92322,0.08072260847227056
92323,0.08149485823772824
92324,0.03459537651067348
92329,0.025636682761911275
92330,0.003732624414867044
92334,0.0030572393801085946
92336,0.05279569325514709
92337,0.026343393379084007
92338,0.23384930516447877
92343,0.00464571871149015
92344,0.013595364008739199
92346,0.009193938142061524
92350,0.006387942775604686
92352,0.04616953927388089
92353,0.0033363258105651395
92354,0.022484900558839945
92355,0.009877860739701174
92356,0.019796860383331994
92357,0.003972249539106865
92360,0.1959379647235861
92361,0.007473197497955615
92362,0.003464103986664647
92363,0.003569661372710106
92364,0.20027408622695295
92365,0.005735990004932608
92368,0.0676436692728227
92369,0.0036771232216800892
92370,0.018296225743064807
92371,0.08601110789266612
92372,0.009167480249030767
92373,0.10625388338039564
92374,0.08997784476678415
92375,0.009014247983562698
92383,0.009119035189768681
92385,0.004022673456541883
92387,0.11082733125928329
92388,0.0036497599507172174
92392,0.008106472917873645
92394,0.02884308135201706
92395,0.05096685292461236
92399,0.10934506167588134
92400,0.0030107303304886803
92401,0.2249276301169974
92404,0.013624692756189195
92406,0.0038359669824091598
92409,0.024178962630698443
92411,0.003946385989845869
92414,0.03287722936803689
92418,0.08783144784700522
92419,0.01460987737866857
92420,0.02116791495176815
92421,0.07903557999832968
92425,0.00890894205208087
92426,0.0028420217738195424
92427,0.02474150349190283
92428,0.030143321821738185
92431,0.004125426743057407
92433,0.00883723585319418
92436,0.07726055041559911
92437,0.005332466089824827
92439,0.17637754820629575
92443,0.003718131271011349
92444,0.022043549453197826
92447,0.008657430770878643
92449,0.005437064453606512
92450,0.15339269448524584
92451,0.06871040753649094
92458,0.0036436205448269446
92459,0.23368612651607293
92460,0.059924351290047764
92462,0.0579476002375314
92463,0.004743909009476644
92465,0.0028636686560291388
92467,0.1943642680824064
92471,0.03145110772685248
92473,0.008553735154393569
92474,0.18467929241800432
92477,0.011338370572193597
92480,0.007537911278483379
92481,0.00424317361615985
92483,0.14332529953107348
92484,0.0033740092412462863
92485,0.008914476101109051
92489,0.039288716540556434
92492,0.1790378401390802
92493,0.021315158677671104
92496,0.008480592496531372
92499,0.029972236896768686
92500,0.010247776189983007
92501,0.08335946449397877
92503,0.020098515152279776
92505,0.0072237216868481675
92506,0.03125481527968316
92507,0.015690650024535777
92510,0.003661847315787832
92513,0.0030099354873419208
92514,0.004149685997273983
92516,0.024668612183684935
92517,0.0028974505557359405
92519,0.012206255345056548
92520,0.25294388693389097
92521,0.024481810637900545
92522,0.021122273857300373
92523,0.03927445243046394
92524,0.09093959414248115
92525,0.02048032354465161
92526,0.014787386490375792
92527,0.004503129109992541
92535,0.0035580950906161746
92537,0.004282439266651382
92541,0.009670881407969848
92545,0.008767904558771142
92546,0.0477450688325901
92547,0.039245170586848156
92551,0.025259238319383
92552,0.0035350968628201484
92555,0.004192464928441878
92556,0.005054550177271412
92558,0.011624462054183975
92559,0.0068635434553567945
92563,0.03045562075058729
92564,0.003664919687591968
92565,0.2446888952288107
92566,0.014135740672165487
92567,0.009038700143943578
92568,0.010514143659764068
92570,0.005130824194326048
92571,0.0037202676738739846
92573,0.003959991842850379
92578,0.0034993809518033595
92579,0.12780123943108793
92580,0.23279885552246554
92581,0.003580086418706951
92585,0.07575732065315209
92587,0.06578621459173695
92588,0.015158059984916183
92590,0.00291053921187146
92592,0.00931463080560702
92593,0.033353171051410176
92594,0.008535643228664387
92596,0.0048544049594541104
92597,0.22791577640098837
92600,0.009060163754191553
92602,0.058138722799697416
92604,0.07575732065315209
92607,0.02337788922295369
92608,0.015281253667248999
92609,0.0030441312815835935
92610,0.08511159506736687
92611,0.006253298605246201
92614,0.025808669762990507
92616,0.0071809102519058456
92617,0.004635792350284319
92618,0.0038929084816532815
92619,0.019650232917200222
92620,0.03176755985230154
92621,0.003806973792177555
92624,0.014641711649208638
92625,0.008191791293754887
92626,0.09066359806963836
92627,0.03857754367830869
92628,0.045379735910732015
92630,0.04616395480044863
92637,0.06346186084858106
92640,0.006250662204002467
92642,0.08616437717526053
92643,0.005138575593952253
92646,0.015416549618220969
92650,0.05832516196371807
92652,0.010682992063952413
92653,0.00462488581338924
92654,0.14873099511313856
92656,0.22383193100017248
92657,0.004728295148882797
92658,0.006874811653762667
92660,0.090256827071811
92663,0.15667685516947366
92665,0.0041983822249408815
92671,0.01918197782993909
92672,0.017844340110078103
92673,0.056366851897420585
92675,0.004269805158570427
92678,0.0032455445977314077
92681,0.003811643760200097
92688,0.004374122170469689
92690,0.10142214143837447
92692,0.17364165507133458
92694,0.0035745673299415366
92695,0.009480078875338678
92697,0.2542387233398494
92701,0.005525529419560365
92702,0.026092726083828087
92703,0.0035956597835973387
92705,0.15368345412447088
92706,0.004373972158756741
92707,0.008682801335106963
92710,0.0034955348011932426
92711,0.004205514305365562
92713,0.2436807893709254
92715,0.004940679640365588
92716,0.008782885967544644
92718,0.18693545278726778
92723,0.04684511832284311
92724,0.014259266170609006
92725,0.02223588470902698
92726,0.2519315263575978
92729,0.010553944843353995
92731,0.019056035455560862
92733,0.00629036301547575
92738,0.026092726083828087
92742,0.003783154073074737
92743,0.034380777268308176
92744,0.016976006172337618
92745,0.016430490344737484
92749,0.03860825824808189
92754,0.05821928247571806
92755,0.003785476222358119
92756,0.009796860347913505
92757,0.022497412255487893
92760,0.0030343127623680896
92763,0.009384200699013955
92764,0.013592497859198844
92765,0.07946041669246351
92766,0.2217920261541902
92769,0.003431367001385552
92771,0.1963396682711347
92772,0.0029668252171822667
92773,0.007932792164881476
92774,0.02890365631835143
92775,0.0032544984821597017
92776,0.009827508853249638
92778,0.2017997968587227
92779,0.0030069154276290222
92780,0.015622605440336262
92784,0.0077670456242831774
92785,0.022541314489588387
92789,0.004486632151264824
92790,0.02992089827108131
92791,0.011291982487457644
92792,0.006060886927417012
92798,0.02514540215665034
92799,0.004192099090724144
92800,0.019092393726085344
92803,0.2031428837280708
92804,0.0038662748011550237
92808,0.05540830817762765
92811,0.015591590022648285
92812,0.2594697493274261
92813,0.08431428383237322
92815,0.06763032801812799
92818,0.005503734000983924
92820,0.0037619378242200597
92823,0.003762920619995391
92824,0.030104202789497273
92827,0.020779903294564757
92830,0.010724175007690588
92831,0.0029047666273780168
92833,0.007308202239442176
92835,0.011235630418898579
92836,0.010555837868141876
92839,0.0038433475911196645
92840,0.08985477553160515
92841,0.0035820007591958244
92843,0.008746080860673595
92844,0.003768774097704558
92848,0.005219924268044844
92854,0.026092726083828087
92855,0.07606795110491926
92856,0.030711471240993275
92863,0.040617940198633205
92864,0.014449242328464727
92866,0.0290103107958297
92868,0.10104908178101019
92869,0.005237683938479652
92873,0.10715806408787565
92874,0.012236054445085192
92875,0.015655099013825693
92877,0.041493806368188633
92878,0.01441763885656205
92879,0.008252241575374108
92880,0.023042002138209623
92884,0.013952409087300086
92885,0.022284363520113187
92886,0.003393773944558369
92888,0.0036513005871136287
92893,0.003667181142225058
92894,0.007145418881088664
92896,0.009298584604151363
92897,0.0826276106195677
92898,0.06866017984576374
92900,0.003957286639854731
92904,0.09511415503366784
92906,0.2409505139853653
92907,0.28161160016374714
92909,0.0029059863850221077
92911,0.07164386673409624
92912,0.00513511693721531
92914,0.021742584886033662
92918,0.0032351815181330306
92920,0.034002663336129925
92922,0.0037933953082395543
92924,0.03221202904060241
92926,0.01731503591011042
92928,0.0037579835671329026
92929,0.17519471846076384
92930,0.3282479397709087
92931,0.02790492871763144
92933,0.05414861359421535
92939,0.0036085721572139515
92943,0.039070799715397446
92945,0.054195575820124936
92947,0.004428510970375862
92949,0.1235373434402638
92953,0.014605572344607916
92957,0.008933888935934603
92958,0.0029943519180228137
92961,0.03822625658018188
92965,0.005356344494430461
92966,0.06673471938269421
92971,0.013097898151436669
92972,0.019633500201884726
92973,0.007076363510168229
92978,0.013292372178711768
92984,0.007078337016527327
92985,0.06818534980932464
92990,0.024349293598640145
92993,0.0041402691778518385
92994,0.005293654666779723
93002,0.006485269960057361
93003,0.061740731516435284
93005,0.013847515800200971
93008,0.006806885961703677
93011,0.020671675587229148
93012,0.01845814627899252
93013,0.04570295040141384
93017,0.0036344961838551547
93018,0.008779677628838247
93019,0.09337381420043707
93023,0.04556183486834542
93024,0.003422613007921164
93025,0.03877195526675032
93026,0.014923743690112897
93027,0.00884718146361353
93028,0.012110346036510903
93029,0.0035285240072863225
93032,0.004478855699040873
93033,0.015876232407330368
93034,0.06774756597146882
93037,0.004767262503651233
93040,0.22728316349681035
93042,0.10867474313280236
93051,0.002932710974063202
93054,0.03137797068039833
93058,0.004826346927638878
93059,0.03596589568912438
93060,0.07117725873983607
93066,0.036302657539646455
93070,0.0037596287857238
93073,0.01420658780311606
93074,0.0062581567481950545
93075,0.1432372171129756
93079,0.026092726083828087
93080,0.031033771553150437
93082,0.013774543232370099
93083,0.03406218581229693
93084,0.031631882338863944
93086,0.0032711383503550152
93087,0.007535572895807854
93089,0.04450834959784355
93090,0.003584851490529185
93092,0.0029451737353550704
93093,0.00957451533997767
93094,0.07365891684252106
93095,0.005792776328843136
93098,0.0039989170474452485
93100,0.04199774379607015
93108,0.006946908256975462
93109,0.01264689102405205
93110,0.009945708025413622
93111,0.0038984303442903844
93112,0.00386506419450407
93113,0.09619794729095767
93119,0.011994485519602886
93122,0.09109150742919606
93123,0.11941703572725344
93124,0.008607169062615726
93126,0.011950206833299176
93131,0.09383911853291894
93135,0.04395965857833426
93136,0.0036361952887857484
93139,0.031274439323543304
93143,0.1918205894342262
93144,0.03983339737890561
93145,0.016896284086713176
93146,0.03826772862562267
93148,0.007255140068576508
93151,0.014653463626483515
93152,0.0036727821061227368
93157,0.21280273974575983
93159,0.023566618325462658
93162,0.04359511294084802
93164,0.22251736905400227
93167,0.043065741361538463
93169,0.003502734666709251
93171,0.008239575153868462
93173,0.04039997318232496
93175,0.005120184934927689
93177,0.015463958193122272
93179,0.003545895683035975
93184,0.2561000824845214
93185,0.009942228322268513
93191,0.012652959281153172
93192,0.010247213830404327
93193,0.014083143261760958
93194,0.006267909655491544
93195,0.007649829665617752
93196,0.09719903442024812
93197,0.014413378959820962
93198,0.003885089223001683
93199,0.051515122124119975
93200,0.014163287227386108
93202,0.012264773701504863
93203,0.0042002007589607825
93204,0.004057922744976781
93206,0.004035258549085635
93207,0.045469650130896676
93208,0.004058607607693566
93209,0.018310231709476932
93212,0.006101297032650349
93213,0.0029436426345476226
93214,0.005649671659973398
93215,0.013336322460651945
93216,0.01812193018032829
93218,0.007099091856941786
93219,0.00880371445630035
93223,0.040916233158027296
93229,0.0036395912512415226
93230,0.029861465639004183
93231,0.007250961501342466
93232,0.08453936778122607
93233,0.028818819829298976
93234,0.003385658848635294
93239,0.1163210438383805
93240,0.0039727988825656495
93241,0.0030257078009412776
93243,0.049171248890876464
93244,0.04638823957345658
93246,0.0036336417673637936
93247,0.0067673102377685075
93248,0.1810864621502345
93251,0.038918754430519044
93252,0.00444197550104499
93253,0.030794390251290035
93259,0.003561896791078407
93262,0.013207571050299249
93265,0.07650797643799558
93268,0.02369975516999915
93269,0.007154337107820678
93272,0.14902591341208601
93274,0.015634623628357713
93275,0.1647735976680608
93277,0.05098366117258358
93279,0.016958283043068914
93280,0.025040978936628492
93281,0.014668312539111177
93289,0.0071641903886553
93291,0.01330173050077808
93293,0.014942417659910948
93297,0.05879972581266162
93298,0.003036041080425771
93299,0.0034287591700498106
93302,0.009111581517284828
93303,0.08871321147703455
93304,0.01468023920217991
93305,0.018817996919295886
93306,0.004227669034072541
93308,0.01812612174116689
93313,0.008093548735797646
93315,0.04664333202719892
93316,0.04121850115884675
93318,0.03894096399809417
93319,0.01318169038555798
93321,0.006287550356032608
93325,0.005756280568344117
93327,0.0038538509804505435
93329,0.15727472627872338
93331,0.16678828144383057
93332,0.027199379148196753
93333,0.035940138785955256
93336,0.02156635714317003
93337,0.18741331390900876
93341,0.25370999803886285
93344,0.003567222562405899
93345,0.009871550648649828
93347,0.03699296579266188
93349,0.01036340081790634
93352,0.002932546471776925
93356,0.011235582361272579
93360,0.0029785820242178847
93361,0.10926948986074299
93362,0.005078314179937281
93363,0.01829210953144863
93365,0.0033925674745533692
93366,0.0038288644579097956
93367,0.011682036793681662
93368,0.04068760423756726
93372,0.017370735070516403
93373,0.06030605247993889
93374,0.005092314544684075
93375,0.004438813346341028
93378,0.08406348284729638
93379,0.009903255836452466
93380,0.008627044196981735
93381,0.10226249314076478
93384,0.24881412058141084
93386,0.005754922327853496
93387,0.14290235624668712
93388,0.003659766512486573
93389,0.28791836679124644
93392,0.01145525364311664
93393,0.08208408757984514
93400,0.013482227604394232
93401,0.004590160999563484
93403,0.005246038295473834
93405,0.026092726083828087
93406,0.022249066904598918
93410,0.05853672421569666
93411,0.015812068053403006
93413,0.007428550825572273
93419,0.011742204062887266
93420,0.006403528129302272
93421,0.04303417245353933
93422,0.014262592892770681
93423,0.0029481239036809816
93426,0.0046562079146030425
93430,0.008705298238046529
93431,0.01851019713531877
93436,0.0038191274477949143
93441,0.0032491105357348375
93443,0.0036615269729638757
93446,0.024150581233023875
93447,0.009435898981220936
93448,0.030774893936973826
93454,0.09962182777232254
93455,0.00938195522823505
93457,0.0038790828124604074
93458,0.022760261407522332
93460,0.007684712070201822
93462,0.04117088850364285
93463,0.03947529920648406
93465,0.011275489035389878
93466,0.005424226307147095
93468,0.015506852702087395
93471,0.02461854719376494
93473,0.03318819460094491
93477,0.10152774542913588
93483,0.006885714713922077
93484,0.004054926987297205
93485,0.031530202061390344
93488,0.3421885398551792
93489,0.004975149422953315
93491,0.006468360418455271
93492,0.003598252646825299
93493,0.010456940740638559
93495,0.010009167568636252
93497,0.0029128602513983914
93499,0.012286768135296746
93501,0.21021820219817816
93503,0.014990185305660828
93504,0.033131793115185174
93509,0.007185639967255034
93512,0.004055120981136463
93515,0.1302395472049932
93521,0.038472417582097025
93523,0.01255689678058573
93527,0.005217634101961833
93528,0.0040593975642114945
93531,0.012883985312082758
93533,0.003729826898881798
93536,0.025026487594135238
93538,0.03629599834966895
93539,0.004030629943498785
93541,0.0030185576733223205
93543,0.007719917536041197
93545,0.17453298512431778
93546,0.002871941956258338
93548,0.1978552808343922
93551,0.006286682234723834
93552,0.008834095680727268
93555,0.03158688082123145
93557,0.006375229532488991
93559,0.0038525375383451116
93561,0.032097278542437865
93563,0.003467665203139701
93565,0.005637148461866965
93568,0.02692257066323826
93570,0.003124128156301258
93573,0.07253358105723585
93575,0.04223162280522906
93577,0.004191648843470401
93579,0.008350024722224953
93580,0.010205885949919235
93583,0.03464358543883891
93585,0.01424987496228126
93586,0.009575408731916502
93587,0.0029322228095225444
93588,0.005681679235768267
93591,0.016692857509070447
93592,0.03153751074250397
93594,0.022413067442601336
93599,0.04942759552848125
93603,0.004804257689196506
93607,0.0038550403470936014
93610,0.0166374472499832
93612,0.0030597866112380477
93613,0.09723294482320287
93615,0.0033477118427031123
93617,0.046432169700345347
93618,0.19885166231915327
93619,0.03188061692338065
93623,0.006823963501374717
93624,0.003966586091443361
93627,0.034209389349922764
93631,0.09896566441439358
93632,0.04497506385977743
93633,0.03702369285475138
93635,0.09086221353904916
93637,0.023919652837333605
93638,0.010745630734459596
93639,0.003808619107660125
93641,0.05993988646635118
93643,0.03190776085464357
93644,0.004002467225722555
93652,0.00399833202721087
93653,0.02951809375138676
93661,0.004395880481278288
93663,0.03709212032791438
93664,0.005212360140678494
93665,0.18200563604874417
93666,0.004659790030938954
93667,0.1044615192510806
93671,0.054044590243460755
93677,0.026092726083828087
93679,0.003646584579158348
93680,0.016489817035751544
93682,0.10139280175621783
93683,0.019648441093434447
93684,0.14842421971117375
93685,0.008022196015075382
93691,0.20165370969842414
93692,0.004946771431815132
93694,0.03568853693977091
93696,0.02739120335931962
93698,0.010344987863246152
93699,0.0041829323014306065
93700,0.032763681516139856
93705,0.0035862046189332314
93707,0.006115971683423352
93716,0.004802118721838792
93718,0.035002497626032025
93719,0.004073784749146095
93722,0.008968063725799646
93724,0.0179287487502402
93725,0.08294341199427809
93731,0.007533213610769292
93734,0.11065309043835893
93736,0.005008511947783005
93737,0.009311046237644909
93740,0.010654447395789
93743,0.026092726083828087
93744,0.010856509166352831
93746,0.003068425032280714
93748,0.006029188124644186
93753,0.013317280997800636
93758,0.0036181409883906555
93759,0.12691546914437493
93760,0.012901703977538896
93768,0.0049811054190091976
93769,0.023077117427398732
93773,0.03634091359053288
93775,0.014437227658467095
93776,0.08063647322056665
93779,0.0034398112759593557
93786,0.21115367877680433
93788,0.008712298092021809
93789,0.0038714729807270516
93791,0.002966831463471699
93793,0.014665693163699572
93794,0.01903793486166779
93796,0.004298177407152335
93798,0.10949150769477142
93799,0.019285234104867943
93800,0.01611574000357723
93802,0.00425081666383501
93805,0.003184035884514913
93806,0.029287433135010015
93812,0.011321449882760447
93814,0.0396739502986272
93817,0.013922875731734544
93821,0.0041418156429317305
93822,0.03769113938727
93829,0.008574020035360288
93833,0.05825810945047721
93834,0.00353789780378657
93836,0.006477042818275056
93837,0.1026340690818081
93846,0.05277106482067951
93847,0.1727560287942314
93849,0.01747879963440293
93851,0.11029946057203428
93852,0.015804245903950534
93853,0.10650162482994523
93855,0.003707219632237739
93858,0.17977618391910058
93859,0.0028915776764366643
93860,0.005317080433291155
93863,0.08509992958732385
93865,0.017550082945018194
93866,0.010327264038404817
93869,0.036930783827721386
93871,0.0885475634543064
93872,0.0056607707981819345
93873,0.19318538053031437
93876,0.0039078487150971015
93877,0.003603076076507116
93878,0.010288257952198633
93880,0.021367395648919377
93881,0.1771974842253553
93882,0.009941487664899037
93886,0.0165774153631072
93887,0.2321103678807964
93888,0.003081566083784479
93889,0.07580942940139383
93890,0.029871148018800146
93891,0.003475650768873731
93894,0.002963198635766018
93899,0.0031504411419569825
93901,0.0033827157830748525
93902,0.0898115497372388
93903,0.019849493139674473
93907,0.005572642824888059
93910,0.009042877056828026
93914,0.00827758792014059
93917,0.0917096851466633
93921,0.010933081050761267
93925,0.1010361489605844
93926,0.005603263728190179
93927,0.04252467026438759
93928,0.0037081997869124685
93929,0.003372738604448415
93930,0.010732485012730322
93933,0.029534797247321994
93935,0.007677715050407713
93936,0.0060606894246420006
93939,0.05799006587384373
93941,0.0028915777014487188
93942,0.03228675090619617
93943,0.0027859666617055822
93949,0.004038946468041391
93950,0.003711605918655708
93952,0.0790773464149308
93954,0.007665547689322665
93956,0.026092726083828087
93957,0.08484062426956879
93960,0.08827458974512133
93961,0.03641939512853521
93963,0.005557741187800984
93966,0.00884235279761378
93969,0.0036060975014010114
93976,0.04703207156333769
93977,0.005460429283759899
93978,0.020674886931121496
93980,0.012677836038647161
93981,0.002893287047932719
93982,0.003081952357062208
93983,0.003525751125643271
93985,0.05558075387971773
93987,0.01935819727792327
93988,0.002936171271966128
93990,0.026092726083828087
93992,0.004659673484385267
93993,0.00784987616697222
93995,0.002916379071767542
93997,0.003609642060143246
93999,0.007794913913929925
94000,0.07172926745041065
94001,0.20959947519656574
94002,0.1650318496802688
94008,0.008782622159695842
94009,0.09957538422143718
94010,0.019586062440959267
94011,0.01155153950952329
94015,0.08417250836729738
94018,0.19487608306703202
94021,0.08042181365935841
94023,0.016720522333772542
94024,0.0049501212510303936
94025,0.00650889939484452
94028,0.030490894179520747
94030,0.04843899371701326
94031,0.061250686403692134
94032,0.044660726972698614
94034,0.0068418191859431435
94035,0.0038405218809675185
94036,0.06892035878656529
94040,0.006249119294654701
94041,0.020369618253274917
94045,0.016680013213940612
94046,0.03306111989352095
94048,0.018587915730116394
94049,0.0592089086404616
94050,0.002966125672708901
94051,0.009602359676565943
94052,0.003539973136918337
94054,0.0034939863813379848
94056,0.0038739323225959145
94059,0.18871713734878287
94060,0.008916042772338388
94062,0.00508956459321516
94069,0.04280270175513748
94071,0.014882348934075817
94072,0.31823671642816076
94075,0.011530060314589433
94076,0.02901871876301902
94078,0.005755544439306376
94079,0.09797482648946285
94084,0.03283096239598091
94085,0.002932710974063202
94086,0.0036267494272891336
94089,0.004219114955359609
94094,0.003758271139092589
94096,0.034223976027488376
94097,0.037686935698255715
94099,0.010636543550472366
94101,0.04113254537961738
94102,0.0033686620285872377
94103,0.03455916753886704
94104,0.0036332558657138155
94109,0.0035357888558312928
94110,0.004316019295716982
94111,0.006879865281516085
94116,0.009261876175566062
94120,0.0034939902149439253
94121,0.036440470055808236
94124,0.028550800536628937
94126,0.01556651644790654
94128,0.2334093742383937
94129,0.009718442059154961
94130,0.008480097008308212
94132,0.012865365731381456
94134,0.0041540600156352095
94136,0.11721846196074698
94138,0.004045872425657841
94139,0.00337242111572578
94140,0.03657641094773062
94141,0.004835071873309877
94142,0.02330962814986126
94145,0.03106227016967118
94149,0.004942298931150468
94151,0.014131181166389102
94152,0.0036653084197817904
94155,0.026092726083828087
94156,0.005161267771052515
94159,0.03645122174652581
94160,0.0036038493817464336
94161,0.05603127676688312
94162,0.012396121779916178
94163,0.00483113990730774
94164,0.009448225959222617
94165,0.22605426155248914
94167,0.09267048771855413
94169,0.0037609598087798915
94170,0.12207553799445982
94171,0.008832087295120843
94172,0.004777022726615901
94173,0.032435955626801474
94175,0.012154014641762748
94176,0.003683682332514467
94177,0.08119182470589305
94178,0.10593622183622532
94179,0.003929138208631413
94181,0.005425237381995409
94182,0.004691183383979189
94184,0.011859582021813034
94185,0.011539228976571435
94186,0.1276755262075696
94189,0.08810940604036097
94191,0.005167171088138907
94195,0.00306880697153091
94197,0.0040459340145825515
94198,0.043407060192038195
94204,0.03950619155734634
94206,0.03164464088105255
94207,0.003505771523855398
94208,0.00465152722675917
94209,0.014129015047059096
94210,0.023981037705873856
94211,0.015272932929696675
94213,0.025688593680705408
94214,0.2017997968587227
94215,0.0045872820494553814
94217,0.006003419521223599
94219,0.0076831956270297245
94222,0.04467112624066534
94226,0.034719777071214916
94228,0.049140058775658524
94230,0.0829187319871323
94231,0.03756244336313396
94232,0.08243842401436295
94233,0.012609559551644597
94240,0.16121120387006652
94242,0.010095609725974028
94248,0.17351473335738554
94253,0.006792953773754575
94254,0.011859238219676929
94255,0.024731391118313736
94256,0.07450201723868077
94257,0.016267592383541068
94260,0.00375681325832174
94262,0.02346156710025301
94263,0.027320063160449066
94264,0.0037057147701383734
94266,0.0029741924355954344
94267,0.0034994133188929735
94268,0.0038713266564681754
94270,0.2192215813108761
94272,0.03984849704564105
94273,0.005613427021921167
94276,0.005424678797035324
94280,0.004582265582432158
94283,0.00430608496560981
94284,0.03874605206895583
94288,0.04784696297415721
94290,0.015191420122641587
94291,0.033357148144661584
94292,0.007007223195271816
94293,0.005504323229521605
94296,0.017718673463522794
94298,0.024273406574171284
94304,0.07625940614520271
94305,0.0036541242296775655
94308,0.00387412108540603
94309,0.00426441650811504
94313,0.006770976979559299
94314,0.0038394898186669447
94316,0.19541955160547106
94317,0.06317631918488459
94320,0.05497729266648571
94325,0.0054701216962291625
94326,0.004051387976330474
94329,0.031522951722336934
94333,0.004747971368530076
94336,0.011704862284946738
94337,0.007105028506590261
94341,0.012415476995912018
94342,0.008515405738526553
94343,0.10841202406612602
94347,0.014057933000560697
94351,0.011834260835196946
94352,0.1052977058112921
94354,0.01104603581927189
94357,0.2509908561218774
94359,0.003423096735114716
94360,0.04675140001856658
94361,0.025113917622338493
94363,0.036584838350417086
94364,0.011658613683854686
94365,0.00877780224014677
94366,0.004010450919910833
94367,0.10628341445538377
94368,0.004787818745271346
94370,0.024859132321059428
94371,0.1472611498170699
94372,0.021255580597915907
94373,0.1647735976680608
94378,0.13267352876300403
94379,0.006962837587902519
94380,0.02737452285368166
94381,0.020295349950127967
94382,0.010940023067779914
94383,0.14800549305683502
94384,0.11945183730488912
94385,0.14099794841252714
94388,0.010125045041455458
94391,0.009357269630271859
94393,0.1143419857958959
94394,0.0032031795594947834
94398,0.05689556810263606
94399,0.007128032613895244
94400,0.05609134391657397
94401,0.008625904583675814
94402,0.012106106493761691
94404,0.20712752227693776
94406,0.03713003034272257
94407,0.005001382189296741
94413,0.004036790419315924
94414,0.0102702357560649
94415,0.027078697386630796
94422,0.003598442164895027
94426,0.005705271373105245
94429,0.20262333078802372
94432,0.0186642078567513
94435,0.008780165854274033
94438,0.0029901172950550863
94439,0.056768714788207664
94440,0.016736249594052597
94441,0.022621257633857236
94443,0.004956939589218486
94444,0.006626804098559781
94446,0.010723503947339438
94447,0.06516933069344201
94448,0.009919036115456272
94449,0.012848643655902565
94451,0.016587671979364317
94455,0.045507226858432115
94457,0.002944081959357088
94462,0.03503967144191765
94469,0.01486100397460532
94471,0.005217030771672573
94473,0.004638131401469459
94474,0.003160433426840978
94476,0.17751094679348442
94477,0.005594458942347295
94478,0.010719472226038473
94481,0.138904654158447
94482,0.014214957369564303
94488,0.23950094717412895
94490,0.026092726083828087
94491,0.014360563779234314
94492,0.008729316624643255
94493,0.006982116416325463
94494,0.03404797231753302
94495,0.006889844573491836
94496,0.18136776311799022
94498,0.007273148725689188
94501,0.037504194670954456
94505,0.07928791709025573
94506,0.026092726083828087
94509,0.19986635923687066
94512,0.0087739579097344
94516,0.011075692995681879
94519,0.0037111351108024813
94520,0.08824334456740993
94522,0.0061562515366830805
94524,0.02309112625812576
94532,0.003779086693057097
94534,0.007868286500998778
94536,0.03699201531709211
94537,0.013926772641046697
94541,0.24279123032573055
94543,0.004901048904927845
94546,0.025706913240444364
94549,0.1295822703795832
94557,0.009891902835929119
94558,0.22394554434837488
94559,0.013676510118802393
94561,0.20720698123865736
94562,0.037838229021016065
94563,0.01405536582349031
94564,0.15197859296302238
94566,0.14455817811524646
94568,0.0369505016845903
94569,0.0038413425568141926
94570,0.07724400324327241
94572,0.014281208788883925
94575,0.08286582817710357
94577,0.03189351795665958
94579,0.0035431105377945363
94580,0.016034111367373514
94582,0.009214447024500708
94584,0.009874817098866857
94587,0.03450618049072094
94589,0.04825695767763541
94590,0.017803476458876307
94592,0.042382950768112694
94594,0.005139756818171491
94597,0.22630707022082594
94599,0.0032653773633358587
94600,0.19102541818094051
94602,0.035260988016992664
94604,0.01273270050424228
94606,0.3125955143366062
94609,0.006207010462488391
94610,0.058657958721502895
94611,0.015746290052271024
94612,0.004123604809618633
94614,0.01932055318247525
94617,0.004083148402196592
94620,0.08839822016246371
94621,0.016702632418451727
94623,0.006468719246153034
94624,0.004202029225096991
94625,0.031865610329798726
94629,0.02834029738078645
94630,0.08593519080218717
94631,0.0034385031082220206
94636,0.013464235499595982
94639,0.0034223560474807603
94642,0.003855863204722888
94644,0.05099542909126617
94648,0.005359223474432446
94649,0.2538787710521234
94650,0.07262721514471006
94651,0.011873872217367175
94656,0.005252149124483302
94658,0.19951198016920152
94659,0.004965576721716658
94660,0.06846298030400222
94667,0.0168709475630176
94670,0.041436579956214824
94673,0.008998587431951512
94674,0.007540455935781454
94677,0.035689958248928316
94679,0.012189507559188236
94684,0.01817918955146545
94686,0.06414234531135425
94687,0.0029451737353550704
94688,0.03308588679207717
94689,0.00818834102559201
94692,0.011743855168436105
94693,0.00596920591315666
94694,0.003765019058334413
94696,0.012534083793365031
94697,0.004781553989831102
94699,0.03173048358824635
94700,0.21009471501095017
94703,0.007628669025478951
94704,0.026092726083828087
94705,0.004639884372284376
94706,0.023473531102538355
94707,0.005325713296118367
94708,0.018586270331177292
94709,0.008673760766853342
94713,0.07207394609335702
94716,0.19465290513993144
94717,0.009096770000878635
94720,0.039179615340042655
94721,0.010946065423535224
94725,0.004309969797630082
94726,0.003495083136326905
94728,0.07861121001998186
94731,0.010468297768827885
94733,0.08837632221365564
94735,0.004381806397648574
94737,0.0029825492667282004
94738,0.003527964097484684
94741,0.009265217293514861
94742,0.06372584463864307
94744,0.003014932240620723
94746,0.00668411767809142
94748,0.0038304108012835723
94750,0.00909683865407732
94752,0.019250071584720894
94753,0.04433103934568974
94755,0.01536147157373157
94757,0.26316988249287054
94758,0.003554539712697319
94760,0.003583180528719175
94763,0.0031492352448547543
94764,0.003894142163553665
94765,0.005205625929953371
94766,0.011547079479992225
94767,0.020271133335655833
94769,0.006210577993407542
94770,0.003970604447279172
94771,0.004123604809618633
94774,0.04493595351216675
94775,0.003661392881522171
94776,0.003900901522932695
94777,0.023710843132698032
94778,0.0029472541330758384
94779,0.04382113720938398
94780,0.0029559292918844996
94781,0.1941477376815709
94783,0.02623269780115065
94786,0.022330502052507643
94790,0.004905098897547842
94791,0.0030083910993969716
94795,0.025986863253403977
94796,0.003992715501445042
94797,0.06225174106271115
94798,0.18971660646184296
94802,0.16158422727281757
94803,0.050771002021663784
94804,0.03141783969370401
94809,0.00886875875432816
94810,0.01630209905467606
94812,0.09841329942667258
94813,0.020858165017603632
94816,0.020931571607700032
94817,0.016451025123798795
94818,0.020584333923007733
94819,0.009952387402405321
94821,0.0034740866353715717
94823,0.06513534842749
94825,0.2239254428196237
94827,0.014678687652134514
94829,0.01640610049066416
94832,0.082970968766802
94833,0.014281373209530027
94835,0.12628190540079193
94836,0.007028821018976495
94837,0.005826462506133353
94838,0.0034226736802296133
94839,0.003956579031345159
94840,0.022299847789375427
94844,0.004054436325645146
94847,0.04746386032481577
94848,0.031399651609585896
94849,0.019266636989019554
94850,0.016767405456591306
94852,0.003923663722281234
94858,0.005209207862783001
94859,0.007948374380685616
94862,0.0038396091551906658
94863,0.03625770544555555
94869,0.004066705881108865
94870,0.009889493533493868
94871,0.019455318170090247
94873,0.0029678070012007954
94874,0.003329796953037624
94876,0.02360525508001829
94879,0.017025129899116233
94882,0.007254605138825549
94883,0.09071993402764697
94885,0.0038039736464384505
94889,0.005782519128412844
94890,0.011420201122820868
94896,0.19471110468232297
94897,0.00576321388308617
94898,0.003801168761567391
94901,0.04633806335049637
94905,0.019120633430936094
94906,0.01285154370497725
94907,0.053717124138041104
94908,0.004014502069688661
94909,0.006445870066219662
94910,0.00400313835991464
94911,0.002997010030246787
94915,0.21909943755308806
94918,0.004450396096080832
94921,0.1622627660036602
94922,0.003984125956277878
94924,0.005243109225660386
94925,0.0792616502199696
94926,0.0040146459721112195
94927,0.026092726083828087
94928,0.02009780107955933
94931,0.0037682093849737155
94935,0.07575732065315209
94937,0.005895732691541237
94938,0.007969494979163607
94939,0.017326947159933846
94942,0.0053909253377179885
94943,0.01520477856883247
94945,0.0036505759954008257
94946,0.2058538364150994
94949,0.01074337162972223
94950,0.006936361667078381
94951,0.005958535414246163
94952,0.0030867638273159746
94957,0.004113842632849724
94958,0.10236621204243646
94961,0.01831033636855504
94963,0.01262380525281437
94967,0.04878485564384985
94969,0.041189626146701235
94971,0.047998093411296135
94974,0.16169537924684552
94976,0.06514201183147897
94978,0.18699004524296456
94983,0.021347197974253922
94984,0.015114759938573837
94985,0.008834231724076444
94986,0.013370142125122173
94987,0.02070914619748795
94992,0.04923595275561854
94993,0.037221069699794336
94995,0.004325628897090131
94999,0.016178155855172197
95002,0.0038713266564681754
95003,0.0036690186127019096
95005,0.01332224622757176
95006,0.005301078254379172
95008,0.21489802220415266
95010,0.004001912354838985
95012,0.003353570074847493
95013,0.004499095087877116
95014,0.018948985286513665
95015,0.17743561158385762
95017,0.0033004796675913718
95021,0.008705784413019205
95027,0.0035884587128473693
95028,0.08926097613266203
95030,0.010171350360664551
95031,0.010852977602161952
95035,0.003681375415857847
95037,0.033268411784581495
95039,0.017609565115572736
95043,0.2792129029266159
95045,0.013128313305970493
95047,0.05127892140907136
95048,0.007421783750740617
95051,0.0948965627932435
95052,0.10163479907662124
95054,0.011743866393853658
95055,0.010229238636595726
95059,0.004391590147403246
95062,0.003938787865198888
95065,0.0037617700738692803
95067,0.046050416516903905
95068,0.2234083494039284
95074,0.0077594166829152095
95076,0.0029240259559895395
95078,0.1349678605870314
95079,0.0213941544524471
95082,0.008716679001443675
95083,0.026092726083828087
95087,0.012479648396973278
95088,0.04012496326710822
95090,0.07027319385227751
95091,0.011644354585733988
95093,0.24859644244423965
95094,0.0033208674863635297
95095,0.010141724375452982
95097,0.006777394071793424
95098,0.0033649153702600063
95100,0.006054312662527375
95102,0.07075737473212239
95103,0.017627062665397895
95104,0.045141479691103534
95105,0.00317578475420333
95107,0.003693346759658473
95108,0.051300250361646094
95109,0.022229226132228976
95111,0.005470417799331662
95112,0.005234585238591049
95116,0.03760420611702313
95117,0.008567619133122742
95118,0.059486900854458256
95119,0.010085095828217983
95121,0.004621781576805335
95125,0.0036101562568303857
95126,0.08729678364653441
95127,0.18098384735586928
95132,0.010213862669604588
95134,0.018788997480328563
95139,0.016439839882217207
95140,0.0060373914157558104
95141,0.2073490255693334
95143,0.00698483718726965
95145,0.006308296827400321
95148,0.05246843577033895
95149,0.021322773287520535
95151,0.0037407101047891057
95154,0.007939228566616949
95155,0.1240458484492682
95156,0.024529588179220487
95157,0.12536893174866412
95160,0.003486576367158161
95161,0.0038713266564681754
95164,0.017023217910380688
95166,0.0054735060740654555
95174,0.05250464705316763
95175,0.0682631920751213
95179,0.17654474891724972
95180,0.005354281204849026
95181,0.003408981998583329
95186,0.01144147874408294
95187,0.01677617454743496
95188,0.002980494157279849
95191,0.003991412709381466
95193,0.1502569308813597
95195,0.015130550914936862
95196,0.01479127670549379
95198,0.020381873176427024
95200,0.02051446335189156
95201,0.06276856460886979
95202,0.03681124127691697
95207,0.003081037766557262
95208,0.004562765612075915
95209,0.0037965982569854472
95211,0.00579322178710823
95212,0.0075561643791413925
95213,0.003107643402179879
95214,0.020665787364016548
95216,0.009735012830987086
95217,0.011038685759281165
95219,0.006465985773739556
95221,0.042047123340881294
95224,0.02551406809104118
95226,0.007981437216740123
95228,0.12409506419552545
95230,0.02800212248519251
95233,0.006091210376734083
95234,0.0048882970194236075
95235,0.1961301114227955
95237,0.01113255312675226
95239,0.1751280938970701
95242,0.009178464906767051
95243,0.005726616458202782
95246,0.018074918694011406
95248,0.018697794968866605
95249,0.0067448305021602295
95250,0.008617222457589226
95252,0.11761240741352956
95253,0.399986222878212
95254,0.004362058687850075
95255,0.04389173895837642
95256,0.006907880186598548
95257,0.02364925033552494
95264,0.10310860599479575
95266,0.023992755247023507
95267,0.06144088826931526
95268,0.17653375813177052
95271,0.014395735581305757
95273,0.03390490606987617
95275,0.023810355801892096
95276,0.023715363267751033
95277,0.007549932004046285
95278,0.0038416528704351485
95279,0.010867044669849259
95280,0.003464056958956049
95281,0.02750698079641228
95282,0.16285751773810808
95284,0.0045347629821196195
95287,0.0359620418243745
95288,0.003256993640762318
95289,0.005553879450258817
95291,0.03461471593262837
95295,0.015067980684899842
95299,0.01051237988681523
95304,0.0029434606853457374
95306,0.004462528905392184
95309,0.03178070565123505
95313,0.008172474786247932
95316,0.07371218118833686
95317,0.003989724015214067
95318,0.003743797864996118
95319,0.0037174362658784496
95321,0.10007328106677991
95322,0.014666736379456487
95323,0.0983366109768415
95325,0.010290891221723142
95326,0.01602139948376552
95328,0.017178079765556506
95330,0.003447381061731099
95331,0.03384404254480099
95333,0.015233471021326684
95336,0.03455790130829726
95338,0.0402870398370876
95339,0.004716360546178151
95340,0.0658149884711641
95341,0.0036161894552112104
95342,0.005797242644324936
95343,0.00775230190099259
95346,0.04575542221771967
95348,0.026092726083828087
95349,0.025387403163202343
95352,0.04535602996084254
95353,0.026092726083828087
95354,0.14698998722068843
95355,0.04542870568493014
95356,0.026092726083828087
95357,0.10355823917622137
95360,0.018951092518429517
95361,0.01298685615613968
95364,0.10800402285666544
95368,0.00471063795698144
95371,0.006251450080911083
95372,0.0040855149105568445
95373,0.039922349971226456
95374,0.3071875797721443
95375,0.19781671568427658
95377,0.009573285374572917
95381,0.03613542617306922
95386,0.16169537924684552
95389,0.03423992323802497
95392,0.00460007995566643
95393,0.021921305342266387
95394,0.19686680071885393
95396,0.0679452681572788
95398,0.01087857503931073
95401,0.03459537651067348
95402,0.005512858636390291
95404,0.026092726083828087
95405,0.023175034560895466
95406,0.0041228690943657
95407,0.04872125639674598
95408,0.05127847957793695
95410,0.06860329603034111
95411,0.016835610852983626
95413,0.003041568163788708
95421,0.0457286228026487
95422,0.04007240864517434
95423,0.010746546890127398
95426,0.19092952161399535
95429,0.006249323949579712
95430,0.005544998788674486
95433,0.03870340378217767
95434,0.17654240295774687
95437,0.019953200538385042
95438,0.0049914960821527835
95439,0.04996028470497212
95443,0.005324850000188115
95444,0.009890144182324267
95446,0.10274372948956512
95449,0.011877734497391101
95450,0.02311676733912706
95453,0.20219086833201716
95457,0.008261540497827131
95458,0.038686881371929945
95459,0.019913542875114657
95462,0.029816235874226882
95463,0.0029322228095225444
95464,0.2002396874883712
95465,0.023552019573199013
95466,0.007635107922543253
95467,0.019976673091596897
95469,0.028125283316794238
95470,0.0038935242460483616
95473,0.1507315305581327
95474,0.011375452402330748
95476,0.006380428109003812
95477,0.164772259347212
95478,0.004306822169714583
95479,0.026092726083828087
95480,0.004334541295214754
95482,0.0775459358134221
95483,0.003301552209996647
95484,0.022980694549162527
95485,0.004496301949194867
95487,0.006321876056354073
95489,0.009928437693415598
95490,0.21481230645069532
95491,0.010079931662880069
95492,0.013643860036981124
95493,0.003971203851957484
95497,0.04484986589462414
95498,0.005669767983234521
95502,0.008771513459050567
95504,0.22696956213365835
95505,0.045496970686325654
95508,0.004566330062929128
95509,0.005589385482921193
95510,0.18246797209984622
95511,0.0966767776994032
95512,0.0028599419569389746
95513,0.0829173613070561
95516,0.015335544294652524
95517,0.007130299589379807
95519,0.09372404909988079
95520,0.009402877269988837
95522,0.007393077926450282
95525,0.006390256523592351
95526,0.00433003449426591
95528,0.0038039771793847792
95530,0.2239900499150887
95532,0.00839267756488481
95534,0.0037632663622042006
95535,0.0027991270180337193
95536,0.0030154604329341384
95538,0.0040826999145725466
95539,0.0028727836143076025
95545,0.009007051351781625
95546,0.08593502288372111
95547,0.006176392244321412
95552,0.026906402392119225
95555,0.0035247306542320763
95558,0.08938477307009747
95559,0.04890339184745643
95560,0.025609215102366138
95561,0.017858590200275935
95562,0.0996469240995186
95565,0.005394322342117595
95566,0.18463811963450194
95568,0.005196190801008845
95570,0.01925923595983857
95573,0.003971957056028785
95579,0.011318311273885297
95581,0.014110948205085468
95587,0.018897584541765697
95589,0.02902628787795112
95590,0.09372931113557266
95591,0.05532146518434567
95592,0.030953987381845703
95593,0.005967946527656335
95594,0.008784620111202002
95596,0.004200103693817419
95598,0.11162410609672
95599,0.036665039435460844
95601,0.0028338701441401343
95602,0.002831594529393101
95604,0.02329857980244973
95609,0.03538024275503328
95613,0.04840194159996355
95614,0.05076478174709191
95618,0.03531390014608976
95620,0.0036966407303627934
95621,0.0425130328767472
95622,0.10239969621520907
95624,0.12833163522180466
95625,0.06702571705042508
95626,0.005131258384211427
95627,0.01577544936127805
95630,0.19711166393435436
95633,0.18961073755936944
95634,0.21799659999580737
95635,0.0028982026993046982
95639,0.012323205661253412
95641,0.09879675542502211
95643,0.004929959502932852
95644,0.004763192142894331
95645,0.009932488461039475
95646,0.013429753219354822
95649,0.025927546476072087
95650,0.00427434330487269
95652,0.0060669641706822
95653,0.0052025825063159396
95654,0.013716479901450833
95656,0.1990956067115618
95658,0.005907862187477195
95659,0.004150610974504514
95660,0.015825115955228827
95661,0.0031761095410828394
95668,0.0472286201670176
95672,0.061389049347799825
95673,0.08690222644398671
95675,0.010213799205269474
95676,0.02596098378699225
95678,0.09115207478292388
95680,0.022508684920036392
95681,0.02329031893614702
95682,0.0037536108117954977
95684,0.0038047191197280025
95685,0.052257529502369324
95688,0.0042061849793279425
95689,0.15505512375866315
95690,0.006393660080293689
95691,0.003319804168986413
95693,0.030271738615964494
95694,0.019599326579363672
95696,0.037130814461370315
95698,0.01132871685140512
95700,0.023708020943767207
95701,0.013746794759295395
95704,0.009214800228892251
95707,0.02860558707180374
95708,0.05870990167900748
95711,0.051365962697601256
95714,0.006240362289437312
95717,0.18261879578022885
95719,0.01685861399180364
95721,0.0383391060904834
95722,0.030370675247626745
95724,0.0064404402954369305
95725,0.05860468086372496
95726,0.0029745149812081817
95729,0.003464744180922752
95732,0.02973117684126336
95735,0.017269796675305177
95737,0.01117098630827065
95738,0.005470424602619631
95739,0.08809826655845386
95740,0.003312103925330677
95743,0.030690010081743737
95744,0.010394877557216896
95746,0.008697923750193556
95747,0.07026771704993694
95748,0.01103115591333983
95751,0.21093972353640367
95753,0.06583743243414403
95758,0.0029890727967254926
95759,0.10431547165246396
95761,0.008374513049251388
95762,0.04672762201820273
95767,0.005789565236949747
95768,0.23289498283228408
95769,0.08384952003917354
95770,0.022664791169158965
95771,0.008857390435939135
95775,0.008240144604201837
95776,0.19109471561235344
95778,0.019465658991288222
95779,0.02049745769874481
95780,0.003499641920577681
95781,0.07857659519145763
95783,0.00573626448129992
95784,0.0035814363817098433
95785,0.015274653282074484
95787,0.0035583805080453717
95788,0.004215788702856827
95789,0.00360778115535822
95790,0.015140785841626257
95794,0.0738296295725671
95796,0.014911135155038962
95798,0.004280083136051346
95804,0.004065792712850495
95808,0.015122771543158204
95809,0.014808356893724096
95812,0.04635952062478529
95816,0.002884158869825211
95820,0.05589084508025624
95821,0.0028357512164359027
95828,0.007246525452836095
95830,0.003911760374310343
95832,0.1505272702825818
95833,0.004713158766236427
95834,0.0038860054845407683
95839,0.22472730415842254
95843,0.028197341212048935
95844,0.0405467790639336
95845,0.002903503877779455
95846,0.024551044600797125
95853,0.031052691260283
95855,0.0053452810857425835
95857,0.1391563446872724
95859,0.06291735682649675
95860,0.04095306149043627
95862,0.003883856814490745
95864,0.0034599067859466762
95865,0.2630411003705691
95866,0.10565253446556251
95867,0.029532030876775382
95868,0.00387308597575361
95869,0.07651904210215534
95872,0.025672334557021486
95873,0.015935619341197648
95876,0.003529205307681606
95877,0.045605362678267994
95879,0.006150060293324719
95883,0.02852273829907406
95884,0.004550175184179271
95885,0.01960192894524297
95888,0.005750871931192836
95889,0.00607427154210008
95890,0.003393375095173023
95891,0.03287578936189813
95894,0.0038713266564681754
95895,0.22543568450808163
95896,0.007502002962683458
95897,0.014877184689689602
95899,0.019290517649419366
95901,0.0053224959694087816
95906,0.006729703620810309
95909,0.024751057360864217
95910,0.101900219018578
95912,0.122663374633594
95915,0.003707219632237739
95917,0.018862998441744303
95920,0.007370533474133605
95921,0.04886118169933319
95923,0.049639825984567745
95924,0.3432490700442394
95926,0.19726246180141932
95929,0.031183398683985043
95931,0.14664151898633163
95933,0.003689772732919668
95936,0.020380077658414028
95938,0.002897095997838392
95942,0.03530229373229433
95943,0.11776559570350813
95944,0.010534942121114846
95946,0.0035430129188088236
95948,0.009519132642567815
95954,0.017201843301629386
95955,0.07449969101631798
95956,0.017180479643854257
95958,0.003540927379286739
95963,0.012901098945383516
95965,0.008902466858900513
95967,0.011915030766029115
95969,0.0058066226995187875
95970,0.029517771488693247
95972,0.0033793832715092215
95973,0.047828026934190235
95975,0.0218230151938683
95977,0.02400572397444161
95978,0.021021527649210666
95980,0.19744273383504993
95981,0.23493310759290775
95982,0.005322884259833673
95983,0.005150743800084993
95987,0.18816423332110302
95988,0.003805577755018323
95989,0.007791030663117123
95992,0.015126550006138108
95995,0.08306290987740046
95996,0.07788278175488007
95997,0.0029707997838852823
95999,0.00548525441900656
96001,0.011629728621656437
96002,0.0028890369520332623
96005,0.0239820464752102
96007,0.03494837156629148
96010,0.05769477240346434
96012,0.01933350511817942
96013,0.07822107608000348
96015,0.04784696297415721
96017,0.0039041945652456963
96019,0.018984538365706103
96021,0.003499906920429731
96022,0.056173599639470474
96027,0.0958706237412635
96028,0.04134157579214344
96029,0.03792776114680776
96032,0.03288031000262775
96033,0.08069395057621073
96037,0.006201227638267216
96040,0.06390968564432828
96041,0.0052800314990313155
96043,0.009723754320021497
96045,0.26523689463198935
96049,0.003495763198709633
96051,0.03054765823793114
96052,0.006474352453338662
96053,0.00838276202140628
96056,0.02992653213379593
96057,0.011954880541829624
96061,0.026092726083828087
96062,0.003133188365488566
96063,0.004101849710877547
96064,0.019334222437385334
96066,0.005680356220947045
96068,0.03671437580931814
96071,0.03568862431618932
96073,0.025570374191103706
96074,0.0048501014374250145
96075,0.006340878149215947
96078,0.07749143982739543
96079,0.002888003761877942
96080,0.09999324194913085
96084,0.003637411056716215
96086,0.021995269892267556
96087,0.003949397706763824
96088,0.04515298988803059
96089,0.00776487169454401
96091,0.007436543388826315
96095,0.009848110005936434
96099,0.03459537651067348
96101,0.005509769464153449
96105,0.07124643271615479
96108,0.0032434087597308357
96113,0.021123910327883105
96115,0.19541955160547106
96118,0.12198573503590969
96120,0.028401952398398458
96122,0.07881936884470932
96123,0.005911092552978792
96128,0.049580582966927175
96129,0.05304951733386572
96130,0.0040241108771813475
96132,0.23437013846079732
96135,0.003235763622694785
96136,0.07462675629719552
96137,0.22114667071314575
96139,0.049368101509723414
96142,0.07786397813827643
96143,0.004676333815049748
96145,0.028338330534965147
96149,0.005085815374070783
96151,0.16077836598547846
96152,0.0039045050677920935
96155,0.15652990544860126
96156,0.033689211696177654
96157,0.11338084111554833
96160,0.007390845634246899
96161,0.1274500551895757
96162,0.003504797691857866
96164,0.029998597684178497
96165,0.010274345506814686
96167,0.0028980941571399186
96170,0.033448115241886754
96173,0.026092726083828087
96175,0.007176266690956409
96177,0.009653914779062365
96178,0.004855621161224908
96182,0.003770165464057411
96186,0.020673819847034522
96189,0.19606576597503783
96190,0.0030062535193797106
96193,0.009634223199596316
96196,0.002925256903666049
96198,0.004227229803121509
96203,0.004886749655755982
96207,0.012041302249061135
96209,0.18604906719287015
96212,0.07406155800382265
96214,0.010183420583241577
96215,0.003317078210748427
96216,0.11572028388787385
96217,0.006396034303059078
96221,0.005442042191792922
96223,0.006625203718250618
96226,0.003166065085060794
96228,0.01034771725708754
96229,0.03302071855395872
96230,0.015823361791362154
96231,0.23044687156373544
96232,0.004504345529217727
96233,0.023366186747735797
96237,0.05159006996702451
96240,0.003354876375009485
96242,0.0029576014882365235
96243,0.004238709306112525
96244,0.012810698546765814
96245,0.0037719842115216547
96247,0.020718599797153927
96248,0.122663374633594
96249,0.03496940277852869
96251,0.03918693952882758
96252,0.005006913954495561
96255,0.105696217879126
96256,0.0038413383985366947
96257,0.0040544022606636655
96259,0.0052620516310101905
96260,0.032564992171823993
96261,0.010743351327173618
96263,0.006285171160944907
96264,0.04335207161163722
96265,0.16229035090339983
96268,0.014114465153584258
96273,0.003700439693175443
96276,0.24642740485759934
96277,0.005116724600373886
96279,0.0028728525825939453
96280,0.03012894598154173
96281,0.0030684088284704735
96282,0.01444301901929945
96283,0.12628190540079193
96284,0.19208355542963362
96287,0.009004491316594502
96290,0.003889293000605393
96292,0.0029669693834428793
96295,0.007947059123390835
96301,0.003405954166804999
96303,0.0036823823728582327
96304,0.07181858489394183
96305,0.009633615328075492
96306,0.013691505145365912
96307,0.0172421439119389
96308,0.030091589589316053
96309,0.003690267183947821
96311,0.04631168878102294
96314,0.0937013840105566
96315,0.009104515072622273
96317,0.004666043333043381
96318,0.004199210958348569
96320,0.03599422626147934
96321,0.029698361207539072
96323,0.00515136857081569
96324,0.0745355558076972
96325,0.004334307256661365
96326,0.03684433798574517
96327,0.1774083569014867
96330,0.07968149494418726
96332,0.003848965929623083
96335,0.04078822713907499
96337,0.009883112319472706
96338,0.009882579888219698
96339,0.039183603641137835
96341,0.01886025402008594
96346,0.012777840457672407
96347,0.03029616137409988
96349,0.003406186859753207
96352,0.004997860578424484
96353,0.007901509532245147
96355,0.0443065168977021
96358,0.04540239793437749
96361,0.004927000416631791
96365,0.006553267116117108
96366,0.07483294491331512
96373,0.037968698215409595
96374,0.041274345923008916
96375,0.0033919510712774738
96376,0.0741302216849166
96378,0.010718567739332474
96379,0.01348706747396472
96381,0.027636541953143492
96383,0.023921771766573036
96385,0.014662452716937157
96389,0.0038935787371238368
96390,0.004580372195116269
96391,0.01479946539394772
96394,0.026092726083828087
96397,0.00989713736283892
96398,0.003853960678990024
96399,0.1817484342956296
96400,0.00877281889054723
96402,0.028059104791354688
96405,0.01508569064300043
96408,0.006354438259855776
96409,0.062923983019909
96410,0.01534914430960296
96412,0.02305938255050507
96413,0.01696433195837382
96415,0.1465528043896142
96417,0.022243440707345817
96418,0.008620195315373187
96419,0.03684157570611429
96424,0.005196342434634313
96426,0.006162063512405219
96427,0.0029454884946642367
96428,0.24815958672704494
96429,0.017024180953365563
96430,0.009960490735377518
96432,0.0029850743122195726
96433,0.009162317490023072
96434,0.010313388716425622
96435,0.006666778931730278
96436,0.003816154295072046
96437,0.004050381057586043
96439,0.0040999644317833575
96441,0.011860865378490347
96444,0.2576707672880758
96450,0.003790519258140784
96451,0.021623645636583887
96458,0.17461342234151495
96460,0.006627294302253917
96462,0.0039587646392702696
96464,0.18517458434739956
96465,0.03185249843596169
96466,0.020486120740831944
96470,0.06021438949415942
96471,0.03198843786128284
96472,0.03644300456259086
96473,0.004508364303660854
96474,0.0184872867845449
96476,0.044628044401543325
96477,0.005937601955183355
96478,0.051930789368632796
96479,0.008153315904223277
96480,0.0038994554070800815
96481,0.0152330726432219
96483,0.20154141984795662
96484,0.0035543832536716505
96485,0.004024926224621183
96486,0.0036587478012838582
96487,0.008525495698345308
96488,0.048558649839408094
96491,0.014163770354112913
96494,0.01248151709525831
96495,0.004133240236370561
96499,0.19712308938219233
96500,0.004062462672381793
96505,0.008264730924093855
96511,0.004101250305297513
96512,0.03063056763540034
96514,0.017402394838864008
96515,0.00874544215042426
96516,0.004508226961874207
96517,0.03688197881231824
96521,0.006664818253669409
96524,0.01239359755095574
96525,0.019485556518688666
96528,0.10895054488521205
96534,0.18880762722421285
96538,0.008478109256062733
96539,0.2311002596733432
96540,0.0029360762524103905
96541,0.003525385358614056
96545,0.003634550105813507
96548,0.006456830502141402
96549,0.08369195457330024
96550,0.00862367991727027
96551,0.020599747951946686
96552,0.07120485576350083
96554,0.009206162873583414
96555,0.025040978936628492
96557,0.026092726083828087
96563,0.09481526723000079
96564,0.19115367317861026
96567,0.006091183386273968
96568,0.008773121796287062
96570,0.2774515713180422
96571,0.005473326411931179
96578,0.05279569325514709
96579,0.017494026519169592
96582,0.04906636456151307
96583,0.30502607689973443
96584,0.031208342761083002
96585,0.030644316980878637
96586,0.011267266381256205
96587,0.06090849267562267
96591,0.008904372072384918
96601,0.003290537529876931
96603,0.003600843964711136
96604,0.005229766142469577
96606,0.014281297753360699
96607,0.006714512285129269
96608,0.003103446171756932
96609,0.023238601437604003
96610,0.006651820298673942
96617,0.013611590092029119
96618,0.041168102381214884
96620,0.029342479191712116
96621,0.09915962398788274
96627,0.0029301432904285433
96628,0.004403012259004508
96629,0.0029529319881690806
96630,0.046667584960725664
96631,0.012490830420049887
96632,0.009451583585760455
96633,0.003590220118390341
96635,0.003150880906154052
96637,0.007678241311560906
96638,0.0037927446232353425
96640,0.004031870911295094
96641,0.005919816593080417
96642,0.06069476948162839
96646,0.015420682654744347
96647,0.0029884439284382923
96650,0.005241807491771051
96651,0.0029560423951714605
96652,0.02439065141972825
96653,0.03540418838038024
96657,0.004310809787897175
96658,0.003769896331506268
96660,0.003462157905670759
96662,0.008763004954007843
96665,0.012548938207311627
96666,0.0037602027872901556
96668,0.0028671837189505364
96670,0.0042665900173092745
96675,0.033783861855225514
96677,0.18775802685002893
96679,0.006004658588246065
96681,0.2137089232652832
96682,0.014624424629733465
96693,0.007380600660373865
96695,0.08948077460113503
96696,0.030842266715522784
96698,0.060956006392170865
96699,0.009358465363303294
96701,0.012968918782312842
96704,0.05279569325514709
96705,0.016008815612889107
96712,0.003097387137160252
96714,0.004339294804653426
96717,0.010567768325633959
96718,0.015028012516507873
96720,0.013222436439339794
96721,0.02646858917255794
96725,0.01371544202017486
96727,0.13498027374373564
96730,0.026092726083828087
96731,0.026262669050531276
96732,0.011775257240265596
96733,0.004403161265289616
96735,0.008778350036453383
96736,0.013788199556261923
96738,0.07530145586512087
96739,0.06865749794373532
96740,0.0031389456149516315
96741,0.003607374599021506
96744,0.006967753802763836
96746,0.006693198918803504
96747,0.010474846554678627
96748,0.06842021951532334
96749,0.013164516793354406
96750,0.003543230719469641
96752,0.1179480796788308
96755,0.009524020511383237
96757,0.09907763949610117
96758,0.009556549873969696
96760,0.010445016694928502
96761,0.048938396228386805
96763,0.003853931984812993
96765,0.06360219136152244
96766,0.28680597456059054
96769,0.010555201570805419
96771,0.06295541921699115
96773,0.029287054470014527
96774,0.012926286900166006
96775,0.042990059716899724
96776,0.0051336120661743066
96777,0.1844607712397367
96787,0.003981269411936902
96788,0.008067290380105783
96790,0.010868623767426533
96791,0.09940652422202104
96793,0.041048035385654075
96795,0.07049132415735987
96796,0.016652305311934498
96797,0.03993076476299443
96803,0.011859922566299533
96805,0.10040582062404298
96806,0.09959668775184213
96807,0.03367564876232468
96808,0.03624354907732549
96810,0.19527076637220991
96812,0.007914908561157126
96815,0.003269194954706131
96817,0.003125132989912957
96818,0.36461129457514785
96820,0.008218024594640619
96821,0.01424797130363924
96824,0.19213273922456825
96825,0.19846498127578252
96827,0.007307060560678555
96830,0.012060843483707973
96831,0.0038476643584849993
96834,0.007771148475796017
96835,0.03167726750611336
96837,0.01299876553994154
96842,0.04349048290346009
96843,0.08064102123363727
96845,0.004829596089466703
96846,0.003610827133020086
96847,0.003721536327126063
96850,0.011668933623435513
96852,0.012931259764454691
96854,0.0151087570904402
96857,0.11150505922301765
96861,0.003695540317408062
96864,0.18030341530648175
96865,0.008377321804835752
96867,0.06383154291492153
96871,0.0037217297136387458
96872,0.019216308498277747
96873,0.05085767360883764
96875,0.003866968944573051
96876,0.035997913531991374
96878,0.09697308460147541
96879,0.00842508616694594
96882,0.011443294766392763
96888,0.0032362871498717266
96889,0.047073848865849435
96890,0.0925194957517812
96891,0.03471824050312692
96892,0.09743750684407913
96894,0.033787292035447385
96897,0.11073882946133583
96901,0.0038783901823811044
96903,0.0031530593129526423
96910,0.026189731709688958
96911,0.0596133521595738
96912,0.2005732993591157
96913,0.004018358283390836
96914,0.07303459350810336
96916,0.091290217981845
96918,0.013213546679561655
96922,0.003265457772819687
96925,0.00335969001164375
96931,0.03427090787551608
96933,0.007593979642473801
96934,0.21285730589245153
96940,0.02292153580053678
96941,0.006342046567606319
96943,0.003425156261220763
96944,0.005518986393759611
96945,0.008853357245459261
96946,0.03322937492453639
96948,0.0033198989278056304
96949,0.009416232687717295
96952,0.01430767059837336
96953,0.006235005685501781
96957,0.008885917163973009
96960,0.004273517147170685
96962,0.00295566677731039
96964,0.02195704467708214
96965,0.014049849436193468
96966,0.005310083636864892
96968,0.003764393079103254
96969,0.1727676878449455
96970,0.014530919818461155
96971,0.021752132848842212
96973,0.002903624974788308
96977,0.07567121211437619
96978,0.1036941388141185
96981,0.017269389736016532
96983,0.004834990380775714
96984,0.029046667210602065
96988,0.024974267629187752
96989,0.003455887619299554
96990,0.004238245366940733
96991,0.09434142026961397
96992,0.0042061849793279425
96993,0.012897977554710475
96994,0.04788860655202581
96997,0.006664551632139715
97001,0.007395337768770822
97004,0.09376576486391094
97007,0.014044590615234057
97009,0.003170033138787888
97010,0.029734181559179777
97011,0.0029643715444669563
97012,0.060246153843367005
97013,0.03573171983756958
97015,0.032445880452866206
97018,0.020744666221805097
97021,0.0036699480541641906
97022,0.03539664991601148
97023,0.005803462430838063
97026,0.016152992613046965
97027,0.004720150027089036
97028,0.007233057623789246
97029,0.003707219632237739
97030,0.00716247348896823
97031,0.030853270791366766
97032,0.07121796325859825
97033,0.0036814627607461695
97034,0.003465018085250223
97038,0.12573135704750962
97039,0.2422217647568352
97042,0.0030354974686781773
97045,0.0036205496714430767
97046,0.00448412230908581
97047,0.018386794434913065
97049,0.004740220750034638
97051,0.12976047001559696
97052,0.04533024082308847
97054,0.10020470688184943
97056,0.010335515397267644
97060,0.005175522352752611
97062,0.05734701132542269
97063,0.032859084717941835
97066,0.0029126724667184706
97073,0.005376177019815609
97077,0.025151844743257896
97082,0.006128736998998263
97084,0.027502570578492015
97085,0.01854434358327924
97088,0.004482033965977739
97096,0.013713959666878701
97097,0.015210541112715392
97099,0.0028429677860466154
97100,0.03308577268422306
97104,0.019372234622294603
97107,0.009778528109971216
97109,0.07862529220665891
97110,0.03828752223298563
97112,0.007715830528316414
97113,0.008285978322221993
97115,0.0072825087198440976
97117,0.003456236292781254
97120,0.0054432315827673715
97124,0.010550067542516868
97125,0.003325343565109302
97127,0.005090393740697644
97128,0.009077938448500055
97129,0.0036863032621614784
97130,0.2008693349349255
97131,0.17837624272690106
97132,0.07759515717405718
97133,0.006198463572376482
97134,0.00814457188793615
97135,0.012687289015083703
97136,0.16616721337491483
97139,0.013771738400581504
97141,0.08011369032318257
97142,0.013108114322649665
97143,0.20556173137319028
97144,0.04932142328053097
97145,0.00470392442468903
97146,0.003548070617841723
97147,0.01185544569423586
97150,0.03762886956076225
97153,0.004780155256180633
97155,0.04997206656871666
97156,0.055010166592608954
97163,0.01654880051392063
97164,0.011439657763460702
97165,0.005373531089464128
97170,0.0034864212460309356
97172,0.007573305018241609
97173,0.0038586419233569568
97177,0.0069106868640161695
97180,0.0037383504018572706
97181,0.0038741022481116254
97183,0.004220403927313556
97185,0.004562773884071658
97189,0.004504876297648195
97191,0.02545665747017164
97194,0.013707005905468157
97197,0.004270011123799711
97198,0.011343452977596296
97200,0.0046663408084609585
97203,0.011437547241393514
97204,0.019671938012763235
97205,0.0053224959694087816
97207,0.13863125280287739
97209,0.0067706096271741645
97210,0.00923044042096668
97211,0.0028331902010151474
97213,0.015176903399399965
97217,0.013245833582892096
97219,0.004793844095818177
97221,0.014375945615444549
97223,0.012482266550069399
97225,0.005660669139076023
97226,0.019322466455017832
97227,0.008305746545625067
97229,0.09253184823581459
97234,0.013697676377306246
97235,0.019916863508343804
97236,0.005950657390614742
97238,0.026364766122277294
97241,0.002928956470794066
97243,0.01059852863662603
97244,0.03194994053104718
97247,0.010256174673688338
97249,0.008781820537642522
97252,0.12979457721001278
97253,0.0032371710822860006
97254,0.06441512248176325
97256,0.04293956766448694
97258,0.004184154064833065
97259,0.004500066913183617
97260,0.03731754392577479
97261,0.02757477637328105
97262,0.016811362353140832
97272,0.004840041571484191
97275,0.18479776866171166
97278,0.07591275585315109
97279,0.13937729483328531
97280,0.010959289343530493
97283,0.005671028696609498
97284,0.3409038360343089
97287,0.006263036464108623
97288,0.06957829747117987
97289,0.00394376375722232
97290,0.00302647862269573
97293,0.009331724952785
97297,0.05286144226147752
97300,0.007817270508832201
97301,0.021229673952808645
97306,0.042874199253635614
97307,0.04353216138164145
97308,0.04099824793554027
97309,0.047137738964191274
97312,0.007417668225145413
97313,0.009825677441835722
97314,0.023222783942169836
97316,0.004799969656703463
97318,0.04491877501781214
97322,0.014784647755949853
97323,0.003369574755679001
97326,0.006223212280114698
97329,0.02371244720238146
97330,0.07883444773564642
97331,0.016346526649725458
97332,0.015686272129303583
97333,0.004177885550618025
97334,0.003886679062816326
97338,0.002979408573662078
97340,0.005366253002302547
97341,0.03943065902987528
97344,0.0982277844302447
97347,0.10574499424059212
97348,0.035714355420729094
97349,0.010247343907411109
97350,0.017285212704311322
97351,0.11011808626725182
97353,0.04018269520076715
97358,0.00602041972752847
97365,0.012511601225660788
97366,0.22117911598521442
97367,0.02130606132222671
97369,0.01972547215744579
97370,0.02093302155947856
97371,0.011359441845230543
97372,0.054427322642801534
97374,0.026092726083828087
97375,0.026092726083828087
97377,0.06495892364434315
97378,0.010938605759727847
97379,0.0692995808295778
97380,0.025040978936628492
97382,0.0033440775273821046
97383,0.003701612656375243
97384,0.024851464207936536
97386,0.003929023061789999
97387,0.007417520422017976
97388,0.024110636975802072
97391,0.016908100226220166
97392,0.01632312988973908
97394,0.21462213491672832
97395,0.038609698657788336
97396,0.019280991887560585
97397,0.011116050403967145
97405,0.01824510848956103
97406,0.29002765317564744
97409,0.011136059968273536
97411,0.003693110587252649
97412,0.0171258155888236
97413,0.19731508945403367
97414,0.004374505448842864
97417,0.004171530564463897
97418,0.0054338081194514895
97421,0.04851116845222162
97422,0.0044126034853001345
97423,0.044593274254219405
97424,0.004049062681244557
97425,0.020988045220430816
97428,0.11341861834618652
97429,0.1682400141165217
97430,0.00346869693215265
97437,0.009053953972198513
97439,0.023937972687726457
97440,0.06833982063218268
97443,0.008649838033498388
97446,0.020030824236275013
97447,0.026092726083828087
97448,0.005754512010273619
97453,0.005213413956927291
97456,0.01822645447883894
97457,0.0036583364145360425
97458,0.07575732065315209
97464,0.0029379596682251284
97467,0.006559113505307958
97470,0.0032087306399576445
97473,0.01586628418145274
97474,0.05736572342552461
97475,0.01232771397519466
97477,0.20508004099516597
97481,0.25189619886916914
97482,0.1216506271065587
97483,0.003762413507499654
97484,0.014143948363308873
97485,0.003498952974140937
97487,0.00525648604344415
97488,0.06394291328694071
97491,0.009917130117267818
97492,0.00761975464801754
97493,0.005197175635964497
97495,0.008701118421315776
97496,0.0665831256628261
97498,0.003313533812993413
97499,0.003119852420705372
97501,0.2195853501524708
97502,0.013460007537930868
97504,0.0038353588344360416
97505,0.0048287167377966695
97506,0.009898079056319606
97507,0.051314829090486715
97508,0.0037344239430838286
97509,0.0037958911145677204
97512,0.00418082932060485
97513,0.06807093823506863
97514,0.003588606610739129
97517,0.07122295952060385
97520,0.007974034644033111
97521,0.01898182578752748
97524,0.009874945379023933
97526,0.05131437390591015
97529,0.04709817944314808
97530,0.01246453061415756
97532,0.006036741429953109
97533,0.023876657677522554
97535,0.006009011899768544
97536,0.0035157611751865567
97539,0.09052019050644214
97540,0.003349052763899489
97541,0.008902119659069587
97543,0.01646794259908066
97544,0.04882400241875782
97546,0.009112041432668173
97547,0.0033816589525518465
97551,0.014763961981685749
97552,0.0036552458690595046
97553,0.002964212645420394
97559,0.003479828880403232
97560,0.004043453889895577
97562,0.0042741346091277055
97565,0.0044491544201927385
97566,0.031247748452504127
97567,0.008220385012673458
97569,0.01119523718131745
97570,0.038052072313514394
97572,0.004777527124377395
97573,0.003447066253810759
97575,0.0033713099113929375
97576,0.0029024598109087516
97577,0.05838871857929272
97578,0.016741543701918528
97583,0.003279969483924948
97584,0.005520170823530554
97587,0.028969100022108393
97588,0.12015122428015586
97589,0.004273517147170685
97590,0.004854511147403778
97592,0.015606417605665952
97595,0.010820739486633837
97596,0.0031404033417942157
97599,0.028456679519688655
97600,0.0051285248038994554
97602,0.003931046393285744
97606,0.005543364247229361
97607,0.08552129605125378
97611,0.0032528439853656854
97612,0.06294418526621183
97613,0.006017399665195106
97614,0.012804209711494466
97615,0.06844652198271421
97620,0.00284529555685336
97623,0.04385199619150926
97624,0.031041746911570984
97625,0.007214730301910798
97627,0.006786489623635878
97628,0.011290895234758147
97629,0.15686321099266798
97633,0.0034325756372289374
97634,0.019461635902894493
97635,0.01410562179725191
97641,0.016072400172659693
97642,0.004008509992649522
97646,0.030951804811135335
97647,0.06999059942791148
97648,0.018190013919201827
97650,0.0031141856474588996
97651,0.01295820996406134
97655,0.007931613551374356
97656,0.0031963159935596655
97663,0.02782688553165246
97666,0.003160690172928696
97667,0.05303431717999323
97670,0.039407740296304346
97672,0.18725381732329446
97674,0.003372604187809231
97675,0.005545233593638595
97676,0.007743854101232202
97677,0.018285033961912268
97679,0.01131898867347518
97680,0.01853828806357861
97682,0.006230071447122903
97683,0.1614636571481193
97685,0.025675576866675046
97687,0.09063373442736285
97688,0.21951759337995413
97691,0.12318635858073439
97692,0.0036471784355741215
97695,0.09739006301547071
97696,0.23671591027151892
97697,0.005794886660082692
97699,0.0031952176054699894
97700,0.026815320573310514
97703,0.0035071186774792555
97704,0.07196437237667633
97705,0.004363568876388847
97706,0.02362581026222738
97710,0.21282318123316757
97716,0.0813360054944645
97717,0.027665340664454266
97718,0.015028908660724065
97722,0.0038540280351538714
97724,0.006339231426391656
97725,0.008249417670461444
97726,0.0033685765731898245
97728,0.010454090361172513
97729,0.029737479107360968
97732,0.011843964719243087
97734,0.025401709614457542
97735,0.014020885184095638
97736,0.004753298228571208
97737,0.04060890176108042
97740,0.04663985071346576
97741,0.004985831156287793
97747,0.07998713577497528
97748,0.006376718975265295
97750,0.0036631297663004135
97753,0.007045252434619201
97754,0.007396195998543422
97755,0.03754242186637562
97758,0.0049081584284694
97759,0.21712326557997583
97761,0.015249721200152241
97764,0.004284338305033319
97766,0.013570075575158486
97767,0.010223494466967778
97768,0.006532562500863393
97771,0.006933653445664999
97772,0.003303842169461452
97775,0.005177698532562255
97776,0.0966683499408129
97779,0.22737274044298375
97781,0.14993769522821523
97782,0.16795632639180413
97783,0.1236614147929212
97785,0.09412462307183468
97786,0.017924991462479195
97788,0.03364698979440901
97791,0.04829195068183206
97796,0.007578285476772468
97797,0.007070758451071134
97798,0.05636333162335218
97799,0.03479686892076586
97805,0.004022012540387848
97808,0.054873293408549295
97810,0.20556276294949152
97811,0.007313616202981767
97813,0.05937074902067223
97821,0.12628190540079193
97822,0.002926678019448517
97823,0.03194283095984421
97824,0.0446238455499124
97827,0.04104100097134318
97831,0.016150027807086572
97833,0.0037810635206581462
97834,0.00653532255241829
97837,0.06923474086599973
97839,0.011037604874755849
97842,0.19979788246681068
97843,0.09605780201667001
97846,0.010057508602659746
97847,0.002994928357019418
97848,0.08466322357819983
97849,0.06602740654735288
97850,0.06700976075548985
97852,0.004190962447950263
97855,0.0029947851993479308
97856,0.006597120666869623
97859,0.01008557620498207
97860,0.005975339224729582
97866,0.1767022435138391
97870,0.03871897451648729
97872,0.003982164047269823
97879,0.006838490593229184
97880,0.03623470536708702
97882,0.01316707971089434
97885,0.01070765501117244
97888,0.00747975813292339
97889,0.008230289488558279
97891,0.005752965650194589
97894,0.0069397936448667395
97896,0.17645081746722105
97897,0.042060062975296235
97899,0.004666026158788961
97900,0.005318253095975092
97901,0.031057365138371793
97902,0.2138898391619022
97904,0.23687166822139052
97906,0.003339738594780066
97909,0.03267409435283961
97911,0.003972311718600019
97915,0.10968607794203246
97917,0.015433422588851033
97918,0.026092726083828087
97919,0.012404654845893887
97922,0.0070178586514596355
97929,0.05241061363696926
97933,0.026092726083828087
97934,0.10618700551947205
97935,0.017614615565401493
97938,0.008642264405509288
97940,0.007994109514612779
97942,0.013689623149461047
97945,0.015016020005472584
97946,0.08720722783067245
97947,0.029531572908932876
97948,0.003052619175424208
97950,0.015618600027328686
97953,0.03455902259119541
97954,0.008974887526216611
97955,0.010369709619049554
97958,0.004121282979449201
97959,0.013592536271129576
97960,0.23066551030139815
97961,0.0043637880821611585
97964,0.021664648072776245
97966,0.003935281450436361
97968,0.025124593939954937
97971,0.008705962911546346
97972,0.008705673364262036
97974,0.0036799881390964214
97977,0.055797879465282925
97978,0.061290175462894024
97982,0.0237129845672818
97983,0.009921213341747726
97984,0.017705539004937196
97987,0.003901299660625291
97988,0.04804611914208779
97989,0.0568848172007001
97990,0.002884158869825211
97994,0.011441120076073969
97996,0.005769974227175356
97997,0.027670975675719873
98002,0.046403076873498435
98005,0.026092726083828087
98008,0.010366734867797182
98013,0.0038861387338780047
98014,0.05028199860880008
98015,0.013216518628721282
98019,0.04642070068950274
98020,0.0036205496714430767
98026,0.19009652830732773
98028,0.1990956067115618
98029,0.0037727309550054477
98032,0.0558944159278551
98033,0.09619473513825484
98034,0.003727367890376356
98039,0.06871785204820355
98044,0.018791961494154547
98048,0.019532884766110977
98051,0.01447688850834199
98052,0.06490425666821639
98055,0.0137979335029224
98057,0.007127053905002103
98060,0.004519107048531536
98063,0.05292069610678195
98065,0.006954744846100692
98068,0.027234924837087792
98069,0.021031061151020346
98070,0.026092726083828087
98071,0.005072442835057723
98074,0.004123638134845637
98076,0.029815776054866207
98078,0.005293113434969999
98079,0.003307581420412298
98081,0.034300653919322306
98082,0.0030771573208116508
98084,0.1712209623502572
98085,0.026354511825770265
98086,0.003334714395352546
98087,0.05092874577525908
98088,0.025391373456566724
98089,0.0239350389554611
98091,0.07612804523000853
98094,0.30320541176170135
98096,0.2319189520486988
98101,0.0661087095528826
98103,0.0029941825039153957
98104,0.2284890401463265
98106,0.007020680906032273
98107,0.1673597531183278
98110,0.025040978936628492
98113,0.0038721476110025535
98117,0.036471212248520915
98119,0.004165355996811625
98120,0.015233114777950444
98121,0.006099760796050375
98122,0.01056295402106117
98125,0.03960074362395045
98128,0.00339275006763895
98129,0.010093462173342086
98135,0.025454964807328697
98136,0.030293399675849826
98140,0.004312905335888448
98142,0.008023689983266058
98147,0.0067446270253074155
98149,0.008180243859502412
98152,0.01757667228618089
98154,0.004410237000983858
98156,0.003821922354008379
98157,0.003461646635028435
98161,0.006087404200412796
98162,0.03417536520453432
98164,0.014161302615525761
98166,0.026092726083828087
98167,0.17547510054154722
98172,0.0046780312693925075
98176,0.0267436339882112
98181,0.08140588306343477
98184,0.022119859933300796
98186,0.0342934642550822
98188,0.02654725922033604
98190,0.005036100213472754
98191,0.005518682705308747
98194,0.03289286207769647
98196,0.0038311874569675686
98203,0.003493072692781289
98205,0.00891683917694253
98207,0.010601199038711104
98208,0.008100713932898851
98209,0.09829510558241333
98211,0.09117070652860161
98212,0.003952207876675647
98214,0.005682822420104316
98217,0.025040978936628492
98218,0.11306168076094632
98220,0.009444338860123266
98221,0.026646784124511498
98222,0.004427565616506794
98223,0.005624674860396754
98225,0.019105713983104303
98232,0.09750077987948426
98233,0.003203118805146434
98235,0.006150821563821447
98237,0.02718493658594916
98247,0.0715342181709568
98248,0.010808669180184752
98249,0.013730266625909673
98251,0.063661188721394
98253,0.111757693351509
98261,0.007117491822925781
98263,0.048199953854316004
98264,0.0039775541355721285
98265,0.0029322422609258207
98266,0.00887421037999786
98268,0.05128578803951887
98271,0.04889347749865123
98273,0.07982461501579105
98274,0.004706674203966096
98275,0.03462997682849058
98276,0.003667978259570239
98277,0.007222093786107209
98278,0.0036342222428185867
98281,0.16538350247148015
98282,0.023463081543876878
98283,0.2024663163115508
98284,0.036588662951211375
98285,0.0069795738715947965
98288,0.04475164944273789
98290,0.04734399721483598
98293,0.03802955542103408
98294,0.003956245261113503
98295,0.01579043996901543
98297,0.039179615340042655
98298,0.1427840369263578
98302,0.005906032271584962
98305,0.009746635592713588
98307,0.00950725209906054
98309,0.0039011199091501434
98311,0.006426539779640674
98312,0.006811563359628284
98319,0.004836449806745559
98320,0.021783628604198267
98322,0.007689397443947656
98324,0.04112361969954498
98326,0.1726032884851833
98327,0.11857120802285798
98328,0.003288012903010695
98329,0.026678068041759512
98331,0.022232811587262605
98332,0.0028988640320215422
98336,0.038805428011671195
98340,0.015048055628802372
98342,0.004603050835056741
98343,0.20329068990139235
98346,0.048035567592421315
98349,0.007118561986300201
98350,0.04200295808613695
98354,0.021992100160073726
98361,0.00324981024497415
98362,0.007224154905031594
98363,0.025504143757680897
98367,0.010484376508629545
98369,0.06407538060240903
98373,0.015457343716401251
98375,0.11697602359681465
98376,0.010170319737428494
98378,0.004276498062472364
98380,0.06104358571589229
98385,0.0033593164675742517
98388,0.0036834672920633515
98391,0.04211968699747441
98393,0.005657236816823238
98395,0.005363525505034439
98396,0.038806355677729255
98398,0.12828622128705292
98401,0.005716886504172462
98402,0.1334657004860467
98406,0.006481556591107652
98409,0.1293172670490988
98410,0.17364165507133458
98411,0.022946414037761716
98412,0.06017401759282542
98414,0.003542911789404705
98416,0.09598885529943034
98417,0.02143170974696198
98418,0.026989059204362835
98419,0.03850007932643323
98420,0.0142668974783456
98421,0.23559865374791392
98424,0.04657789191707238
98425,0.01238043873041694
98429,0.07217933518016828
98431,0.026092726083828087
98434,0.007880164929087757
98440,0.05987977625116956
98442,0.011878632839957366
98443,0.017997581425986578
98447,0.0070268484433714815
98449,0.03898789454256197
98451,0.04407751355801864
98452,0.03656970510953897
98453,0.01080255416747726
98455,0.004015336240443351
98456,0.02412816118671122
98457,0.014842162739679702
98460,0.013067668714031352
98463,0.0038790828124604074
98464,0.009903019831622464
98466,0.025618328481196717
98468,0.011294750166068877
98469,0.012852601914975661
98470,0.017521972525911075
98473,0.016549372091684746
98474,0.004038441116370466
98476,0.1855506799191504
98477,0.12628190540079193
98479,0.009333699564962479
98480,0.006627900683404885
98481,0.009186677512890184
98485,0.003705055632656138
98486,0.2005795927671763
98492,0.17255077108066427
98493,0.003729438524809708
98497,0.011854865172634864
98499,0.00794329687582338
98502,0.11382018344475955
98506,0.026092726083828087
98507,0.06929465239423573
98508,0.006168889467708608
98511,0.014991722908882175
98513,0.17653375813177052
98514,0.035208815726170586
98516,0.015012303881831137
98517,0.004100481901948256
98518,0.024404929454390198
98519,0.2362453225126378
98520,0.012393698262853631
98521,0.1834825962115727
98522,0.0041081860642269786
98525,0.005550171262821979
98527,0.005492212348539548
98528,0.004503031039505672
98529,0.19510487688111605
98530,0.022878355797325618
98531,0.353081692861553
98535,0.03484819216309908
98536,0.0159304962793541
98537,0.02840604847169165
98539,0.013651322513047348
98540,0.013309829068707901
98542,0.0029568239907907692
98543,0.11318376399130316
98545,0.007362334836219364
98546,0.011570086707979871
98550,0.005359014738546817
98555,0.007490835654711221
98556,0.014642014605321316
98557,0.004381555791472614
98558,0.008266963849209379
98559,0.009881559670702221
98560,0.0041305692261518565
98562,0.07688813043971343
98566,0.037815245682637985
98570,0.002912669125596225
98572,0.12920919679471718
98574,0.03492807581641582
98576,0.07072008909822015
98577,0.20360234117319387
98578,0.011072914202511067
98583,0.0029361917173691397
98584,0.006396104539494428
98586,0.0417686656423778
98587,0.08031540859724157
98590,0.026466155899026265
98591,0.02769735663171583
98592,0.016867964179160776
98594,0.006010858935931083
98599,0.021356027489119658
98600,0.026092726083828087
98602,0.006005325703026084
98603,0.004497012648462779
98604,0.013658195602481465
98605,0.00944394638241488
98606,0.007649873509714331
98607,0.00817567560445837
98609,0.17042487473567194
98610,0.004174261358192409
98611,0.01458410094321157
98614,0.005761583917521906
98615,0.1604839393737217
98616,0.004494994395899033
98618,0.009386271567546298
98619,0.1838118363846243
98621,0.005879349690391667
98622,0.22764137579046906
98625,0.01283568926559204
98626,0.06923351580332192
98630,0.00534439599832092
98631,0.13906958534100247
98632,0.010248010970420872
98633,0.004276873668286788
98637,0.02725499188010931
98640,0.19135356323603392
98643,0.005244994220192314
98644,0.03113640013503678
98646,0.025040978936628492
98647,0.02773934524170844
98650,0.014808149011574732
98652,0.19527076637220991
98654,0.018447083114206946
98655,0.005264737053373081
98656,0.009177465484616745
98657,0.01844825149257668
98659,0.002912383139402338
98662,0.00398306273075523
98665,0.013996008772066627
98668,0.015794218559655963
98670,0.0049759959225389085
98671,0.09716007750176629
98673,0.04574916653963033
98674,0.017430571898214425
98675,0.00658305402200296
98676,0.15415707436611384
98677,0.0032447685867851473
98679,0.005121365363114961
98680,0.0043078138512632445
98683,0.16718888128584253
98686,0.011603213025935751
98687,0.1661347614530185
98694,0.011002854368382182
98695,0.023185756014426885
98696,0.0381812464761491
98697,0.008552668602943387
98698,0.10827124459228515
98704,0.0082037729301373
98705,0.00816389918399635
98707,0.023215445788909533
98709,0.023045087361051913
98710,0.18699004524296456
98713,0.0036293604769999308
98714,0.006247891234417011
98715,0.0029943317173179757
98716,0.03833809820247087
98719,0.004115869992995302
98723,0.013584006553571696
98728,0.004353215683601465
98730,0.1932306004311958
98734,0.036861069296798
98736,0.006856189157883668
98739,0.02052906634467626
98745,0.09948047335691433
98747,0.006310833882052689
98748,0.028607429839397184
98749,0.025392482873027145
98755,0.022886742759041477
98758,0.0145613762401624
98760,0.0036242053888940343
98762,0.012846617432915333
98763,0.013730187465820245
98766,0.03626290968880037
98767,0.0052649784084167275
98770,0.004816894208216833
98771,0.022077859896291997
98776,0.056112662616386054
98777,0.0036535207141498564
98778,0.008784161907725234
98779,0.009028165889771591
98784,0.09681682182732147
98785,0.07407238505218955
98787,0.02387732915336236
98790,0.003953052456232719
98792,0.008763641675521894
98794,0.05274141408412655
98795,0.03575436913429729
98797,0.003384289651919554
98799,0.003874156567892596
98801,0.1771974842253553
98802,0.08061350978504027
98803,0.05127701074400909
98804,0.012940757786085588
98814,0.0045559192626138095
98815,0.014828955185001956
98816,0.06807924350124073
98818,0.007216012161101531
98819,0.004934823718101565
98821,0.004260481828396005
98822,0.005118325077205722
98823,0.010232835131648011
98824,0.19561174945064352
98826,0.005324082312596918
98828,0.04368721177500442
98829,0.004222787153575385
98840,0.1214064638777533
98845,0.0029768225600460847
98846,0.0038120302532499532
98847,0.11428109228942708
98849,0.0064202938099050385
98855,0.00906585467744283
98860,0.003869355026621208
98861,0.0053230808799912014
98862,0.004299793767575816
98863,0.023639456345964628
98864,0.006816419498300945
98865,0.006039740676946371
98867,0.029518447964412674
98870,0.007767284235560306
98874,0.004051965667346273
98876,0.004356552596442081
98878,0.10989243046333062
98879,0.01616678708059935
98881,0.03143926556862963
98883,0.041562754933292534
98887,0.09769549613772012
98889,0.006426911565707339
98891,0.003493358512386261
98892,0.17977621415636105
98893,0.05167849899485932
98894,0.01355536669241628
98895,0.02105981696071723
98900,0.012449554222524813
98902,0.05998397322313068
98903,0.004392828615193773
98904,0.14737006258632512
98908,0.009973430994027066
98909,0.00924036814237464
98911,0.08825341047214326
98913,0.05076656400654518
98914,0.015221689491687661
98918,0.01199977493748109
98919,0.03411988621579648
98921,0.024350283387446322
98922,0.19711166393435436
98923,0.004456596955170489
98928,0.031027143797321875
98929,0.016475147485770947
98932,0.01576794056711922
98933,0.010528827270790292
98938,0.034043578522199525
98939,0.016249471496894055
98940,0.012126738594506395
98941,0.21668192740400258
98943,0.013537672443187267
98944,0.003639300716257909
98945,0.06496538038111468
98946,0.0036199018800556425
98947,0.026245731397585886
98948,0.0055343800302876285
98949,0.15947946551419953
98950,0.004717117674786629
98951,0.03106001183098627
98953,0.013326464458570565
98956,0.007557116156598013
98957,0.01031145924034379
98958,0.0028159141353300355
98959,0.014656431519357322
98960,0.002968522559612822
98961,0.008783954058910803
98962,0.0037557107080860644
98963,0.0509670087511031
98966,0.006457067597550395
98967,0.008762226138081895
98968,0.029768554172561187
98970,0.10954798886667305
98971,0.009574955717843477
98974,0.2005732993591157
98977,0.009709288809069032
98978,0.05069222164678803
98979,0.010597913757384054
98980,0.041656398632159225
98981,0.0036834049543060464
98987,0.007998561411560795
98988,0.003252133178412798
98989,0.019833955742394275
98992,0.01501947822090028
98993,0.011189512713223364
98995,0.011877784331728303
98998,0.0030803073494680305
99004,0.01012547974452782
99007,0.007379307458962144
99008,0.02208285144682902
99010,0.027668395931793894
99013,0.07940066354064196
99014,0.09238213867152978
99017,0.09419394882895596
99020,0.0049851324448407916
99025,0.003678672024808943
99035,0.004018610318100721
99037,0.00876147263395068
99040,0.003590192383449521
99042,0.015492061898476685
99045,0.002872096553256815
99048,0.21398453102223053
99050,0.07421660958291133
99051,0.09910943273074974
99052,0.003738267344953994
99053,0.01134714397118209
99055,0.005976867601464995
99058,0.01938015845689803
99073,0.12161384924304137
99074,0.013674719775393904
99077,0.14352441676335392
99078,0.0029555479832497804
99079,0.19874084765749914
99084,0.006578241448532543
99085,0.004008715991003688
99087,0.0029051071553038645
99088,0.04542089968336009
99091,0.21331527710690956
99094,0.032746313550740286
99096,0.043055116819303525
99097,0.00480551882413555
99098,0.017485057447341357
99099,0.004956249894846924
99102,0.041914186372684084
99104,0.017812644582863944
99106,0.013303647928287532
99109,0.0030115897612008895
99110,0.03462129421120178
99111,0.026092726083828087
99113,0.23799356756188017
99114,0.015742520454261184
99115,0.036087337201913594
99117,0.0038550808974560503
99120,0.11730774800605057
99121,0.015787578842789064
99122,0.04226502209787148
99126,0.00350148310729149
99127,0.008435449340701716
99130,0.0035674345680439742
99134,0.007274973970048073
99137,0.00359565130361032
99138,0.002994212043231849
99142,0.0053504969048552955
99144,0.01025435884493173
99149,0.004442562543652646
99150,0.011212864914358009
99152,0.0764196594175674
99153,0.008891790731596277
99154,0.015541718345253955
99156,0.20360306062085215
99157,0.005189860377142863
99159,0.04206444618796256
99160,0.18093770502167847
99162,0.0034203699342556324
99163,0.002976940152787244
99166,0.0054031140732370255
99169,0.024648401209595723
99171,0.009348073691116766
99172,0.012279115926580975
99174,0.035819671361423416
99175,0.004294518093497551
99177,0.031501539026231415
99181,0.11517888443216408
99182,0.004003240946369349
99192,0.005473698198309499
99193,0.003916618953807429
99195,0.0039719265892896255
99196,0.010561993344199853
99198,0.011701614677706923
99200,0.004313413516785202
99201,0.0068395276300500015
99202,0.019467780404186362
99203,0.006420877879160814
99204,0.225415426238221
99208,0.1298505993678286
99209,0.006388071845368508
99211,0.008000442713531052
99218,0.024204495751813975
99220,0.00951344090299153
99221,0.007408288820317166
99222,0.007697274992821026
99225,0.013811682071769079
99226,0.0031166345042739113
99228,0.007371576062306535
99231,0.0689656445241413
99233,0.0029456985263462843
99234,0.002904711684870878
99238,0.003353786071946148
99239,0.011874215922595485
99242,0.10620775486083553
99243,0.00839921447612043
99244,0.03372760643083763
99245,0.0030464612992967925
99246,0.004477917419005215
99247,0.01780461827646873
99250,0.006345530515336348
99256,0.007315373075566789
99259,0.004211839841687921
99260,0.00292821334557073
99264,0.005478301105687065
99265,0.5695848563345673
99267,0.15226939226030145
99269,0.018577097265735518
99272,0.036495059122350015
99273,0.024971261892757987
99274,0.00925348382251129
99275,0.004688015567260979
99276,0.004772567952375172
99277,0.004078377403534276
99278,0.03412636884927311
99279,0.02387790044278667
99280,0.0038290728017137876
99282,0.0030134802233086236
99283,0.01998315607818761
99284,0.06628870184276668
99286,0.011338896751575634
99287,0.004069727928670179
99288,0.014281784821266144
99289,0.009239468643851211
99290,0.006847536838493201
99291,0.008179146008373984
99294,0.018902888360208172
99296,0.01888791688039912
99297,0.008977297478116689
99302,0.013173567420503421
99306,0.010289743979134477
99309,0.00771951186086023
99310,0.028601522061075624
99311,0.00872154403690559
99315,0.009459093932818656
99317,0.004755209601022894
99318,0.093332710934844
99319,0.007977612035856016
99321,0.0035898320405630137
99322,0.019891898676778937
99325,0.014120606985405399
99326,0.00766064629271656
99328,0.015606893309627086
99330,0.16169537924684552
99334,0.003269383639770449
99336,0.02628156291756511
99338,0.02003896754451819
99339,0.014085116256135293
99340,0.009386233603718422
99344,0.030063572835085373
99346,0.010378338499135666
99347,0.051838531341321534
99349,0.031183064993452796
99353,0.17568206768150885
99355,0.02758321279334876
99356,0.23871686365009656
99357,0.017617195696276046
99358,0.022130512374027998
99359,0.0033641049214902267
99360,0.005790334527720943
99361,0.07188901501678863
99364,0.11112141954201912
99367,0.07574296311146342
99368,0.0037472323556106417
99369,0.012647018164949925
99371,0.0037153198278057796
99373,0.014254654878113702
99376,0.006539908025674946
99380,0.008255057589864334
99384,0.003731393432948593
99385,0.004616061227231993
99387,0.011050455267553582
99388,0.009416040311347887
99390,0.03203844644794969
99392,0.13686893326610397
99395,0.03290348427131312
99396,0.01913386713374262
99397,0.014816606222061593
99398,0.004463962709604464
99400,0.0032783669145925454
99404,0.009730454694319832
99405,0.011639184707047199
99407,0.015126399435219753
99410,0.017192846663434704
99411,0.023282412963610926
99413,0.008962055502469129
99414,0.007779224318819276
99418,0.026133577129939065
99419,0.18693545278726778
99423,0.00756634053072778
99424,0.0035273381061583994
99426,0.004330826063868302
99427,0.008783548195515396
99429,0.03459537651067348
99431,0.0037155618804472603
99438,0.09249220420996376
99440,0.003893231684667188
99441,0.0035946583626828136
99445,0.030778363180395077
99447,0.005402736339765606
99448,0.1990956067115618
99450,0.17056729040167984
99451,0.003940179954117801
99454,0.15234453977699336
99456,0.04807366048235949
99461,0.10152586160363923
99466,0.006869261084628226
99467,0.01115195451234502
99468,0.007376946348358938
99469,0.05804561058033918
99470,0.022347829372298553
99474,0.0036518558511005406
99476,0.0036308235001643084
99480,0.052463034214038286
99483,0.007450706372653062
99486,0.09469428210568273
99487,0.022911253209537862
99489,0.003995345500954474
99490,0.19701159927122996
99492,0.0036987776088450107
99493,0.003995261371042975
99494,0.007771594077748728
99498,0.003349044817260018
99499,0.07575732065315209
99500,0.007252319367012559
99502,0.0039708236115309084
99503,0.04199774379607015
99504,0.003065764041311133
99505,0.03630554755279897
99506,0.013348602386908576
99507,0.036804265664897744
99509,0.006479164285500208
99510,0.0028946841064012587
99513,0.068449000095776
99514,0.003037448058180652
99518,0.01647939394767312
99520,0.19541955160547106
99521,0.035179673265446854
99523,0.0037216508102998177
99525,0.004765292415552872
99526,0.13110329899756912
99527,0.007175367185969716
99528,0.01907509614973094
99531,0.005612096988969086
99535,0.012294918075625653
99537,0.004042670761888792
99538,0.006098645976215644
99539,0.0078002670956086005
99541,0.1066999453229954
99542,0.005172078156991872
99543,0.0029451041236896428
99547,0.0032308375485422857
99550,0.0034059207129849937
99551,0.02266535527602319
99552,0.01752480729598301
99553,0.09504565847594693
99557,0.010741966914766136
99559,0.010027978180981015
99560,0.03598915770168997
99561,0.0038767329381711067
99562,0.004943400837096331
99567,0.0039863984054014714
99568,0.003884901325421374
99570,0.0034268199401748605
99571,0.005484210710567042
99574,0.025040978936628492
99575,0.028198854658650466
99578,0.004406433042062254
99579,0.015182971787612309
99580,0.21138878155419785
99581,0.00456987203953644
99583,0.014973332384071305
99584,0.11684436591504072
99587,0.007236569402038565
99589,0.013981305784460723
99590,0.003473353628074886
99591,0.03881212309116306
99595,0.003668538466744143
99596,0.008077741015602352
99597,0.016428688670218877
99598,0.0064642425276289954
99599,0.02009540698335972
99600,0.11101404296882623
99602,0.08139667403740576
99604,0.03755928874173019
99607,0.003415245335184842
99608,0.25887174566349813
99614,0.0035836812768101677
99615,0.0031134051960266438
99617,0.1569064868764597
99618,0.042893458947205906
99620,0.05472372479672666
99621,0.08554414027946051
99626,0.13331803147812518
99629,0.12919737294093586
99631,0.004909166847492244
99633,0.003911583993347087
99635,0.011800679415519839
99636,0.007095108480687602
99638,0.012012017890527396
99640,0.004732942016142875
99641,0.009903188476279525
99643,0.003765507887807247
99650,0.03822898459462684
99654,0.1259421045184346
99657,0.006094830267804552
99660,0.0038673139003845736
99661,0.1700088900631569
99662,0.02338673087089302
99664,0.00554375642202843
99666,0.016011965072387706
99668,0.0031547041098609167
99671,0.07575732065315209
99672,0.06861105438107568
99673,0.004052123051769791
99677,0.003976201272270461
99683,0.0065472195704028985
99684,0.0035854599856052676
99686,0.005070690234267966
99687,0.0047900289680579
99689,0.06826323937196924
99690,0.004147394400663318
99691,0.0037470258398835726
99692,0.003931066456719206
99693,0.00577635606485728
99694,0.032920083729799224
99695,0.11403473841153368
99697,0.022245432224562444
99698,0.01969469047841987
99699,0.10286933582462095
99700,0.2303712054490586
99701,0.006836315643868444
99702,0.03570949525278989
99704,0.004149106639810063
99707,0.005361896527331276
99710,0.005448858218796762
99712,0.0036777568876935514
99713,0.02981615901489231
99715,0.05442471491007287
99716,0.010354736672378734
99718,0.09175622908872742
99719,0.003612030999971307
99722,0.03461771743389621
99725,0.006949134746416058
99726,0.04924672146103885
99728,0.031127135281722073
99731,0.010553761799989743
99732,0.03536014895106787
99736,0.01804007330222669
99737,0.03195158042481407
99740,0.03459537651067348
99741,0.006776394771189158
99742,0.10736544723957663
99746,0.011172846342311065
99747,0.006379317991602437
99749,0.14302975149292815
99750,0.016770733024077146
99753,0.007805105278906589
99755,0.01930633347774175
99758,0.030107114634195194
99762,0.04602175080289148
99766,0.006604618392002726
99771,0.0037478688831520746
99772,0.016745384634487825
99773,0.08283747497453095
99776,0.003875140572274539
99780,0.009903019831622464
99782,0.0034685460613380504
99784,0.0038831876414090224
99785,0.011988347471549105
99786,0.04199774379607015
99788,0.00418388617047076
99791,0.1900743440869086
99796,0.10235271127465691
99798,0.19511904435925853
99799,0.009071083701882197
99802,0.014379081317452557
99803,0.12658341970511452
99805,0.005293428459048174
99807,0.1078267921668914
99808,0.003824319365589161
99810,0.07671175976297767
99811,0.042312768235006286
99813,0.011252479419575964
99815,0.018914884733027177
99819,0.07880310078327893
99827,0.02732795685001345
99828,0.004716203291213942
99829,0.004095541712320275
99830,0.011888011731713544
99831,0.13959432592683815
99837,0.012399201134677162
99838,0.09213338294199086
99840,0.016032094442371556
99841,0.020891288970217445
99844,0.030269141454389206
99845,0.1308720364252322
99846,0.0028883816662817665
99847,0.01921691130875551
99848,0.0051469676374751245
99850,0.017089700831312327
99852,0.025086751111325474
99854,0.12302071917080923
99855,0.020885014836312842
99857,0.04492671376589723
99858,0.007125647814985488
99859,0.020313438276975303
99860,0.04382182226095262
99861,0.005868408179611561
99862,0.016247239765257562
99863,0.0182994530190992
99864,0.0073510313145568615
99865,0.00718417915067941
99866,0.003303403270903457
99869,0.004023321253935008
99871,0.043978680118188875
99873,0.0077617395380611695
99875,0.17351473335738554
99877,0.004055955423410865
99880,0.01282798647314641
99883,0.01334297708489939
99884,0.019194547412812773
99887,0.17776891870281492
99888,0.06555902435997829
99889,0.012642018211908782
99890,0.12700766773497493
99891,0.00496308501607396
99899,0.006181439976019888
99900,0.0036042190080088233
99901,0.046952328943664114
99904,0.079636336576109
99905,0.009861532127802596
99907,0.029816919247184243
99908,0.009760570947083418
99909,0.017219151882203684
99910,0.009313043508435034
99912,0.04664418145924382
99914,0.057574393854495136
99915,0.01287860990793322
99916,0.003993893812957463
99921,0.0038179867222004203
99922,0.0028923282714130418
99924,0.05999942235066809
99925,0.024835408177900958
99926,0.04772621193453331
99928,0.25277770683555173
99929,0.0032865772602941727
99930,0.17912178783173252
99936,0.027142194573008874
99938,0.004611613897420697
99939,0.09348008532276882
99940,0.09868736283893213
99944,0.03808154168861438
99946,0.018146095605620433
99948,0.007133424048311558
99951,0.003268828099337372
99954,0.0033209537765697046
99955,0.25194773037386853
99956,0.0039323109606001425
99957,0.027587493873267543
99958,0.030486635884669582
99961,0.20856349787139386
99967,0.004165118737323034
99969,0.0043556533520524784
99970,0.03361841406312503
99971,0.09960442862559973
99973,0.01904992466270646
99975,0.03154338039963046
99976,0.010119237560082647
99978,0.007123053939853476
99979,0.43674576016880096
99980,0.014116240372113877
99982,0.0036968149166842403
99983,0.0033066634460275114
99988,0.0175346338026787
99989,0.01051264168876208
99991,0.019291440468580192
99993,0.005368690469877513
99995,0.026005260246358138
99998,0.037076193558311474
100000,0.08083707991235373
100001,0.07051386263045746
100005,0.024192338309803333
100007,0.24759083816950353
100008,0.02006145815288819
100011,0.0327422044283985
100012,0.008219280517783494
100013,0.03252422023189781
100014,0.025346484485362978
100015,0.044319876713378885
100016,0.015078041351994042
100018,0.023203616811761026
100019,0.047012991442700366
100022,0.003474284024949228
100025,0.0776593142012987
100026,0.017916449934788577
100029,0.0037884292697864756
100030,0.003625668066010913
100033,0.020995462918259464
100034,0.00357569601961228
100035,0.0035914722026120062
100036,0.0036152589582326765
100037,0.022324229638305843
100038,0.13236591715889953
100039,0.003487809940062614
100042,0.0076561774207687
100044,0.03915222319595338
100045,0.025254077931035165
100046,0.23211428251116242
100048,0.0038697788946682105
100049,0.10715189041421168
100051,0.014363900790658368
100052,0.01830465702446157
100055,0.02226657709702918
100061,0.004040670086055829
100062,0.010831097827821082
100064,0.028776306136571776
100066,0.003067797151825523
100067,0.06339597536255906
100069,0.08681968371704177
100070,0.029237105112689604
100072,0.014111998065623124
100073,0.012658316956821576
100079,0.009502936231395209
100080,0.00286677365408334
100083,0.030317561254444104
100084,0.004978122327688842
100087,0.005262568079468692
100088,0.0058408936986720375
100090,0.042317666944349075
100091,0.01121456330258537
100092,0.004636786713752668
100096,0.006013745229581569
100097,0.005256228648443198
100099,0.004262971979419034
100100,0.058812756746727195
100102,0.030294243500214875
100104,0.011575241458831756
100105,0.007648957555727424
100106,0.006110094904369026
100107,0.004641011577950135
100109,0.03204529609344612
100111,0.05839843812746834
100112,0.004058406699369529
100113,0.006039943392998981
100115,0.12945993510235262
100116,0.036182529348351936
100118,0.1029259061904244
100123,0.1856957652275877
100126,0.008142804524706842
100127,0.018904184045771186
100128,0.025297348716479266
100129,0.03373356184828222
100130,0.006900187283066464
100131,0.03986659293088508
100133,0.003093137018910191
100134,0.0029827781106834986
100138,0.0034574422583905575
100140,0.03677398409908125
100141,0.04372708023871228
100146,0.06822300785823064
100148,0.07184424417363802
100149,0.009802995601544013
100154,0.0037976782071213583
100155,0.012243239831997961
100156,0.013218032129608917
100158,0.003915023968893956
100161,0.003458392554372279
100163,0.026352131485969193
100165,0.047995817310287334
100166,0.0036653084197817904
100167,0.0189983836604654
100169,0.021639992106619047
100171,0.03035368516204225
100172,0.004255567850009813
100174,0.0048682269395260965
100177,0.006163870549918326
100178,0.06801713966279364
100183,0.0029514485517429345
100184,0.004122651133331681
100185,0.0036004295779542353
100188,0.038372443317852646
100191,0.07344386799445614
100192,0.012219593340794588
100193,0.0034897913014923444
100195,0.0197200244371275
100197,0.08590853943310614
100202,0.07357621183771014
100203,0.009195690056699988
100204,0.030309003531833904
100208,0.007712459641901903
100210,0.22275151283137318
100212,0.01534939420605524
100214,0.08768671817514259
100224,0.010744849196974207
100226,0.06273720790765538
100227,0.03696254544628166
100228,0.011900353621952292
100231,0.04047670812486534
100232,0.22191874375214457
100234,0.2328886417741804
100235,0.005285972690021626
100239,0.011923322276606365
100242,0.010456111318179778
100244,0.004171965836823157
100245,0.19724601873585515
100246,0.01015552027228437
100249,0.0053618247536675505
100254,0.030853991427605962
100255,0.013988797834167541
100256,0.004314636463778897
100263,0.008096335823943847
100264,0.058656079485679545
100266,0.0033013750345351326
100268,0.03103273618513229
100270,0.01691339744762664
100275,0.007202439099254773
100279,0.04376352507134501
100281,0.020157310079459628
100284,0.04828901044670849
100290,0.022036003355621576
100292,0.01252838203830971
100293,0.17990271906650726
100294,0.1204222932125208
100296,0.06246633595455304
100297,0.00465726680679587
100298,0.0034634819380533533
100301,0.026092726083828087
100302,0.03028172725738056
100304,0.042243158576545974
100305,0.012922353209321039
100306,0.00663734147144603
100310,0.1566207701901751
100311,0.006229254871636882
100312,0.005222962792577361
100314,0.004462406737071725
100315,0.013081577272399652
100317,0.0035304102962303414
100324,0.0040989610088879415
100326,0.006003247141683473
100328,0.05805078383221295
100332,0.0034653446998975128
100333,0.004812322393699686
100334,0.0038626433874504283
100335,0.01696214235558936
100339,0.008581786238453279
100340,0.010217283627389462
100345,0.0062871136981076615
100348,0.0034308868439935553
100350,0.004296231626377103
100351,0.11522736314897125
100353,0.006460858057639326
100357,0.011555229622705856
100358,0.005305552312429523
100363,0.049111558836449035
100364,0.026746365878896818
100365,0.006828929633878843
100369,0.20198995809382886
100370,0.038061391637706846
100373,0.003533645174601206
100374,0.003694068257594164
100379,0.007368181957843095
100381,0.11143900595610427
100382,0.0067273473581941
100383,0.06097935471474031
100384,0.0035410612221533815
100385,0.00618765959771519
100388,0.02758265654511514
100390,0.005359007986947821
100391,0.2248540376703917
100392,0.013967499492147784
100393,0.011878682873294051
100394,0.017293580033671905
100397,0.006787034136659266
100398,0.004670370699771368
100399,0.0546005537437236
100400,0.006450347355656657
100402,0.005946952012184012
100404,0.04993800714993922
100405,0.00989640461526717
100406,0.02993998649426463
100408,0.030359473406434963
100410,0.05207716371192135
100411,0.015331530045333367
100413,0.0039859543471172
100414,0.0038992434584581956
100417,0.17006526213258216
100418,0.04041584363420633
100419,0.22546468856330562
100420,0.0038449022672947626
100421,0.16291808836959923
100422,0.03239778491486001
100426,0.003458444062900387
100427,0.0256944268847416
100428,0.007615375437070486
100430,0.005039553733805684
100432,0.08769796448905692
100434,0.02084337468826868
100435,0.10507300943873396
100438,0.23375135084709076
100440,0.12675105526177682
100448,0.00825052703848504
100450,0.004357254752561141
100451,0.002881410587471289
100452,0.004615225559861141
100453,0.12628190540079193
100454,0.23341071769281002
100455,0.0046766183928248885
100456,0.0666789586261793
100458,0.004503021371908497
100461,0.02712727786415286
100462,0.21562387453194354
100463,0.02483582527370175
100464,0.0037762859919478736
100466,0.006250538405206118
100467,0.03127381800810477
100468,0.0036331700331267134
100470,0.014666839659424835
100471,0.004007850282964873
100474,0.013190031125662959
100475,0.02274362269770023
100476,0.00436149861208973
100478,0.034235292896919726
100479,0.003822162939896749
100481,0.09834252700103971
100483,0.010181785458351649
100489,0.007416014287325136
100490,0.04602667153600727
100492,0.0037994648824314367
100494,0.06363806959983173
100499,0.14660272816454226
100500,0.010981866681055752
100502,0.008470319452959212
100507,0.004297485353245562
100508,0.0036333765006388895
100509,0.036373481342112435
100510,0.0038067564325260576
100512,0.006915170639976952
100514,0.003877678844580026
100517,0.003445746329260698
100518,0.0030064755460419887
100519,0.026999474344818898
100520,0.008056663933641977
100521,0.026845631287372582
100523,0.035967773735941615
100524,0.006045911750681553
100526,0.008559863065540659
100527,0.013202978064644828
100534,0.024543245806966717
100537,0.07294148621163424
100538,0.07806166841370354
100539,0.00448420023225232
100540,0.047578739360321955
100541,0.019251311752908132
100542,0.031154190877075636
100543,0.014320722711959609
100544,0.046169145039963756
100547,0.005216547427725585
100550,0.05862096043907165
100551,0.11762846018689825
100552,0.1970137357746158
100553,0.011692558156571433
100558,0.008780983633423662
100559,0.003029037458241415
100560,0.005243028568404256
100565,0.005465939300389286
100568,0.017731009607223555
100569,0.0037916514292261143
100570,0.017562272975989307
100572,0.01154915190885417
100576,0.004151874090811654
100578,0.10508999638344065
100580,0.014498453395390819
100581,0.020124453247818464
100582,0.00762280201502789
100588,0.0031060974193431365
100590,0.031978198416513705
100591,0.008743604208356561
100595,0.004116777092169361
100596,0.007196159029524001
100600,0.005094404582615943
100601,0.0052660209499996195
100602,0.003669266478981919
100603,0.018614335966852344
100606,0.010598459502700405
100608,0.07917422131529571
100612,0.014136343682654158
100614,0.005061580197410659
100615,0.003989564341537385
100616,0.008576481668560771
100617,0.003783884523210835
100618,0.004898418663788668
100621,0.04272212528169073
100623,0.0055397013584935215
100625,0.016132361613083894
100626,0.027247141302716656
100629,0.14404687683680867
100630,0.24587256925187032
100633,0.01567328075143644
100638,0.08990902075501783
100641,0.006321470408731334
100646,0.07080555181136473
100650,0.03311350690578646
100651,0.004596413562186879
100654,0.17288974435587362
100655,0.27424331258217755
100659,0.0072917777438789135
100660,0.009841565961962596
100661,0.020718416219973737
100662,0.09324460585556968
100663,0.006005618038943914
100664,0.0036234515317773138
100666,0.3147815686141009
100668,0.10928051511616195
100670,0.031724721645215885
100674,0.05190912853857788
100677,0.024542126176757537
100678,0.020376284363944477
100680,0.0033112402239292476
100682,0.015441936465321097
100685,0.005090393740697644
100686,0.003531506773987572
100687,0.01394484168381463
100688,0.16947313419935622
100689,0.0043065192661774325
100691,0.01074392189941089
100694,0.022597864994075016
100695,0.16721118079145386
100697,0.06717242436877181
100699,0.15526469871727086
100700,0.035019978575847426
100701,0.09084355115994398
100702,0.1178160707477
100704,0.07194763049682178
100705,0.004836441631576963
100706,0.004981595278169012
100707,0.0035659578542853545
100711,0.2756898466516769
100716,0.29433213238266503
100717,0.008828989881615573
100718,0.03173177817698967
100719,0.010710457615679658
100720,0.003313624863830326
100722,0.00874053680848916
100723,0.014876359123556506
100725,0.004358439180651951
100726,0.1297959030971935
100728,0.011633262307123663
100733,0.03923416228024608
100736,0.014722173739703146
100737,0.059679388884215596
100740,0.01577854499202246
100743,0.06733895938316271
100745,0.002914306242596113
100747,0.003553674987477492
100749,0.2195560421708661
100751,0.12965963823409557
100752,0.03145515065396408
100753,0.011339014399824246
100755,0.03768181147445662
100760,0.22676834137397164
100762,0.014026580092704827
100763,0.12954541734243466
100764,0.0033674973191834376
100765,0.0028908828392065107
100766,0.0031044829670310013
100768,0.05648504952458017
100770,0.009903019831622464
100771,0.01081205832003063
100773,0.0034630763508760602
100774,0.03270334446747569
100775,0.028544815184541605
100776,0.01749415041501993
100779,0.003755615358149834
100780,0.009548720771932393
100782,0.028520424747635144
100783,0.0029361607373784003
100785,0.024956123083938637
100787,0.002982610810163899
100788,0.011328680348270267
100789,0.01611738735800017
100791,0.019511914097687093
100797,0.04482831773528926
100801,0.0038564063806377775
100804,0.0379599465418775
100807,0.028673742749230017
100810,0.014706447688479658
100811,0.0035694612241023134
100813,0.006591355549991399
100815,0.004854916411523108
100818,0.008918220470601783
100819,0.19984745882839722
100824,0.015731421955198267
100825,0.11188757199561052
100828,0.022082697587748126
100829,0.0054827616594806975
100830,0.005767902407205268
100832,0.006574548060511482
100833,0.012012887981341033
100834,0.011525588106926159
100836,0.054349079695829465
100837,0.00857392124499925
100842,0.00427912367996462
100846,0.0033722248856352544
100851,0.0036395819861582477
100852,0.003266544748513814
100853,0.006945545192239821
100854,0.279248371608124
100859,0.01227826380174727
100861,0.05790611508204607
100865,0.25794695704071663
100866,0.19722896313943725
100869,0.008815824327239116
100874,0.12212909720820322
100875,0.008415210567684265
100882,0.019971461149783355
100886,0.2432766570877957
100887,0.005072529213725217
100888,0.26749430995101
100889,0.005236420772639913
100890,0.003229832544193317
100892,0.005171870709118923
100894,0.010446003294640046
100895,0.010973695803323219
100898,0.07326328451951411
100900,0.040653812605900605
100901,0.03686156788893126
100905,0.0036552458690595046
100911,0.005226177380602382
100913,0.003524945724927769
100915,0.03244651366325849
100922,0.017057744584820886
100924,0.0035655424228446505
100926,0.060466450209727664
100928,0.0029416975504079623
100929,0.010914528674569025
100930,0.12297025080135071
100931,0.014520689846864034
100933,0.004063681681219301
100937,0.026092726083828087
100940,0.004914510885496522
100941,0.012373337498337085
100942,0.012049818387690226
100944,0.010626854989187974
100945,0.009875404790673304
100946,0.004619886417795293
100947,0.12713432684476328
100949,0.0074235100867034425
100950,0.025040978936628492
100952,0.004313293214937246
100954,0.0035295092449028733
100956,0.012606163022699101
100958,0.00802790150324029
100959,0.005373721548217128
100962,0.00835668600984532
100966,0.03844149575014909
100968,0.0071338418409043714
100970,0.0031837950727891993
100971,0.06416428378272097
100973,0.017973459757065588
100975,0.02148898860319522
100976,0.03486895493544375
100979,0.005411936074476059
100981,0.009903019831622464
100982,0.008846691609910352
100983,0.0042214269678920524
100984,0.03013214017557445
100985,0.010244087728490572
100986,0.00342608067137173
100987,0.014116297631197159
100988,0.041790612130155266
100990,0.04813572022528665
100992,0.0048607504758418655
100993,0.014131541911596615
100994,0.013235735651533858
100997,0.07837786610949152
100998,0.018163546488184776
101000,0.16158536895454886
101001,0.007780720555962463
101002,0.002985029643221305
101007,0.009876157802558294
101008,0.15047470070401234
101009,0.005953768117688699
101011,0.0028563112554434596
101014,0.003020598272090075
101015,0.03050616629439477
101020,0.05933012232542212
101021,0.02220864940244016
101023,0.004781667607550587
101028,0.04199774379607015
101030,0.011220536925552783
101031,0.003581877733612387
101033,0.003110891270368236
101034,0.0037615799636675105
101035,0.0037825797977694346
101039,0.0032684972438198606
101041,0.13798405326256327
101042,0.01188111631338341
101043,0.01644050548177258
101044,0.1374682637822719
101048,0.08419670152796609
101050,0.21046812914250448
101052,0.003779131639863471
101053,0.00952827587428776
101057,0.009476535568922646
101060,0.0090505191253854
101064,0.018701468208386418
101065,0.05067320691981781
101068,0.008721159837989042
101070,0.004354703354523434
101072,0.0039803097244034144
101074,0.006747809260086402
101076,0.05890517664339652
101077,0.0036066473804777085
101080,0.09818926724657849
101081,0.09259809614422276
101085,0.030887830300688927
101086,0.006724463518702826
101087,0.006332222741695054
101090,0.0039952267230969766
101091,0.16584497239714682
101092,0.03204529609344612
101093,0.06436345468539642
101097,0.026092726083828087
101101,0.02773435015970125
101103,0.016161688929430644
101104,0.23815162103025275
101105,0.012312032760513302
101109,0.0041067951213761
101110,0.03120190078239967
101114,0.0074443850152096525
101119,0.026092726083828087
101121,0.1317409359695894
101123,0.014821585431657024
101124,0.024902928389169854
101125,0.014266234022058713
101127,0.002952991361367009
101128,0.029584795977922216
101129,0.19874084765749914
101130,0.010965938107661314
101133,0.006680792656413397
101136,0.0043215891861513684
101137,0.06667043494813962
101138,0.003176321308852926
101139,0.05752047369568566
101140,0.003566197420652507
101146,0.021208314567428013
101147,0.030438405742365796
101150,0.02958593171508046
101151,0.007227203922906545
101152,0.058874941872291434
101153,0.030325295593062577
101155,0.06188694869519587
101157,0.008760772353434199
101158,0.011443498085786435
101159,0.0065111026994000105
101161,0.2513440979119988
101162,0.008595827526428035
101163,0.009052402378140848
101164,0.30350869853905177
101165,0.01565554782703664
101170,0.07143437099127842
101171,0.0037634627383080483
101172,0.24885491978892546
101175,0.003147209478634378
101180,0.04187427947781461
101181,0.060353734744415154
101186,0.2702026377062705
101188,0.04235405434175026
101190,0.0038320946108689993
101191,0.007648935185162424
101193,0.031745092485081686
101194,0.1005459161743905
101196,0.003963863049892831
101197,0.03957136545196834
101202,0.22201204700417868
101205,0.0032658703705531686
101206,0.004695525856242032
101207,0.003346590302903772
101208,0.016055428191142654
101210,0.0063762178586586685
101213,0.008667493587975871
101215,0.19150058496916503
101216,0.0038088123004059128
101217,0.04703140344213301
101218,0.0057855727236493055
101221,0.002994227512608924
101224,0.004734222091114431
101228,0.006926520172961427
101231,0.0099786205521871
101234,0.13381396149288122
101235,0.003761531936852679
101236,0.009297864324776696
101238,0.019798499368075352
101239,0.1616292589700338
101241,0.009291201689946524
101242,0.02881903761169471
101243,0.00718405486145628
101244,0.058882956136184716
101246,0.003551876514583519
101249,0.005932084447267317
101252,0.0037280192663578728
101253,0.004123793209891945
101254,0.0028343411183699347
101255,0.005523750567167251
101256,0.03477856778815884
101257,0.0889207299995903
101258,0.017313814834003807
101261,0.002837485957586154
101262,0.09827984190107147
101263,0.0029236711717876597
101265,0.0036807293447286304
101270,0.025551180697632295
101272,0.20837424450626427
101275,0.002978012531935094
101276,0.007080700109414102
101278,0.01927999881952411
101279,0.01120027794369339
101283,0.07155429672198738
101287,0.06494330358493645
101288,0.003987456573519581
101290,0.17524844318678043
101292,0.27640521864304385
101300,0.2395556887076343
101301,0.009763284723844887
101302,0.004208765379693785
101304,0.010281633148568442
101305,0.003868520701516171
101308,0.0221931821280353
101309,0.01130113273988366
101310,0.0037111351108024813
101313,0.17570428842237726
101316,0.00842138456918938
101317,0.0029344735223792683
101319,0.022363560461809012
101323,0.05186833814683193
101328,0.1892289429687441
101329,0.014688348184401352
101331,0.011098911279512028
101334,0.013532323779634516
101335,0.027727417481162638
101337,0.0068363932200370915
101338,0.0028972688186226165
101341,0.1200481613755588
101344,0.031002843439679944
101348,0.0037053821948189085
101350,0.030260309865701454
101352,0.122663374633594
101354,0.05045401620464812
101356,0.003737434614705252
101358,0.004419166766823734
101361,0.28619113502460414
101366,0.004488287123849493
101367,0.00366181419042083
101369,0.006275270533553879
101370,0.02360189826845988
101373,0.003787300316815687
101374,0.012432977938866179
101375,0.06598361211517466
101376,0.025073404557061592
101378,0.006514811430564892
101379,0.008752065162424553
101380,0.026675154749839843
101382,0.05692740663371937
101386,0.10957568944656709
101390,0.0695839966108389
101393,0.1703489845784629
101396,0.20596492425962404
101398,0.003576206961147546
101399,0.004168650099154328
101402,0.011302437324630406
101405,0.004452882514637734
101408,0.0038816779895232308
101409,0.06201274756775034
101410,0.0512858630640785
101411,0.13212974389539775
101412,0.06714406624472823
101413,0.007722756412838787
101414,0.09819795846970313
101416,0.003412232202546737
101417,0.0037500228931033764
101418,0.03048534431635685
101421,0.00383631672120013
101423,0.004685667483133277
101425,0.027221221055512862
101427,0.006306857164548027
101429,0.01185959238980501
101430,0.008958416515848174
101434,0.022817380049790822
101436,0.029506486867952045
101438,0.02160536425462971
101439,0.17581602304406566
101440,0.004818655190064056
101444,0.003806961471138537
101447,0.008707693937359564
101448,0.015002869227086756
101450,0.004358373910991805
101452,0.04116917992156137
101453,0.008933739316281728
101460,0.005601548983883647
101461,0.009301867715687312
101466,0.005885693394690474
101472,0.2322931958420103
101475,0.029161129738239772
101476,0.003267152422194887
101480,0.18411304024798153
101481,0.13976945893828938
101485,0.012759994304716294
101489,0.05527152109183567
101493,0.003120578436208333
101494,0.14592430886471694
101497,0.04276831366851982
101499,0.004500026998899011
101503,0.05224163095779199
101504,0.013247205813278533
101507,0.01034163348362112
101508,0.013008540211213874
101509,0.005421788650114331
101511,0.051357382354281673
101513,0.006293966367335901
101517,0.06238327993531904
101520,0.004332561794192968
101523,0.11833837663621492
101528,0.013367446726000454
101530,0.07473616344811143
101532,0.021488902621123147
101534,0.022766471596170894
101535,0.0038405218809675185
101536,0.004753006389607443
101537,0.06917755243575707
101539,0.003917736533838085
101541,0.06091687982214087
101542,0.006438370313808706
101546,0.032503194214925916
101547,0.0029666262016763206
101548,0.02182449725037487
101552,0.012058764740764177
101554,0.030490584573554837
101555,0.009980614043627952
101557,0.06878456377443959
101560,0.07861498858339067
101565,0.007124457255498577
101570,0.0686708138801969
101571,0.06192709085015789
101573,0.02449664121927199
101574,0.022960915115465056
101576,0.0030591239144594036
101577,0.21052713777792084
101581,0.005524935377384907
101586,0.004947747496483879
101587,0.003515263236200234
101589,0.004190276020521785
101591,0.0042982971795056885
101597,0.16126475130166346
101598,0.0047208702141153585
101600,0.10809298939869778
101601,0.029453380268355825
101604,0.010999790435497642
101610,0.07489088624705285
101614,0.02650908815783234
101617,0.010532898666885272
101618,0.04871694494792845
101622,0.007400844484163874
101623,0.0675660054212614
101624,0.005341964385826843
101626,0.004875527734090867
101628,0.008023346846910506
101633,0.004322563578752611
101634,0.005634296435380461
101635,0.003675535517316911
101636,0.0117312765081843
101637,0.005499565310138835
101638,0.0028316768677677942
101640,0.017891947122007753
101643,0.22677404559023137
101646,0.11255343048564133
101647,0.040957314738999884
101648,0.0028760461914323064
101651,0.003143541555154729
101657,0.008299832903284059
101658,0.01330047034725877
101659,0.005725383727839885
101663,0.006199275623381762
101664,0.21949799323471525
101665,0.008707028344696742
101666,0.015217273710247621
101667,0.0037726365001860282
101669,0.0033511866039117014
101672,0.004123793209891945
101673,0.2945588769349575
101674,0.1422336486455741
101675,0.02413326270315606
101676,0.003929888109888099
101682,0.006746165963909852
101684,0.016639593289025943
101685,0.19370990451058576
101688,0.027939162190125433
101689,0.07578265548400145
101691,0.007753710248282069
101692,0.00343807606057247
101694,0.003981382536035296
101695,0.05682078187397845
101696,0.022121863397477667
101697,0.1300737448435411
101698,0.008155393003945114
101701,0.14761577835504136
101704,0.004814185391775677
101705,0.00848019612378173
101706,0.014393933654010644
101707,0.005685525911506102
101708,0.0071029713733621715
101712,0.0066597240032004726
101714,0.003626851932009546
101715,0.04480093620378236
101717,0.024013443112795123
101720,0.011229294940826206
101724,0.003150715643087906
101725,0.01853546151124007
101726,0.05274084832723345
101727,0.026806185003877138
101729,0.0957709672755752
101732,0.07980467246207205
101734,0.04155324986612903
101735,0.026092726083828087
101736,0.006258419266423787
101737,0.003966607427305906
101742,0.055459359542209784
101743,0.005767577896501358
101745,0.10174346427497785
101746,0.22750591840262485
101747,0.019146647341932502
101749,0.007900754219464677
101751,0.043804556774996006
101756,0.012847746857967884
101759,0.012884479471304774
101760,0.05554939905404423
101763,0.03421468857864454
101764,0.0038755173182878173
101765,0.012505653194293845
101766,0.0031274318394661636
101767,0.012916249581524007
101768,0.003985697941673004
101769,0.122663374633594
101771,0.006690887449264105
101773,0.03631089360083506
101774,0.052891126014331054
101776,0.0058411713675957195
101777,0.03023377310009606
101779,0.08396632088602987
101780,0.003758415094630617
101782,0.006273850626387262
101784,0.010552875219938886
101786,0.019707350034624215
101788,0.051978355474211146
101789,0.2261883159841903
101792,0.12382300899318188
101793,0.015297339003199417
101794,0.1708317824473088
101795,0.026459765178180723
101796,0.0036155605153941834
101797,0.026347127872918395
101799,0.02516123767994623
101800,0.007138047958102566
101801,0.15848295213081282
101802,0.0029132607953077146
101808,0.01968190545098914
101810,0.0036932833304848707
101811,0.013380556795895067
101814,0.005892753014032264
101815,0.013830334557589826
101818,0.010757550327148806
101819,0.0733035814643649
101820,0.005828385885851261
101821,0.01130477398236466
101824,0.029550150291312905
101826,0.019967699680834998
101827,0.13748435252186988
101829,0.008073881393966571
101830,0.014127313126881829
101831,0.02224450958489835
101832,0.020236855775894506
101834,0.024789920844716994
101836,0.020630371007865734
101838,0.0036970385047038466
101839,0.17581103421983085
101841,0.02533006534129156
101843,0.07152139122233289
101846,0.025286707135663982
101848,0.011073770260627185
101849,0.0392283247073686
101853,0.004348495497529016
101857,0.035908642650460086
101859,0.07615931477451747
101861,0.021566206186822673
101866,0.012444677041020374
101867,0.017523181498798272
101874,0.014111246879836524
101875,0.06906639756904799
101876,0.0067900214259983185
101877,0.02514601890503648
101878,0.0030436328127566225
101879,0.040878420685707274
101882,0.023924978458139446
101884,0.0042681339109950575
101885,0.006282668199031934
101886,0.17472781701302453
101887,0.015716568046099624
101888,0.01695507902813217
101891,0.03989461165512808
101892,0.006000781889498979
101897,0.011281042739274105
101901,0.011229433535293114
101903,0.0046161522406164045
101904,0.02359595439602536
101906,0.028965922813239602
101912,0.005606512846362904
101915,0.02934157336959205
101918,0.6744140977690256
101921,0.01411161056978556
101922,0.02124568072466016
101923,0.0030895849530717355
101925,0.0038351805674625844
101926,0.006728693669460432
101928,0.0054367112622912845
101929,0.006621304800129168
101930,0.015173727226543315
101931,0.00323490272391485
101932,0.0037368731654813694
101933,0.1920795882142341
101934,0.2124926661530236
101935,0.15066414031826939
101936,0.022566846898171507
101937,0.004303615244794446
101941,0.03854539273550033
101942,0.014137310421545861
101944,0.0031433749422053827
101945,0.07627598516797843
101947,0.048918376636037916
101948,0.0039015384155615287
101950,0.014617892534717113
101954,0.0028829383970032907
101955,0.005356400609585438
101956,0.036297409866228675
101958,0.02005171559922567
101959,0.06394138897218339
101961,0.014513964426990586
101963,0.013709813379673651
101964,0.007834179082842384
101969,0.01101323258703602
101972,0.003534092120053679
101974,0.015839096175407092
101975,0.0858544139339607
101976,0.09267077958990548
101978,0.04670449286139756
101983,0.2219285824101098
101984,0.0029598258807921863
101985,0.2001050115294066
101989,0.006291784712535212
101993,0.056968138802370095
101997,0.027276960793154437
102000,0.026355462897669348
102002,0.00415926397519496
102004,0.22271677442529264
102005,0.024650708356860927
102006,0.014281330762406475
102010,0.043957971598796705
102011,0.006836381126514968
102012,0.014957886837586509
102014,0.006683177917776608
102015,0.00514156915824046
102018,0.0038912657961273946
102021,0.009119328061008916
102026,0.003849620746310255
102027,0.07046189846442033
102028,0.017397949946232106
102029,0.023398031418582134
102032,0.011006721096092544
102033,0.017243376536016684
102034,0.05326839717897177
102035,0.018877358502421414
102038,0.008013331050512551
102040,0.06820389633154236
102041,0.1723443152937553
102042,0.0036625833439735103
102043,0.010244707608062925
102044,0.003529214147011965
102045,0.003739649626152667
102048,0.00763955528201314
102049,0.014667951219052431
102051,0.0034865933843479247
102054,0.03456170108789287
102055,0.004027524845878657
102057,0.01937615432888987
102058,0.012523828698109675
102061,0.0034046827659624888
102062,0.006408237206382558
102063,0.12420358645910189
102065,0.016958283043068914
102068,0.02148934200379716
102070,0.0030418232487752937
102071,0.0032259685936862617
102072,0.004192009427364356
102073,0.046141965351671366
102077,0.23372909750112333
102081,0.04703490841862082
102082,0.002941075001605953
102083,0.17886403486279373
102085,0.11279553358191177
102087,0.026111002911253647
102088,0.19180314889815409
102089,0.01722119695099384
102094,0.013022135169702737
102096,0.0034242631109696513
102097,0.00604847113947956
102098,0.02167701507999583
102103,0.03852314342167756
102104,0.19874084765749914
102105,0.005333297474030995
102106,0.00861435909057828
102107,0.0053214693340828765
102108,0.003256260588882527
102109,0.0059446488217107405
102110,0.010966508312420386
102111,0.03674538049563925
102112,0.005737154860129833
102114,0.23483616417998487
102123,0.03021019220568555
102126,0.004641504999839374
102131,0.011211464375079881
102132,0.004646356416112195
102133,0.10314337216013944
102134,0.002992111249554315
102135,0.04657875111254431
102139,0.059176927596392565
102142,0.12332328604300412
102143,0.003979236885197998
102146,0.024053740964313296
102147,0.015559800288520739
102148,0.30531564630768776
102151,0.0041741751144943025
102153,0.00715302905493495
102155,0.007593822584097771
102157,0.14522775223624948
102158,0.0028937432306527637
102159,0.024853071804799964
102160,0.003848965929623083
102162,0.0036642742941781635
102170,0.047743416902094826
102172,0.14562383817116106
102173,0.16558120673698778
102174,0.003157100367746878
102177,0.009207371134980411
102180,0.024783679296827458
102183,0.008098173415423873
102184,0.24004872462566884
102185,0.05279569325514709
102187,0.003467301705295495
102190,0.21276142866050166
102191,0.006291432341768097
102193,0.06735350755391388
102195,0.0509678410566013
102198,0.01264740628707473
102200,0.003788800347656524
102203,0.004302354423925574
102205,0.0039044395822291533
102207,0.004566257665346698
102209,0.01801322582400169
102210,0.02145434237452241
102211,0.013037635968704735
102212,0.0034368323329478454
102213,0.12839991977601625
102215,0.003533399656328117
102219,0.0030162495539623325
102220,0.011327502661862752
102221,0.27122640834099343
102222,0.021269203199127517
102225,0.0029322228095225444
102226,0.005726769168899314
102230,0.029147784196096413
102233,0.03899537815105358
102234,0.003935515787048683
102237,0.21569596930592194
102238,0.011884782371648236
102239,0.04467404278536944
102240,0.019246674552260822
102241,0.019992015391600747
102247,0.05445187661987782
102248,0.003847058661490336
102251,0.010273945319868498
102252,0.11975829775263198
102253,0.00290009661072807
102254,0.20165370969842414
102257,0.021056234084071642
102260,0.11076455327676099
102265,0.20533663505692884
102266,0.19743729233362223
102269,0.019928438817804022
102270,0.03508347095710277
102271,0.21031188009853688
102272,0.010441590090962754
102275,0.007387943228408266
102276,0.043651798893824575
102277,0.012456197076113696
102279,0.05494829861924551
102282,0.026092726083828087
102283,0.11893530067833707
102284,0.04543408470398126
102286,0.249147229518984
102287,0.020851961492190686
102290,0.018752855869627966
102292,0.04463398560452681
102293,0.00295998122317751
102294,0.005786198111983245
102296,0.0031131764566231916
102297,0.003689758032230057
102298,0.023020430385198003
102299,0.019306473767052745
102301,0.0151619681633487
102304,0.022527458309196523
102305,0.0220260884174128
102306,0.007375630150345845
102307,0.05277475347786224
102310,0.003569639856901509
102311,0.004219300365383663
102313,0.03459537651067348
102314,0.010833314217381339
102316,0.0032751233749229443
102321,0.002835976389132096
102322,0.03054136373817955
102324,0.005882261642397334
102325,0.05696341652684167
102326,0.09765918781581014
102328,0.0033503828413304396
102329,0.004158829389694454
102331,0.006729274032150984
102336,0.024021920022590845
102337,0.19296034109740315
102338,0.09110723698276785
102342,0.003582896846144291
102343,0.039506879871455215
102347,0.03220365753112698
102351,0.16960349164902966
102353,0.2788742216724916
102354,0.004069180947080459
102364,0.004365156406083215
102365,0.026092726083828087
102366,0.16487275520837708
102368,0.03453463136260097
102369,0.006207992504263798
102373,0.006231100581879893
102374,0.07566351581588933
102376,0.21895762278698516
102377,0.0037378375505170394
102384,0.002909931036743042
102386,0.0036653084197817904
102388,0.009252921375347925
102390,0.19998993324657566
102391,0.004031450978301778
102394,0.014650703243147765
102395,0.008733333315063652
102396,0.0038389316650393464
102398,0.011726546314987665
102400,0.0032255294920229215
102402,0.0029460631927907726
102404,0.006598916587233261
102407,0.011162339297816317
102408,0.014198556063563272
102410,0.01194851466028737
102412,0.0038045954998291113
102416,0.10515131679225909
102418,0.003583546262864903
102419,0.21184424627196463
102421,0.0037249458510088197
102422,0.004405514435979313
102423,0.025040978936628492
102425,0.007654670621496639
102426,0.037322279257365705
102427,0.03593830213302627
102430,0.02379970091773029
102431,0.018276799814181587
102432,0.027245363213433318
102434,0.026103653269725222
102439,0.00414855609001704
102440,0.01122012776429398
102441,0.10386212219409069
102449,0.008022523172618583
102450,0.004236644356583473
102451,0.003211376311037862
102452,0.009582681604359149
102453,0.14771687105815418
102454,0.025093849083795423
102459,0.005764711161113546
102460,0.010747970746921225
102461,0.006327328381954399
102463,0.17824337217489758
102466,0.014836021186347326
102470,0.0031308101935994016
102471,0.0031819224893817164
102472,0.010252485083158019
102474,0.03955988771748381
102475,0.0817301661318049
102476,0.01167071256687479
102477,0.003797831101530464
102479,0.015011847992006869
102480,0.00508993795466188
102483,0.007882630986809348
102485,0.09177413686117215
102487,0.06279777110313335
102488,0.16686632857083017
102489,0.2317112852587725
102490,0.01322112042359186
102493,0.0035761203288135596
102497,0.041954366313291795
102499,0.006333322538724767
102501,0.004551180423202602
102502,0.22755982477824638
102505,0.023061868779013325
102506,0.007926443450963343
102507,0.005716886504172462
102508,0.010553685234371826
102509,0.01553599214479407
102510,0.020607908671752613
102512,0.003985697941673004
102513,0.12002070483474755
102514,0.034510956762918335
102518,0.0029949554471353093
102519,0.00361717537906754
102520,0.0056776427153799915
102521,0.010139825216934526
102522,0.28127836733650635
102525,0.00530390512445856
102528,0.03911221072537986
102529,0.011389455349854156
102531,0.1525076447121493
102532,0.00345998610076816
102533,0.04617862714989016
102534,0.015033892100844052
102535,0.0489656238427769
102536,0.200748876525467
102537,0.046505072917776925
102539,0.0031880416083777366
102540,0.0036293604769999308
102541,0.005608137540101748
102542,0.052120780379491465
102543,0.007490997610530994
102549,0.012468089237850316
102550,0.010478693107484905
102551,0.10428925748535854
102554,0.004749084938656466
102558,0.18370493880097563
102559,0.2469487083833615
102560,0.07892289729858018
102563,0.08035030855659854
102569,0.0043955305888400496
102570,0.0075981766628947164
102571,0.05110750603029883
102574,0.003302586933061029
102575,0.0056688247710832375
102580,0.004123378596338833
102581,0.010059783059462236
102582,0.04646441633261168
102587,0.006925947637187335
102588,0.004220585132191697
102593,0.19014870308194043
102595,0.0035306348762447434
102597,0.0035928737164688993
102602,0.1802070279264089
102606,0.12260194062118401
102607,0.011990498746629111
102608,0.004300268128864027
102609,0.0036664789316306337
102610,0.007923172189810862
102611,0.040899312249818
102612,0.07398397676950014
102613,0.003537208040751626
102614,0.003032045140693029
102615,0.007497139504306577
102621,0.003985697941673004
102622,0.026092726083828087
102624,0.03459537651067348
102630,0.005495153593664378
102631,0.1730391457067032
102632,0.019334867513929765
102634,0.0030184734270191616
102635,0.006046386644857324
102639,0.013580329493067362
102640,0.004823115783211795
102643,0.008829258569803175
102644,0.015335300164728114
102645,0.017180483518271658
102646,0.004935580139505616
102647,0.003723483348404247
102649,0.0028883816662817665
102650,0.022676326162683925
102651,0.009312467355651161
102653,0.052849193228551396
102654,0.03747817378522086
102655,0.10021922113349772
102656,0.03865317492081245
102657,0.013291235110993203
102659,0.02236488317175968
102661,0.06685224498170268
102663,0.006608763302010381
102666,0.017205864044266328
102668,0.0604017251426972
102669,0.031007638158990464
102670,0.010178379783321489
102672,0.033689211696177654
102673,0.026092726083828087
102674,0.016700518484033925
102675,0.041214616398811514
102676,0.003883139886312334
102677,0.17438443804640763
102678,0.1882683924468933
102679,0.11280541365410816
102680,0.003758551832334697
102681,0.005820560070020845
102683,0.003994514866010182
102684,0.010690612887508314
102685,0.0612450893574594
102686,0.018047222619702825
102687,0.011515974634810282
102692,0.1296325496219922
102698,0.0034527279132813542
102700,0.015246022131336065
102701,0.2916284552850046
102702,0.0028193009850080246
102703,0.0037804337058763913
102707,0.1393959523519863
102709,0.0036364333173622807
102711,0.07398345959936273
102713,0.010971754075463129
102716,0.24849916943432654
102717,0.21035170948555823
102724,0.00938183048847769
102729,0.052684303686229485
102732,0.05320661359086475
102733,0.003751889374488182
102739,0.008759807910795007
102742,0.02200269861919595
102745,0.005821237779031705
102746,0.0033299880838148503
102747,0.008041394605878027
102748,0.005098603340644658
102749,0.028953610352936344
102752,0.0052922421354743765
102755,0.004215839906411009
102756,0.00443316954995256
102757,0.004059256689702214
102758,0.11897820124919549
102759,0.02067474850537047
102762,0.1432651875152289
102763,0.20676624120073853
102765,0.0035172761624015086
102766,0.16943298425503178
102767,0.04871873198612119
102770,0.06648626700543597
102771,0.006440500223312451
102772,0.08496614441029857
102773,0.003488491832867071
102776,0.013332015735161224
102779,0.00999301239851303
102780,0.0040185531105826
102782,0.20342462086089888
102783,0.019971246948909872
102784,0.003989166688904105
102788,0.1099188767534025
102793,0.0706034661146571
102794,0.0035760506163510946
102797,0.06411181380332615
102798,0.01483353381394149
102799,0.014187483858552938
102800,0.032715339144131536
102801,0.00927684040442685
102802,0.010196457194797752
102803,0.07239165863265919
102805,0.033495579193411666
102806,0.004522981973232816
102807,0.03813602560681417
102808,0.03008147758085767
102814,0.004069243331069202
102816,0.08259841598327242
102817,0.010455761142683272
102820,0.006046386644857324
102821,0.0029481239036809816
102823,0.015334624485450267
102824,0.10147825783067971
102825,0.008540303935924838
102826,0.0037252066367138843
102828,0.0037607958740757557
102829,0.004710262063026164
102832,0.005040098865493299
102833,0.010451344918286075
102834,0.003242749223013816
102835,0.2005821452880022
102836,0.0170057077615815
102839,0.040554465342544754
102840,0.0066010973708333105
102841,0.0033835246827723783
102843,0.0036031259417476542
102844,0.007701367144105541
102845,0.223009540209393
102846,0.0380983164804102
102848,0.034866140310961996
102850,0.003848965929623083
102851,0.004825276212242557
102852,0.0036889301811645616
102855,0.008782193450364968
102857,0.003995015793388045
102861,0.05889979367492322
102862,0.19527076637220991
102863,0.03631533608591225
102865,0.005242614912502507
102867,0.01942772992707223
102868,0.0037804377405160753
102869,0.2551272708733193
102872,0.05014146132172092
102873,0.0034740866353715717
102874,0.003966292698427992
102875,0.006914903253576051
102876,0.08923561919369062
102880,0.010345110824496259
102882,0.017895283536357998
102885,0.024796618260075075
102886,0.045111728231720466
102887,0.03990434183563955
102888,0.0034168234535713296
102890,0.004547390281795876
102892,0.00651332350187803
102894,0.009182499116833751
102895,0.7031925940585756
102896,0.194025216183705
102899,0.0034445858677130937
102900,0.0028335620011264197
102901,0.0030505691212385205
102902,0.003199033816954495
102904,0.0348763535776137
102906,0.03901158569596094
102907,0.03181752023748843
102908,0.05511546768094501
102909,0.0043249806529127785
102911,0.1750486834510695
102912,0.003962198899312918
102913,0.03458517985612616
102915,0.014761836085101818
102918,0.013153567550502374
102920,0.07371809780304933
102922,0.007674524437480517
102923,0.013234974863432034
102924,0.006806599388225373
102926,0.24349481675022747
102927,0.026092726083828087
102928,0.04811485655402072
102930,0.0034296363396933514
102935,0.011634432492938666
102938,0.033703978271340876
102939,0.010339452663143862
102942,0.018311988564639482
102943,0.053494557747938105
102944,0.0037273650544129397
102946,0.0029478717688992463
102949,0.003399311212940587
102954,0.0030702315313565986
102957,0.009238918558010685
102958,0.0029164512174366317
102959,0.13294196907109682
102961,0.022969796179091714
102963,0.006236744450789891
102964,0.006576825981172317
102965,0.010045495961127618
102969,0.043431494713736744
102970,0.010248177327281904
102971,0.05046080040600892
102973,0.01495712483542875
102974,0.004251876643450528
102975,0.003590115761650825
102976,0.004626636940300317
102981,0.0033466241839829767
102982,0.10362832104918482
102985,0.006801041467552669
102989,0.00655755034584358
102991,0.007108082266199754
102994,0.003699867667348568
102995,0.13884916579187176
102997,0.04442669605794106
103002,0.012065274773984969
103007,0.00395049695895022
103012,0.00951068955276229
103013,0.02781507794273382
103014,0.0038311874569675686
103015,0.060244263693502206
103018,0.09604859096278942
103020,0.054847971491049925
103023,0.012818703508809901
103024,0.025409826633340852
103025,0.003689772732919668
103027,0.0036501407816969147
103031,0.03050984577862737
103033,0.010570359733092994
103036,0.006875060628916373
103037,0.006697436296329187
103039,0.025465933369685848
103040,0.0040824939558399675
103044,0.021082596033205173
103045,0.003712051002767934
103046,0.02192952241041699
103048,0.042730387478651495
103049,0.0032844684632489397
103050,0.0032507752297991173
103051,0.06665566147545124
103055,0.010313676480278833
103057,0.249102626269771
103058,0.026092726083828087
103061,0.20437771457202272
103063,0.0076081466275115615
103064,0.004798879795989057
103067,0.019106475591518048
103068,0.026092726083828087
103072,0.0036617174746576475
103073,0.0032609799348038786
103074,0.0031346970509092296
103075,0.005023000199729762
103081,0.006017542986320734
103084,0.003817508481409308
103085,0.008781829032779924
103086,0.07822800000200142
103087,0.0275353714503496
103088,0.006690481682219436
103090,0.02976701866998245
103091,0.07049321781828104
103094,0.007592318523397315
103095,0.06319593605622657
103100,0.005381093177223048
103101,0.036024829201563774
103103,0.003955784134992456
103104,0.0036552458690595046
103105,0.003026765214193825
103109,0.16495045975772996
103112,0.014652898491159045
103114,0.016935594708994577
103116,0.2488633955489576
103119,0.0928892510749744
103120,0.0238049364834001
103122,0.014705654170136412
103123,0.005688546523204878
103127,0.005031396050753705
103130,0.028586097912276905
103131,0.005933700597621716
103133,0.09694006501795359
103135,0.0035315136446636745
103142,0.004181656122729028
103143,0.002978088421614987
103145,0.003557824445276094
103147,0.005601348508798414
103148,0.0055695737755028
103149,0.09084604566813051
103150,0.03146000416968991
103151,0.057517651646592026
103152,0.021484876432491782
103153,0.011367693401131591
103154,0.0225149936604211
103155,0.022302379319712594
103156,0.004257102993268977
103157,0.009874127044944503
103158,0.013405706612519974
103160,0.008781005650321111
103162,0.004198350114810401
103163,0.04755824808564275
103164,0.0062277626430851645
103165,0.008557715720942497
103166,0.025848542027553028
103167,0.006533046033600255
103168,0.0034626083950449783
103171,0.007123199148878002
103173,0.010197775644132975
103174,0.0034352380209061147
103175,0.14260530466409868
103177,0.0035345575295379445
103180,0.004479712010131205
103183,0.0037252912663742472
103185,0.014128824939401277
103187,0.005915210615931885
103188,0.026092726083828087
103189,0.003135155393848419
103192,0.00830342813338739
103193,0.006601515284213589
103195,0.002881606844444526
103197,0.008536111978022783
103201,0.03008682235337113
103205,0.0036101562568303857
103206,0.023773232492578285
103210,0.09931446054085918
103211,0.003716244414801527
103213,0.1945113763755477
103214,0.01121224523403355
103215,0.007963756391943027
103216,0.007624689275427951
103217,0.003934843269976252
103218,0.04579230914646996
103220,0.006014202980024279
103225,0.04258302953804785
103226,0.004932932357070907
103227,0.0033978347950231547
103228,0.002984010398588256
103229,0.10107179471948208
103232,0.021212891305995945
103234,0.007715977569380145
103236,0.0033989215757562986
103237,0.009023225123023264
103241,0.00501632590744662
103242,0.007219851008951327
103243,0.0039020855747809616
103246,0.0037592544913456834
103248,0.022837619384645378
103250,0.008529985621370409
103251,0.003963497082748331
103253,0.0031506440729857223
103254,0.007331277015291658
103255,0.02109836051147745
103257,0.002916355740547102
103259,0.0038112856867829155
103260,0.029504971688320697
103261,0.027080629744573967
103262,0.016958283043068914
103264,0.023524329038014907
103266,0.07724029369400968
103267,0.0044403320356226446
103268,0.014504077326836954
103269,0.0037598411119656706
103270,0.0029357509359679585
103272,0.49244000847209585
103273,0.01113822185220099
103275,0.0037418528492099714
103276,0.22533854796914704
103278,0.014649379801320098
103280,0.06042563915570644
103281,0.005969058632293151
103283,0.014863178975053496
103285,0.04664144076015939
103286,0.021015957163546085
103289,0.03254805046163138
103290,0.004236931699479191
103291,0.008598977220198704
103294,0.05197836700120793
103295,0.011278559559447428
103296,0.014706534398162396
103297,0.014740202711270587
103300,0.003279125479832048
103301,0.004180811658803988
103303,0.11706971016480737
103304,0.005192849747634318
103305,0.011847303814980604
103307,0.013952289588591299
103310,0.003567475179655446
103311,0.006069704790082134
103313,0.032713804770091885
103318,0.10918710984142359
103319,0.030182016000544355
103320,0.01560581431812576
103322,0.017592276015407426
103325,0.007901509532245147
103327,0.00380422610694808
103328,0.019747997083820936
103329,0.00555733905656989
103337,0.0029202251761833394
103338,0.005402041540550433
103339,0.02274176811791623
103340,0.02100133054812484
103342,0.20165370969842414
103343,0.00776578952605693
103344,0.05173444289488673
103347,0.0034890786980403725
103349,0.007166648858784419
103350,0.02000845749083907
103351,0.013130717079311412
103352,0.012261483448690252
103353,0.034693641660440096
103354,0.00396629298240739
103359,0.014198187769102812
103360,0.0031560569263766906
103362,0.0038423981580446944
103363,0.0036527056959139576
103365,0.004256612635986666
103366,0.015783172705435125
103371,0.007607390849907285
103373,0.0037203480914779143
103374,0.03677789046234227
103375,0.08034561315480672
103378,0.008169521707169612
103379,0.03253040733044498
103380,0.0357248355617252
103390,0.011571128437243805
103392,0.03459537651067348
103394,0.013943943989923734
103395,0.006524016772789924
103397,0.040182721461727904
103398,0.037250708973335774
103399,0.015305221394023676
103402,0.008479536574679735
103403,0.030072677849948822
103405,0.01888592266626848
103406,0.004881062825424218
103407,0.09549470162291841
103410,0.03406218581229693
103411,0.02431071643721735
103414,0.013234841725696151
103417,0.0035894960656854408
103419,0.008268383952765907
103420,0.0032565481541828186
103421,0.004705532236932165
103423,0.09862021451953511
103426,0.022700166781279608
103431,0.005747528209856069
103433,0.00629601361776295
103435,0.016480382649980963
103438,0.009892231835856687
103439,0.003365905329246344
103441,0.023042712372672153
103444,0.010622387787408694
103447,0.0029202258960464127
103449,0.02125859102521472
103451,0.008245903644436059
103453,0.016446967847419145
103454,0.14279082332721416
103455,0.2130622212409043
103458,0.06419526997213923
103459,0.009738506489864204
103460,0.18437000376539012
103465,0.038794079664506105
103468,0.049073125418957704
103470,0.1312835334563247
103472,0.03103320810320856
103473,0.004757815193248443
103474,0.06844880540430134
103476,0.029289472357007258
103477,0.008007826203573497
103478,0.0041627290354355525
103484,0.0028043204903226288
103485,0.003559740583810118
103486,0.3175376830163023
103489,0.003152100519426104
103490,0.0039040182394458394
103492,0.003136411315138702
103495,0.0056064731304152
103497,0.10272597195822468
103498,0.0041138532304668685
103501,0.0399257110118858
103502,0.005102693496654556
103507,0.03349502103211108
103508,0.06605458809072029
103509,0.007679609497633822
103512,0.023479930591681762
103515,0.0035191370951391755
103517,0.0030886274620074094
103518,0.21087886003600048
103521,0.0028458900021479288
103522,0.018620960603221697
103525,0.003512888887505505
103529,0.017542489357676633
103531,0.15047453379207248
103532,0.0042556288599312295
103534,0.005057510364059446
103535,0.00495184624238347
103536,0.06854497252327153
103537,0.0255506547364466
103538,0.026092726083828087
103540,0.003070509379668427
103543,0.00346474360502457
103545,0.029235562631919763
103551,0.013303434389654376
103553,0.010625942311109795
103554,0.026408289243597637
103555,0.005466814322637338
103559,0.05545555458164489
103561,0.005195798652802523
103563,0.03528858482172393
103565,0.00503925367195917
103569,0.0036567498263220034
103570,0.016881655676287036
103573,0.08274454249155044
103576,0.08744071631492653
103577,0.014224135731193297
103581,0.0031083148401688373
103587,0.046758804060805764
103588,0.041170283070399265
103590,0.0661791533896532
103591,0.019424354250522784
103592,0.0034094709171818894
103594,0.08795700319622723
103597,0.0032601770456810388
103599,0.11222561195341998
103600,0.031049229146812275
103601,0.005355938149399118
103602,0.00441468645055109
103603,0.01103789505534031
103604,0.025138654009626452
103606,0.004210635576812739
103607,0.20232928385858948
103610,0.0035558684515603124
103612,0.0033314432297801852
103616,0.19035149327770198
103617,0.0035327961129751288
103625,0.008591266980478109
103626,0.010441929556780586
103628,0.009167368685456097
103629,0.21470594940722454
103630,0.003745737884785734
103632,0.01747043513649312
103635,0.012639211143678013
103636,0.05361474274131817
103637,0.0028719390069782734
103639,0.1303588630825749
103640,0.003938742850522497
103641,0.04437364798623533
103643,0.005006957106785696
103644,0.023334832237706476
103645,0.03711218709867366
103649,0.006171627201394391
103657,0.04094736933679704
103659,0.043165932207749017
103660,0.12536893174866412
103661,0.09326427048146252
103662,0.00921502043871399
103663,0.01763109538090265
103668,0.00876929232918118
103670,0.1288956058031531
103671,0.004022772541686748
103673,0.1446681924902957
103679,0.042762697809475704
103684,0.007012158483401473
103685,0.03459537651067348
103686,0.007976936299233068
103688,0.07757988750313757
103689,0.003017072484829992
103692,0.009165251159739303
103695,0.026484695374617694
103698,0.004558715235019981
103703,0.0033075996322580177
103705,0.18246797209984622
103708,0.013905543011341613
103710,0.005728444578129597
103713,0.035045202726106034
103715,0.23303507370136478
103716,0.13107019017924773
103717,0.006097178036301398
103719,0.004489861475145837
103721,0.010863694727620237
103722,0.025437820564298358
103724,0.012926377362477199
103726,0.0037024644761865437
103730,0.00979930925992451
103731,0.3033151200219177
103733,0.20995578779644186
103734,0.003566821746766355
103736,0.062923983019909
103737,0.02349941283935962
103738,0.0029036345276581463
103739,0.003616314992021908
103740,0.02169818092750118
103741,0.004167553003177386
103742,0.006417875050733787
103745,0.03436158858462695
103749,0.19229682435986395
103750,0.012568855345797535
103751,0.004953809286105708
103754,0.014116996204192333
103755,0.010204941459495005
103756,0.07530636323002114
103759,0.004433894061004349
103760,0.0028861529975982435
103761,0.009778354236027825
103762,0.022564630421337294
103763,0.008762198317210493
103764,0.007847108810633684
103766,0.0034507255363616417
103767,0.06518032659204832
103768,0.012645341811352004
103769,0.050654291236347126
103771,0.043070412902092736
103777,0.043045793666174656
103781,0.05004083270862534
103782,0.022927407367841594
103783,0.005267089265278209
103784,0.00807092045625432
103786,0.004047148786375124
103787,0.003913002992890645
103788,0.10372697418807063
103790,0.13197968912375121
103793,0.030993795358024316
103796,0.04152136599868932
103797,0.050067603518070325
103798,0.04944303762474955
103801,0.07688673046393783
103802,0.006685899178754771
103804,0.0055803912280009684
103808,0.021874275079416958
103810,0.013970704696286898
103813,0.0971812003974177
103814,0.030517070444716316
103815,0.01858806109908803
103819,0.003986165919171663
103820,0.22638703334175436
103822,0.006411885851253353
103824,0.06800884632560832
103825,0.004131022995427345
103826,0.07262426057993411
103829,0.012981675922664665
103834,0.013601548628512717
103836,0.09588028926347808
103837,0.19527076637220991
103840,0.005233371370859872
103844,0.010513188691906263
103846,0.006757358698456961
103849,0.003848965929623083
103850,0.003668297613258256
103851,0.030412381233005846
103854,0.007827162906756389
103855,0.007070055765756755
103861,0.0037941961444804733
103863,0.11646169982449604
103865,0.002832380366765995
103871,0.006068511575144629
103872,0.020728849225131785
103873,0.010659022505421344
103874,0.0038049267336833013
103876,0.03453129800260739
103878,0.0042391907635463116
103880,0.0038035931989519787
103881,0.2321978137837874
103882,0.0035029497351884813
103885,0.005399402947407573
103887,0.038516155780279615
103891,0.00869521361408937
103892,0.03464901258483135
103893,0.015023766839312709
103895,0.04047491930740446
103898,0.02220269440405215
103902,0.029992160353406967
103909,0.014825074134974596
103913,0.00939562215985084
103914,0.003539814033128036
103915,0.07060735914317129
103917,0.007185090823915498
103920,0.005172445791273022
103921,0.005885932589586412
103924,0.009832376261286456
103925,0.06358226847516367
103928,0.01781286520774147
103934,0.004464828373820356
103935,0.02095365928796231
103936,0.005310593023263083
103943,0.027932129463352
103944,0.026092726083828087
103945,0.006280745381254154
103952,0.014471457057899893
103955,0.03168683644101193
103957,0.015686345486810957
103959,0.00804503715979524
103962,0.3327140172468601
103963,0.1996857836418801
103965,0.0044284699982216165
103966,0.1599973641888833
103967,0.003064108798753663
103969,0.007306866707274785
103970,0.1925011503658067
103976,0.18744917883461273
103977,0.10483152511220367
103981,0.0028837442453589837
103982,0.01338869623678542
103984,0.003603657630757185
103985,0.018303914824248858
103986,0.04740530368209999
103987,0.06351299295898297
103988,0.01924283320739019
103990,0.0514701322485193
103992,0.07097428022101332
103994,0.04899285732635137
103996,0.0032553449803770615
103998,0.07071489828144645
104001,0.003160480707154472
104007,0.004217721628979742
104008,0.007372622465693674
104009,0.008174476787228727
104010,0.022240852598978955
104011,0.010793923394567443
104014,0.04546879264818158
104017,0.011365937604671712
104019,0.009876852613906782
104022,0.006645552976633144
104024,0.04373932717151907
104025,0.05198142203887792
104030,0.025040978936628492
104031,0.1063066428584973
104032,0.00583597656161732
104034,0.004192490743854416
104035,0.10455407195115224
104036,0.002941922165427261
104039,0.003499607045555992
104041,0.19527076637220991
104042,0.004192252701941478
104043,0.008160353009096732
104048,0.008765257352366357
104049,0.055503191632445714
104051,0.005876644412138602
104052,0.07060361802488375
104053,0.0029861736286752945
104054,0.09315778395266854
104056,0.003032849689401625
104063,0.0030571475063055128
104065,0.006135502398375829
104066,0.03395184705866773
104068,0.22057604366780334
104071,0.003182620241513745
104073,0.006928986754703254
104074,0.038796263020739026
104076,0.021252476838205584
104080,0.004105666656193604
104083,0.014102501172422784
104085,0.00676757984258023
104088,0.11255901585609314
104089,0.03295044240211384
104090,0.008099015378281138
104093,0.003247079568169887
104094,0.00381583179385364
104096,0.004349951769456047
104099,0.07431266958169828
104102,0.002867310481625167
104105,0.045139314155266626
104106,0.10017365465225851
104108,0.04657025888551718
104110,0.0060347185083244655
104113,0.03513766972921633
104117,0.014610648672830021
104120,0.00383804331283932
104121,0.22473775048312014
104122,0.005515290874262837
104125,0.00853080695521221
104127,0.005636692000099481
104128,0.01439378852221088
104130,0.011744681050984975
104132,0.0034450992194944067
104134,0.00735388913429116
104135,0.0068809237019706124
104137,0.22358583459029505
104139,0.003925306375799182
104141,0.017437487278224917
104144,0.20556311336420427
104145,0.002881111656285426
104148,0.006894706715440275
104150,0.002966549472453866
104153,0.012233198521883442
104154,0.029069818077855067
104155,0.01998750238477243
104159,0.018129222551036623
104160,0.0034030829865227103
104161,0.012010726889489513
104162,0.03064356220067801
104165,0.012535279599655516
104167,0.0037168092256689607
104168,0.007491120324697683
104170,0.0057149520697368705
104172,0.05501239178584598
104173,0.11175282396943707
104176,0.004449704322013702
104177,0.003581773971653538
104181,0.08432873681108019
104186,0.03676491152523948
104187,0.011642402692883556
104189,0.00429691651673209
104191,0.0397446386634995
104192,0.003436166401103624
104194,0.010947877573114233
104200,0.006872195536459402
104201,0.005155210306659659
104202,0.0059043445144153816
104207,0.003584851490529185
104210,0.061925870893082796
104211,0.07220402014730479
104213,0.007367394219326075
104214,0.0306535990152202
104215,0.18997993421008144
104217,0.008768229388599866
104218,0.1429172595393615
104220,0.015618469333628322
104222,0.17351473335738554
104224,0.22676834137397164
104227,0.03437303987734525
104228,0.009957999750704577
104229,0.02928780574460619
104235,0.15030873747449058
104237,0.11944360040635559
104241,0.04195386603248105
104244,0.029111727730503786
104248,0.011686202199835578
104251,0.2022977128713853
104253,0.008563861744018532
104255,0.0042061849793279425
104257,0.11185846573233071
104259,0.09185876740517898
104260,0.033833922174895004
104261,0.027654651032345007
104262,0.051592111636793156
104263,0.007357623977146222
104264,0.06316326055718885
104265,0.0206874602089311
104269,0.003442397040743615
104270,0.012670009937661028
104271,0.2684956010092857
104274,0.006870169523709825
104279,0.01097981447307537
104280,0.031039325724317224
104282,0.044116287374500796
104283,0.004445700479182498
104284,0.011857490990812042
104285,0.00870031086474679
104289,0.02157737369779711
104292,0.004077334267751017
104295,0.009892067402250973
104299,0.14054962554793254
104305,0.011634255553605713
104306,0.004817861967541076
104307,0.1622829007003181
104310,0.0029084913277823824
104312,0.03497210644832059
104315,0.0614956634488825
104316,0.008553758869535905
104318,0.06999617687234301
104321,0.06833941459837099
104322,0.0064254698030694725
104323,0.1645773765203467
104325,0.27851288864166923
104328,0.20554056687845357
104329,0.006265468103047366
104338,0.003483299213311343
104340,0.19918558363615063
104341,0.014031294694121005
104346,0.004275354073159881
104347,0.03312218681737604
104351,0.0072348742117073804
104353,0.0037340806448800876
104354,0.01427829858598528
104358,0.004837816125599316
104359,0.005825435083652801
104360,0.09292884262337481
104363,0.02050081011719848
104364,0.03365148716994658
104365,0.12964141940343332
104366,0.004832228283291576
104368,0.23930334286212335
104369,0.0034628908904905985
104372,0.004573455121957416
104373,0.04516783300449324
104375,0.007716342878312082
104376,0.24101564220665717
104379,0.017644911927739315
104380,0.0036317564933564727
104383,0.0039026209814972917
104386,0.003973382854146743
104387,0.007804481222438725
104391,0.01056532133666696
104395,0.01768236015707724
104396,0.01095382026190074
104399,0.006886125270277656
104403,0.015415014162535629
104406,0.06007642018930309
104409,0.004958161713147826
104411,0.04655714795637959
104412,0.003966848684800536
104414,0.03728226444106543
104415,0.05005303769719699
104418,0.00427942524218027
104420,0.003966228815707162
104421,0.2600243955838474
104424,0.0032642757312743307
104425,0.0030173253567934927
104432,0.019669358756484158
104433,0.08946223991635172
104436,0.006013863104342488
104437,0.004686981187447083
104444,0.026267368767383604
104446,0.02787094112731334
104447,0.009910012042254125
104449,0.005627684449309505
104450,0.05364511634421312
104452,0.02178268527634946
104454,0.0044525565643928015
104456,0.0042853949668344
104457,0.1771974842253553
104460,0.014348153577587048
104462,0.006425658050606894
104463,0.026171359196789184
104465,0.004566121514297253
104466,0.004882535541220634
104469,0.00885545714893255
104470,0.0035214249308069562
104472,0.08244904542575417
104473,0.009358492677070042
104474,0.016041052999525265
104477,0.02379971081367688
104479,0.021026521399040526
104481,0.0038713266564681754
104482,0.00498656850374599
104485,0.0424133644342869
104488,0.017023110717794863
104492,0.004183852078469051
104493,0.061437651751052855
104494,0.0037455955010129486
104495,0.005689466254874605
104496,0.005371965324701098
104497,0.011811854554028783
104498,0.009404617797477588
104499,0.002846714166172316
104503,0.06188904981120627
104504,0.01998595699653896
104505,0.013178331106127178
104507,0.014715244073080384
104509,0.016236696855741528
104512,0.004884747374412768
104513,0.003437203797053182
104515,0.04933010118562746
104518,0.1996803086852594
104519,0.08819893119625216
104525,0.004457420678100823
104526,0.01198922405865827
104529,0.0189162522772834
104531,0.011554417671148716
104533,0.13111556275281444
104535,0.003988669337221747
104536,0.005241742833280149
104538,0.026092726083828087
104539,0.00384334130435264
104540,0.026383933114198607
104541,0.0038648540553489047
104542,0.007054033376663363
104543,0.04391218194846122
104544,0.0028432590758953155
104545,0.009345453115441757
104546,0.009871546848929706
104548,0.07184748560201948
104550,0.021553951915727114
104553,0.006171950841463164
104555,0.017135355810672156
104556,0.06382843047897734
104557,0.004035258549085635
104558,0.24496758980499675
104559,0.04297762750470378
104561,0.03552593790615245
104563,0.003942203991774872
104565,0.009043875939182613
104566,0.018778065035797376
104567,0.005085153248605453
104568,0.010553796979723633
104573,0.028690940756466627
104574,0.007697274992821026
104576,0.006207903303163702
104577,0.02686157143888373
104579,0.006048476622681025
104580,0.16169537924684552
104582,0.00733683317857194
104583,0.01607494948512897
104584,0.017481145004916203
104585,0.003605424988106778
104587,0.0029726030127144288
104589,0.015329189315818637
104590,0.008255747165452037
104594,0.01403672325885481
104596,0.10588470847415511
104597,0.00776175532288223
104598,0.004426497335482109
104599,0.2162200030890301
104600,0.01282547154602974
104601,0.03784058302190805
104602,0.002854956610127937
104607,0.03200546093889882
104608,0.20046133372059285
104612,0.014615408546230951
104616,0.261049562820774
104618,0.029775213516450214
104619,0.0031361748945195013
104621,0.29460407471002903
104623,0.026092726083828087
104625,0.003927494954271022
104626,0.006364297891745979
104630,0.03459537651067348
104632,0.0038227094019844285
104635,0.010074088587442749
104638,0.00944190467123583
104641,0.0057899797677509425
104645,0.009814854598724969
104647,0.009903019831622464
104651,0.008401405813387594
104652,0.013039957464117508
104653,0.004188190517305698
104654,0.00427761266284867
104655,0.0781034574028704
104656,0.0031460495533389833
104659,0.09778657910461595
104662,0.003364416027623145
104665,0.011414821583668923
104668,0.01555407019874893
104670,0.07863843790518733
104671,0.005923923346895463
104672,0.006277887244241095
104674,0.041722041413568285
104677,0.0028721879122849923
104679,0.0659699380735581
104680,0.00396521976324217
104681,0.010854237024013016
104682,0.004125195736736662
104684,0.017330478814684483
104686,0.005532316107251301
104689,0.011525140248824816
104691,0.043261974757124864
104693,0.01622930963016073
104700,0.027399560327200013
104702,0.03148458836873549
104703,0.021512354373687342
104705,0.0619017805884849
104706,0.023980942578779314
104707,0.01799047229145341
104710,0.06254709585695803
104714,0.02601274356445758
104719,0.03497210644832059
104721,0.06501141658565159
104722,0.0029395018554851503
104723,0.002926445163711776
104725,0.004241259549420881
104726,0.0048679044207348724
104730,0.05615114798187518
104733,0.2841807003726416
104734,0.07106443417704712
104735,0.026092726083828087
104736,0.02320493487927634
104738,0.010531181512036658
104739,0.2031428837280708
104743,0.005211576516450167
104744,0.009530178463139166
104746,0.0063884074330398674
104749,0.020891972074358275
104751,0.04199774379607015
104752,0.04583056907045076
104755,0.010213884853967592
104757,0.02480795242151247
104758,0.007743160952682015
104759,0.004659227265563429
104761,0.027853265150275742
104763,0.055356741933927624
104765,0.015466707754439986
104766,0.004217459466532661
104767,0.0627530502066954
104768,0.02986814046668768
104770,0.0255185896671691
104771,0.005321195096813513
104772,0.005338940438765198
104773,0.012045549578073675
104774,0.009430068157269088
104775,0.045742523722529384
104778,0.003952124192533777
104779,0.003543173372277524
104780,0.0030896932263912045
104781,0.008336910086426848
104782,0.06211723450909419
104785,0.010539603279383716
104787,0.23225271664229194
104790,0.05164080232257111
104791,0.03134198125581494
104794,0.03422351287318168
104796,0.09122547536213665
104798,0.0037993093924786996
104799,0.09342404253833839
104800,0.012915124714580091
104803,0.0065790642622786276
104808,0.00383283436970041
104810,0.04199774379607015
104811,0.04147343416924411
104812,0.0030076194131652112
104813,0.01495712483542875
104814,0.004688699143961674
104817,0.005711973446842585
104818,0.008603885387082994
104820,0.007618346292376122
104825,0.003518762103163737
104826,0.021719643207419047
104828,0.00395705585850886
104838,0.012813003114838314
104840,0.004699336634044094
104841,0.005777289569228229
104843,0.004148995881023493
104847,0.013626849189863082
104848,0.004093638610920764
104852,0.036579857526130105
104854,0.012233434174580221
104855,0.00338793395285178
104857,0.0032564698631566734
104858,0.0036190635900434443
104860,0.008469413879203531
104861,0.013524231016696763
104862,0.003637369847168133
104864,0.003028289231236658
104866,0.005902539595258029
104871,0.20405519890541218
104873,0.025040978936628492
104874,0.09969718220036607
104877,0.2625766444410957
104880,0.004250649455456737
104881,0.004273202270964281
104883,0.05301363896991518
104886,0.088035384315343
104887,0.011524692350272411
104891,0.004309200299590137
104893,0.0962291429548714
104895,0.026092726083828087
104898,0.010945961061469186
104902,0.02099556640224527
104905,0.2001050115294066
104907,0.010645350223792817
104909,0.004951423822443538
104910,0.05259537390795939
104912,0.004202029225096991
104913,0.060439934473188156
104914,0.004569570882766636
104916,0.04784696297415721
104918,0.0032471491852965016
104920,0.005981946612247094
104921,0.038860871329703346
104922,0.0174809772662027
104923,0.004199651447070208
104925,0.028825065756547273
104928,0.00418682945821185
104930,0.007420290046243815
104931,0.0037123533731087664
104935,0.00899910300811422
104940,0.06912941463258197
104942,0.00290660859497394
104944,0.003762981666871779
104948,0.022340312908060045
104949,0.1817858873756897
104951,0.004923489894364032
104952,0.04199774379607015
104953,0.007107272287860342
104955,0.0061084417994243185
104956,0.0038450024661076197
104960,0.024648559573734817
104964,0.0031060015645658586
104965,0.0068557281446655766
104967,0.0192682342450811
104969,0.14890180223369304
104970,0.06728265199364314
104974,0.006542586258907004
104980,0.015722389201796548
104984,0.0042664914631288285
104985,0.03117780398686791
104988,0.010750249637194054
104989,0.005663465741877742
104990,0.004730403417971361
104991,0.004842220418095873
104994,0.05417032864676147
104995,0.009394316818863418
104999,0.18693545278726778
105001,0.18817077459672682
105003,0.19255240767272525
105004,0.004110937026602897
105005,0.003949221337779673
105006,0.0226213479230078
105012,0.007716040538635145
105013,0.0039981978637773285
105014,0.053957526092696315
105018,0.08339515304317686
105019,0.006159999980620271
105023,0.11110328750902412
105025,0.015480761226235677
105026,0.023058913191416903
105027,0.04471738617177427
105028,0.0028836815564725177
105029,0.004851733172849238
105035,0.006956139151950546
105036,0.004804156228523631
105037,0.04898729345584326
105040,0.042729157444421816
105041,0.047592537397594246
105050,0.04675037455995608
105051,0.010617196464031751
105054,0.004063272323856595
105055,0.012569467098314085
105062,0.043337052045600497
105065,0.04923559899768961
105067,0.0029767555561578595
105070,0.01673537027892684
105071,0.003544040855836399
105076,0.015105438508903491
105078,0.029291449928290858
105079,0.008661386088498124
105080,0.003532186968896666
105081,0.0796971774679954
105083,0.016078015423711144
105088,0.0038993761789530494
105089,0.24605006074768399
105090,0.0029424416538296897
105092,0.008865581274367864
105093,0.06271819073256886
105095,0.01798522072845588
105096,0.07751766311735114
105100,0.14486109697342392
105101,0.0043899769313453865
105102,0.033059236109813706
105104,0.005051131486828917
105105,0.2235904562753662
105109,0.007893283142429331
105110,0.005874373881096222
105112,0.04611397771738279
105116,0.009886585216958402
105117,0.21044676128333334
105118,0.004188024746682798
105119,0.06602369260467392
105122,0.17501803186207118
105123,0.02597155465912024
105124,0.002896147252525477
105129,0.24919904476156785
105130,0.03218449420237488
105131,0.014954060337351959
105133,0.1117423531315917
105139,0.0039690419530958865
105140,0.004148184540737754
105141,0.009897363433533252
105142,0.003999836198403981
105143,0.004378771145976939
105144,0.11056009920507047
105145,0.05184575247545171
105147,0.003474821775109415
105150,0.007880164929087757
105151,0.10987315083908969
105153,0.013592734191927228
105155,0.26937194084954363
105157,0.010441729186485286
105158,0.02200868438052388
105160,0.015404923793808662
105162,0.005561481614060652
105164,0.01831861378074422
105166,0.0038191373407861383
105167,0.02600750685182562
105168,0.03268652643520669
105170,0.01186819084923898
105171,0.0034325515869563154
105173,0.029433493468060276
105177,0.026092726083828087
105179,0.004333013144057793
105181,0.030612120916091657
105182,0.04894168189081353
105183,0.07093532215513933
105184,0.014393982324668781
105185,0.004074524549311294
105186,0.007178938519553534
105188,0.007878930022278173
105190,0.013458116099198385
105192,0.0048549495322338055
105195,0.08081515862203853
105197,0.052895550893233875
105198,0.003043063161057122
105200,0.04641820693886716
105202,0.0035115809561593386
105203,0.003135587462831978
105204,0.004309946087248675
105208,0.00978188984507295
105209,0.005518986393759611
105211,0.004885517606734081
105212,0.005677399771842231
105213,0.004347660285875052
105214,0.00299242752231847
105217,0.013447673860049142
105218,0.003426894109301784
105219,0.19686680071885393
105225,0.0038495555326316776
105226,0.06528333855161272
105229,0.0208977827509037
105230,0.005746843086249683
105233,0.037119524899026944
105236,0.023438359538120172
105237,0.0036996972303708917
105240,0.010200435758014801
105241,0.02138488037014124
105247,0.021773190932265186
105249,0.0038713266564681754
105253,0.02058380922555582
105254,0.09967164598882695
105255,0.077606733079426
105256,0.011848261663945517
105257,0.021003098541039978
105258,0.1712209623502572
105259,0.0028854150477258013
105260,0.0029070602377429264
105261,0.0037713890495150925
105263,0.002827800508153013
105270,0.24142484159217625
105273,0.01185654896942669
105278,0.10190024037583827
105281,0.0682573534159823
105282,0.0044966968013152725
105286,0.019457605406565794
105287,0.006368856507628325
105290,0.003938711208469852
105292,0.003951047967400473
105294,0.1494111410335639
105298,0.007414255129641489
105300,0.04305193308528356
105302,0.020719202871835138
105304,0.03459537651067348
105305,0.018762543138598774
105306,0.0034501499840728605
105309,0.003949986408535795
105310,0.005224804527670255
105311,0.003576422881616674
105312,0.020681828813879803
105313,0.0036984557481877186
105315,0.00419789146926578
105318,0.006748110320402034
105321,0.00813574203234634
105322,0.003181717306607249
105325,0.012054150567590812
105327,0.0035999455326636825
105332,0.19422012528020852
105334,0.003661974619343134
105338,0.0080943607276902
105339,0.014329907646079694
105343,0.006063987241147752
105344,0.0087821468129471
105347,0.13856472436911269
105348,0.006090392693102814
105349,0.003882750340486814
105350,0.0032380108176928556
105352,0.03527177745099437
105354,0.03149897111775404
105355,0.017878051016242385
105356,0.003821497910610033
105358,0.10393263972812865
105359,0.10479604912096413
105360,0.006479775869544785
105365,0.03459537651067348
105369,0.05680437430206145
105372,0.0487485573099949
105379,0.004328182892354807
105388,0.025350203212375307
105390,0.003909285424968109
105391,0.009845140841674318
105392,0.034310096100583755
105394,0.29575987119897806
105395,0.01409552462919445
105396,0.2508076066296324
105397,0.060763703795168954
105400,0.0037315474525249975
105401,0.23199986947675758
105402,0.0038704141197979983
105404,0.00378326597514673
105405,0.1727560287942314
105408,0.003967803233524334
105410,0.03149585229101667
105412,0.05353949590575247
105413,0.003105281529296074
105414,0.06409154207337112
105420,0.23062993356293618
105422,0.004544217976532525
105425,0.07704127007685627
105426,0.01349962195331889
105428,0.003888331054069286
105431,0.0035489419464252584
105432,0.008263028156412673
105436,0.0029451737353550704
105437,0.06234295976249369
105438,0.0032769715657141613
105440,0.0045143227748872874
105442,0.2701804152442194
105447,0.0036552458690595046
105449,0.014676041676220653
105450,0.004755140597894665
105451,0.005050811560340231
105456,0.1276722168181967
105458,0.00443546406415694
105459,0.00368287346968783
105460,0.054482497591352444
105461,0.004976643940447957
105464,0.19827802737323907
105467,0.014184497447112861
105469,0.012334615565246015
105472,0.07175578575625116
105475,0.18693545278726778
105480,0.01907036387654452
105482,0.010182157075541098
105484,0.04734193426151707
105485,0.19217112804984843
105487,0.046674265525231365
105488,0.010832707853944265
105491,0.0073113901165771595
105493,0.009903293895616404
105494,0.003487665671042538
105495,0.010082874428462504
105500,0.04058939059060108
105501,0.0049711871127226795
105505,0.12035149740130897
105509,0.019147753358426306
105510,0.044867389519645376
105513,0.03170245688216371
105514,0.10430290444620938
105516,0.209563861698722
105517,0.008599660753980012
105522,0.034293276265008395
105524,0.012878701707542465
105525,0.004022059675796874
105526,0.005153534561428333
105527,0.012809685601912922
105529,0.08166575983576808
105530,0.22090238697894335
105532,0.006458156087646675
105535,0.011097661908108713
105536,0.003007191061452021
105537,0.0033465975967480956
105538,0.004433152081869806
105540,0.05797389517062688
105542,0.08901707782120011
105543,0.03778784303155054
105544,0.007489461458410329
105547,0.0034610460644584388
105555,0.22048176426780067
105558,0.09334811752223048
105559,0.06288266609105524
105562,0.043458863567613144
105564,0.003676922317007233
105566,0.00847772645313896
105568,0.003161952417242892
105570,0.004478353300273851
105572,0.11996515886397795
105573,0.0030025981609954505
105574,0.022753387178207695
105575,0.004156605748821469
105576,0.0064190174130240776
105578,0.01596084111062877
105579,0.0034191594688474354
105580,0.003548782224313556
105582,0.00953241884545002
105583,0.040961018522767005
105590,0.009798181379113913
105591,0.0036522309094959467
105595,0.011121904455816425
105596,0.06581448923284373
105597,0.014800707423547914
105599,0.031332762289037974
105601,0.008603402339391645
105602,0.015466467825101193
105603,0.003613706772201581
105604,0.0039650483317070825
105606,0.003613706772201581
105607,0.015680039402010217
105609,0.030115575760293792
105611,0.004115582531391616
105612,0.00345344989528154
105617,0.14269615863084747
105618,0.21959447488477699
105619,0.00771225453313033
105620,0.002931537479604581
105621,0.010185133509683376
105624,0.02214595971538077
105625,0.004487985501720364
105628,0.12562179514683924
105631,0.054650975253334524
105637,0.004285728518873693
105638,0.008858503857214255
105641,0.06080434731927475
105644,0.004283791060180338
105645,0.004788947944150676
105647,0.011585493881434624
105649,0.025486193351792814
105650,0.06652102299780013
105653,0.021028130175802167
105654,0.003756424599166189
105659,0.044112707980881675
105663,0.004286441410661502
105664,0.03251971341288401
105665,0.024244844352333095
105671,0.007090007780771436
105672,0.00602926359720387
105675,0.21546028891068428
105676,0.03893980967343885
105677,0.04802117244243065
105680,0.005172912838710749
105681,0.009387491112052625
105688,0.005082769814867037
105689,0.0032499148782360043
105690,0.030382531789990452
105693,0.007270933041038579
105694,0.0041616680336384725
105699,0.006989263961856278
105701,0.0069264767510780634
105704,0.03430125797195181
105706,0.01733549795678395
105707,0.0037284297534194532
105708,0.04317735644291231
105709,0.012860018854657752
105711,0.018099342781201677
105713,0.09082245507012175
105714,0.2017959072416402
105715,0.0037268390784100706
105716,0.010502114677433437
105717,0.019506043732807926
105721,0.00741983187893832
105722,0.03236119856601546
105723,0.0038861387338780047
105725,0.09949923023707367
105726,0.004167189445124729
105730,0.10193951704587242
105731,0.08735995362536565
105733,0.0036036412318211524
105736,0.0029392981083188096
105739,0.013022159455830325
105740,0.021677802364770734
105742,0.005778697517058229
105743,0.005956736851821237
105746,0.016874288807154875
105748,0.07888210027526105
105749,0.006606557429432167
105750,0.007616046849013482
105752,0.07575732065315209
105753,0.0034811097192494773
105755,0.004044740116606396
105756,0.004647640439378103
105757,0.05126027839508363
105758,0.164772259347212
105762,0.05437021532711228
105765,0.012962979015712157
105767,0.031376514192395275
105768,0.0030048556283325052
105770,0.005076703247880118
105773,0.009721672206031763
105774,0.013935014586306178
105775,0.003731283001153233
105777,0.013779364569388728
105778,0.03949656663214516
105781,0.023530188710839162
105784,0.004905366557547017
105785,0.035458750567173535
105786,0.05318095741935451
105787,0.0037627851760894298
105789,0.06271914310201383
105790,0.004325769234109758
105791,0.008748651464185138
105792,0.03247376174181645
105794,0.003453086567450515
105795,0.009168774734841808
105798,0.003719291020319667
105800,0.005493884001827063
105802,0.007607643066751769
105803,0.06854526525543457
105804,0.026092726083828087
105807,0.005152298586271955
105810,0.004261968414201977
105811,0.10584373475686326
105812,0.0029052153736385607
105813,0.008786792041722224
105816,0.08758112532607656
105817,0.18851822425702633
105818,0.07407089497515468
105821,0.0037443007966766867
105826,0.0063358304641487305
105827,0.003027801764346468
105829,0.08389311553533853
105831,0.005306587589001684
105834,0.009979734728881098
105835,0.07335525794213042
105838,0.005048654030749402
105839,0.003838957502547265
105840,0.009629447618086671
105845,0.05454413294226133
105846,0.021212680340573685
105849,0.0057769145301782825
105852,0.004663733158025827
105856,0.005169208279247465
105860,0.004707935392516958
105861,0.014011169074643594
105862,0.007453005832949981
105864,0.0988735843441933
105866,0.12280626428161903
105867,0.040037749533159854
105869,0.0028669047368932612
105870,0.018322951317391884
105871,0.011498872024070647
105873,0.07744586726187193
105874,0.033556600649183865
105876,0.03204529609344612
105882,0.09065850225046375
105885,0.004362706438798187
105887,0.005353786900539099
105889,0.020642275318918445
105890,0.003436688394081408
105892,0.09583569187001852
105894,0.09808706224460521
105897,0.003919137986754647
105900,0.0033683665301029054
105901,0.026092726083828087
105905,0.03189252003468886
105911,0.03147387245691699
105912,0.014264577696423147
105921,0.12657721902630215
105922,0.05817998265221996
105923,0.0034660202836723614
105924,0.0030427002386309555
105925,0.09205767759904664
105926,0.025936603325443182
105928,0.23040114570070672
105929,0.40977110723396376
105931,0.00736626667855113
105934,0.09845408528021564
105935,0.003781955126522434
105936,0.1590276218471442
105937,0.0033141991113653695
105938,0.0030106160313433604
105939,0.002974758251106055
105941,0.012021624040874248
105942,0.018037773483312133
105944,0.003985697941673004
105946,0.006970251335780974
105947,0.0034869479366402005
105951,0.028606685768690996
105952,0.10970908031030162
105957,0.007649220217099165
105958,0.45166696713684
105960,0.10908747395632669
105961,0.006047193175672769
105963,0.009868541278700623
105965,0.23790539813149045
105966,0.025579980193884733
105969,0.0033750971401828142
105970,0.022861220350512336
105972,0.022032105702052853
105973,0.004247604488077404
105974,0.003772872615715642
105978,0.07572574921329205
105984,0.0037770185806131123
105985,0.17283564949724883
105986,0.011860074562624376
105987,0.005634061184722643
105988,0.11220088195193839
105989,0.10547318191094573
105990,0.07619709920787629
105992,0.10141983485498049
105993,0.044090505194797805
105997,0.02533418892857743
105998,0.0136333683123776
106002,0.007520135634985864
106003,0.028312849420314493
106004,0.006301458858476274
106006,0.003980370621699022
106008,0.0031271216511119296
106011,0.0035005363162506293
106014,0.00401643023237853
106015,0.035873838756772504
106016,0.2336750942220069
106017,0.01679157362810109
106018,0.010979579673361162
106019,0.0034358399842208125
106020,0.003525480353868689
106023,0.1099255743977032
106026,0.003857563490355615
106030,0.006065622832399057
106031,0.0063995973712236975
106035,0.012398726461814287
106036,0.09250857720032907
106037,0.009543494146908166
106038,0.003524938961924319
106041,0.00806983503195286
106044,0.11197771055078005
106045,0.08250820615650313
106047,0.05650929011414221
106049,0.004255089691115153
106051,0.017383925981066018
106052,0.009903586335641774
106053,0.019529003757209396
106055,0.006909590376784684
106057,0.17710671688551205
106058,0.00422902247424889
106071,0.007354074869139872
106073,0.004929805580917985
106074,0.1767022435138391
106080,0.004423694285142101
106081,0.02433266279164685
106082,0.011579256098683004
106083,0.04932763363404083
106084,0.2500217551051363
106085,0.15562982760899569
106087,0.004158460401445606
106090,0.1920795882142341
106093,0.025040978936628492
106095,0.005366294424222401
106096,0.01600171636686208
106097,0.0042061849793279425
106099,0.011881130177878032
106101,0.051002729936197186
106102,0.1568494008897738
106104,0.22064414378223535
106108,0.013431697046753573
106110,0.09054880707930268
106112,0.05216470479504113
106126,0.003661409442766494
106127,0.014225873922472161
106134,0.004822842502308121
106135,0.005520170823530554
106139,0.03283145492537975
106140,0.026092726083828087
106141,0.21967344516505535
106142,0.004565080300918565
106145,0.0029444378828407673
106147,0.024218050113017343
106148,0.003117654146212538
106151,0.15554719260662417
106156,0.003317251268623626
106161,0.0036342052928953895
106162,0.007378688644955794
106165,0.022390672505597526
106166,0.007488178013312029
106167,0.003718493591386496
106169,0.003957754953885935
106170,0.022540109415630463
106171,0.003745420703290146
106172,0.0039122671323411785
106174,0.005864167772511663
106175,0.10951345035371408
106177,0.033143029955056746
106180,0.0036002467679768107
106182,0.0037055211017270394
106183,0.008857599618890011
106186,0.026092726083828087
106187,0.014117222157849755
106188,0.008157377470636962
106191,0.029151073304116704
106193,0.005547428593602552
106194,0.12536893174866412
106195,0.022279867977300135
106198,0.014642073180054664
106200,0.004900520280991161
106201,0.036641120133354514
106202,0.006950093301654568
106206,0.0033433522768210287
106207,0.0034087326738296096
106208,0.2308866814715017
106209,0.20033640660769877
106211,0.1727560287942314
106213,0.006858495091055452
106218,0.04527541618419666
106219,0.0034046827659624888
106222,0.00706753643643437
106223,0.007706433227291714
106226,0.08942811440956783
106227,0.021687946396784057
106230,0.0037354116150876975
106231,0.10405533680751651
106232,0.05048027418546845
106234,0.16349464748939121
106237,0.22629695013786824
106238,0.0142407099511008
106240,0.004475979250010325
106242,0.0029796874128026124
106243,0.0828837591947042
106246,0.010952355803602057
106247,0.0030039323381714786
106248,0.010594341047011534
106252,0.09259797148203244
106253,0.008700493568246079
106256,0.03311192522898452
106257,0.002932710974063202
106260,0.025172125512525536
106262,0.2632738437135875
106263,0.20899557213951148
106265,0.006746956843810614
106269,0.07076949683936994
106272,0.03534626949042269
106274,0.004363023426300029
106275,0.021039616392682356
106277,0.05854518338163909
106279,0.09515977969149164
106281,0.0038282005917594183
106285,0.22405685977946005
106287,0.005691133696372532
106290,0.004354343292061111
106292,0.008786833199464213
106294,0.020668840867068064
106295,0.0031612977140662957
106296,0.059015661845038314
106297,0.014249297480223634
106298,0.028347555952859132
106299,0.003637830584882371
106301,0.022484482662088637
106304,0.3047982391898739
106305,0.003288824525854136
106306,0.02652603102025305
106309,0.19854544484227651
106310,0.10372796363958936
106313,0.02675933028495398
106314,0.00290819638301386
106317,0.0030401936910485054
106318,0.024282019391111905
106319,0.3262861622611884
106321,0.005603853307106358
106324,0.008515324727450774
106325,0.025715451792035993
106330,0.008704913595885867
106332,0.003723453218381937
106333,0.03397737851702009
106334,0.21778302754930676
106339,0.035246615471545006
106341,0.06432292765857449
106343,0.014749828200576128
106344,0.015246920413554063
106346,0.004087870522963435
106347,0.0035955976040538042
106348,0.010533441896836927
106351,0.0032581743042056025
106352,0.010316262702953868
106358,0.04639810424887886
106359,0.05220015749071077
106361,0.16207234341833132
106362,0.017178133500044653
106364,0.006449705339238402
106365,0.04613704512498623
106367,0.004579391542499892
106368,0.0070161231776758315
106369,0.07575732065315209
106373,0.005293925273689643
106376,0.03578690941869291
106378,0.0034790405386976564
106379,0.02937174405069243
106381,0.019418426744919278
106382,0.007383005396915423
106385,0.0037099925447788705
106386,0.005102160603818113
106387,0.1887987090683662
106388,0.062308748944829816
106391,0.006252838933276378
106394,0.01525471635784888
106395,0.022385283736812256
106400,0.010714542688211441
106402,0.05279569325514709
106404,0.006763489715663199
106406,0.09632335977638815
106407,0.004198875221046263
106408,0.04259039525948115
106412,0.0106901306811449
106413,0.015813509751701905
106425,0.01999457461165506
106426,0.008804881585469087
106427,0.007964621836241933
106431,0.003707219632237739
106434,0.006744191217280883
106436,0.22477573054758526
106437,0.009894494259315769
106442,0.10182937715174382
106444,0.006282403518465575
106447,0.16009138131592576
106448,0.004234272537564905
106450,0.05043515588585964
106451,0.0038118321453949207
106452,0.006380012439084852
106454,0.15377392787912283
106455,0.2081481473705261
106456,0.01408246548676487
106460,0.046400692038930456
106463,0.004228138271762426
106465,0.025476674418619533
106467,0.0033126789358585906
106473,0.01467237109613805
106476,0.013351046598066263
106477,0.023316876423635724
106478,0.002991279000289102
106479,0.010152002351780175
106481,0.24211687611844193
106482,0.0049041454023386446
106487,0.007612223730322261
106494,0.011481283583366246
106498,0.17963824303086887
106499,0.006385509436376388
106501,0.0071581770583954455
106502,0.1740229388419514
106504,0.011166182076840656
106505,0.0036725021196813827
106506,0.2530679592535085
106508,0.08512231169287965
106511,0.004026879150690632
106513,0.011474902550808694
106517,0.03172725883458723
106518,0.005879182777884808
106519,0.006706436676275696
106520,0.010247304286923385
106522,0.05169460193562135
106525,0.004277158296670091
106526,0.03668666470998526
106527,0.2498459461016321
106532,0.025455769487089844
106537,0.011744433157327292
106541,0.028318418909389784
106542,0.005844809606796577
106546,0.018082216054171173
106547,0.009594663369005083
106549,0.0054114254394728905
106550,0.005003025838232072
106553,0.1311530803565096
106558,0.03805647561254764
106560,0.004343071974368354
106561,0.004860154559279925
106562,0.11403768775736343
106563,0.004525532271383932
106564,0.007375298526959733
106565,0.0051129854674184004
106566,0.0033191478745606766
106567,0.0035267012087044263
106569,0.00844919805532963
106571,0.009936716870610632
106574,0.002896175044064228
106577,0.02428941269935574
106578,0.17337092655283082
106581,0.026840823143764427
106582,0.0035599966606862875
106586,0.003298209789683753
106590,0.19874084765749914
106593,0.04662933349854425
106598,0.13653627910445604
106603,0.026092726083828087
106604,0.0037650876785621083
106610,0.005473924626554446
106611,0.006773114624953254
106614,0.003500508594337418
106616,0.2587079596677021
106617,0.030436766778202947
106621,0.007105169850984179
106622,0.002997588580843004
106623,0.009152833589849039
106625,0.035411132449995254
106626,0.005484758787222434
106627,0.1829536896990335
106628,0.0029662325322935114
106629,0.0031188178700925413
106630,0.004007549081522126
106633,0.003153117775185003
106635,0.035890745332850756
106636,0.005153692646873243
106638,0.01974505073166111
106639,0.008795896641636675
106640,0.03473186768868959
106641,0.009288286015286865
106644,0.022726121338453142
106645,0.02864773468413747
106648,0.05004348294997558
106649,0.0052415911941533725
106651,0.18190386984444948
106654,0.1422320628427097
106655,0.08361198066433181
106657,0.0028775037428726813
106659,0.018757600666991135
106660,0.08333730246917428
106661,0.003524379905170109
106665,0.004683027795986003
106666,0.0063620902802656665
106667,0.00812359480665657
106668,0.011793165715243211
106669,0.029766712156737603
106670,0.006299742632565278
106671,0.022230274683437305
106673,0.00490982673284598
106675,0.09937314855549358
106677,0.002902666362165824
106681,0.008720051970367848
106682,0.013843315555159707
106685,0.20033640660769877
106686,0.007185090823915498
106688,0.0037637411421825163
106689,0.014955291880987839
106692,0.01048339877951933
106696,0.0069154538614144825
106700,0.004479576281025926
106702,0.016707256620264913
106713,0.003644959904542546
106714,0.0035344838360786383
106718,0.23254631732425154
106719,0.008117409118494266
106720,0.009698370507916828
106721,0.02831123046435256
106726,0.00592084466134786
106728,0.008277032896908213
106730,0.003741461876995968
106736,0.21528155693283438
106738,0.0037657814067362464
106739,0.010152775502757916
106740,0.005508867877622925
106741,0.009613868118694064
106742,0.033964157039411545
106744,0.003211427681418396
106745,0.04649708701451646
106746,0.005319939215411335
106748,0.035906340099857784
106751,0.048241640777700705
106752,0.1595208682722609
106753,0.008297043562170644
106754,0.005525032295633461
106757,0.02900196535934504
106758,0.014048096201387117
106759,0.12317903445078868
106761,0.010245102974224297
106762,0.021563332005326293
106764,0.0038698305113576983
106767,0.07386994656927738
106768,0.002836509039322506
106769,0.0037204328380556835
106771,0.04199774379607015
106776,0.00488185016931759
106780,0.030113325593184016
106781,0.010511240017758388
106782,0.017093986263955946
106784,0.07844270968358813
106786,0.0634726343794081
106787,0.025827345688603884
106788,0.054113983172292164
106789,0.0067281777716782995
106790,0.02368856492555716
106792,0.014547897671370817
106795,0.02179747145879301
106799,0.0044588507022684356
106800,0.002987281278974287
106804,0.07321599477338026
106805,0.003663751845390887
106806,0.06953806425290078
106811,0.005459211495427343
106812,0.17671231270580323
106814,0.019573388191006225
106819,0.00961755638322182
106820,0.036739375003391875
106821,0.026092726083828087
106822,0.003988341199090813
106823,0.006031604670191198
106826,0.006823392292004978
106828,0.005071013212004187
106831,0.0037842474200100126
106833,0.005762143704539545
106835,0.008223650407806624
106839,0.003954239498273598
106841,0.022624345543613502
106844,0.00836355716587741
106846,0.0031291267737204374
106847,0.014467277635872562
106848,0.013021609391506395
106849,0.041421095424583075
106850,0.0029451671480116284
106851,0.20272423558418207
106852,0.004522627000651915
106853,0.1712305507778403
106855,0.024242786352902196
106857,0.02636782586411857
106859,0.003806155296344071
106861,0.09993504458429232
106864,0.00417373159967663
106869,0.00369617342993767
106874,0.01460785204093734
106877,0.0303259783257107
106879,0.0032971439442931578
106880,0.010744597795428351
106881,0.004945882456388827
106883,0.01704257264667138
106888,0.009670150550214142
106889,0.22281135504264019
106890,0.014803546740546021
106891,0.030790541121900078
106895,0.01908164473719448
106897,0.02862610164555928
106898,0.0036118275211676864
106899,0.023557850201691946
106902,0.11279536693163303
106903,0.2049462301646026
106904,0.0037224303043772978
106912,0.016970357878611318
106913,0.0033358012778477285
106914,0.03373105408991051
106915,0.026092726083828087
106917,0.008770554867776998
106918,0.09016180511048344
106919,0.0039938936693948756
106920,0.04018269520076715
106922,0.003870555356032718
106923,0.14111307253870908
106926,0.0038895114181051963
106927,0.023812964526291506
106928,0.021577957454779483
106932,0.010416743265741714
106934,0.0032395249655944496
106939,0.01554935943966925
106941,0.010798101941956363
106943,0.21933642728549677
106948,0.20052124413288563
106949,0.024553484142806864
106953,0.017179744942614428
106955,0.021037594584002894
106958,0.0034176046254254986
106959,0.02466346368469412
106963,0.03206178556306982
106964,0.003310605809671222
106965,0.022339503076802218
106967,0.0037638211705757364
106968,0.009485413994818108
106970,0.22384726671105723
106973,0.02660228678640513
106975,0.02709908682292809
106976,0.24117436543069012
106977,0.003728137743883231
106978,0.0033012960204231306
106981,0.013950836461563967
106982,0.005622260812643305
106984,0.0034958401947195487
106985,0.013450808888211138
106986,0.0029106968289843442
106987,0.0038122377670612197
106988,0.04361159509006736
106993,0.003946603855213502
106994,0.004447895055672117
106995,0.003242728297830077
107000,0.01815243740271503
107001,0.077651426200613
107002,0.032483057860502415
107004,0.012284776175712662
107005,0.0584951849050668
107007,0.12920919679471718
107009,0.0368147939207171
107010,0.008145366019341103
107012,0.033929457491487874
107013,0.026529748351939417
107015,0.0029498327210607214
107017,0.1592037323015924
107022,0.017679306748184763
107023,0.020141399942406987
107024,0.012882816915012129
107025,0.03081572173271966
107030,0.09808593116125394
107031,0.004216789436850869
107033,0.003892325478727448
107034,0.24573008894550788
107038,0.08081972084114863
107039,0.11239840988513801
107042,0.08174337623958589
107043,0.004365986837436884
107045,0.029870792817388525
107046,0.012926994181474933
107048,0.003946120106357555
107049,0.005042741177629899
107054,0.0033328175279327132
107055,0.09107993541665833
107057,0.00290605792470317
107059,0.005763312722459682
107060,0.026092726083828087
107067,0.004413107538276966
107069,0.04609062831818731
107070,0.006355372352383893
107071,0.04941720205282177
107073,0.004028478274577361
107074,0.006797174385849388
107075,0.19648132376964186
107078,0.01883242356948328
107079,0.04311855970185802
107080,0.028742900014289186
107081,0.004968017445244861
107082,0.003666329146559927
107084,0.004581626462488368
107087,0.007294897878234185
107088,0.07350774616451877
107091,0.03518623485600694
107092,0.004060362208640583
107093,0.007595051269212565
107095,0.005379279950851416
107097,0.024411055690594957
107098,0.043042306985782174
107100,0.0050852476189364865
107105,0.00669637767376402
107107,0.013475238721868668
107108,0.1426912575602888
107109,0.00392173218615815
107110,0.00862165391489813
107113,0.0043286674218678605
107116,0.2031428837280708
107117,0.08964959812658366
107118,0.026092726083828087
107119,0.01701395729479889
107121,0.01532838015766994
107122,0.03394327986873563
107124,0.007109824085410112
107125,0.06270769645196796
107126,0.19541955160547106
107127,0.015267562411533382
107128,0.033689211696177654
107129,0.028576943628149897
107130,0.004709833309070056
107132,0.021598627279879306
107134,0.003895005747739935
107135,0.012685886255666325
107138,0.004017146158046622
107139,0.014374216188766963
107140,0.09801116295401596
107144,0.05575702863478349
107146,0.02836278357262893
107147,0.004320273450303104
107151,0.06406155066979644
107153,0.17776651105200983
107155,0.03153629595751309
107156,0.031169870348823934
107157,0.019924164144290706
107158,0.010130494117319165
107159,0.05304966072411782
107160,0.07624703952886318
107164,0.0106623354975498
107166,0.003121309558216841
107167,0.0046992267948677965
107168,0.0030892567210244804
107169,0.05216672247115442
107170,0.0038211859154131337
107171,0.004316052093620066
107177,0.00396624772358254
107178,0.02550653954837316
107179,0.2029405809671593
107180,0.012136761100138362
107182,0.022668676452968654
107184,0.03742214266834235
107185,0.117578144583728
107186,0.0035300639550986906
107187,0.028115658883044178
107188,0.02983614922171613
107189,0.005760168827076012
107190,0.017609478478869227
107192,0.057810263194911685
107193,0.010171165818776305
107194,0.0034242849984114617
107196,0.004796591024004499
107197,0.004175138167444843
107199,0.10784208535032722
107200,0.002949167042897141
107201,0.007390706997208038
107203,0.004197094536749772
107204,0.06422821275591245
107207,0.004119062513807155
107212,0.031109055240668017
107214,0.03003488654064487
107215,0.0312055147011069
107220,0.006855204184029299
107222,0.03112461890087924
107223,0.0042924676951227566
107224,0.038021462363394834
107226,0.003882516554847415
107227,0.0031131775577272975
107228,0.003911842622212668
107230,0.04117285140397386
107231,0.015457758538203244
107232,0.026092726083828087
107233,0.0032687763731471327
107234,0.04865283200586016
107236,0.014171583475779978
107237,0.046418844970205035
107239,0.0032621245728072937
107240,0.032122446006851414
107242,0.009890753005744221
107244,0.03417664652950979
107246,0.0032620508470138
107248,0.01194809359623395
107249,0.015866726632982883
107254,0.07658719145546868
107255,0.19699310574277784
107257,0.028718692009719795
107258,0.011996158228428212
107261,0.0038019006888292753
107263,0.010368295113005705
107270,0.00322986073220513
107272,0.036287211482868356
107273,0.05687410259284022
107277,0.0456289713580776
107278,0.058512621245983144
107279,0.026092726083828087
107280,0.0038607805434012197
107282,0.04592559925242513
107283,0.005044223593370114
107284,0.008685711410254485
107286,0.010827269774005539
107287,0.0050533947945362555
107291,0.004633663038802943
107293,0.20164798904049516
107295,0.052571979324671184
107296,0.10088245796367273
107298,0.0388120140818229
107299,0.2556469402990929
107302,0.0048559850062627535
107311,0.037989088311470735
107312,0.07362885930967425
107314,0.004885147272775353
107315,0.023042427137674314
107317,0.016228004876969737
107318,0.026864803068482778
107323,0.10081669869466893
107325,0.08513671701335375
107327,0.06928544064163553
107328,0.036204952335678026
107331,0.050331551374005155
107332,0.0230906342210579
107334,0.005628535816032012
107341,0.04138774147895085
107342,0.03827408035168491
107344,0.005441703098817555
107346,0.007895073572291867
107348,0.0034993811471557786
107351,0.0422192394894805
107353,0.06343758723680504
107355,0.0034591747007180693
107356,0.04190102928878961
107359,0.11236290246687089
107361,0.014098350214117981
107362,0.010623661627484876
107363,0.09902679319230462
107364,0.14378109005804746
107365,0.0037518008503650445
107369,0.014158241309611434
107371,0.006740538726811788
107372,0.009395373122657652
107374,0.06394178310996755
107375,0.0028855973169524254
107380,0.0030118999289807007
107382,0.004424755113476866
107384,0.0185412495643355
107385,0.002853645547162333
107386,0.0037410396962914583
107388,0.06588236214247635
107390,0.03459537651067348
107393,0.18546949513714267
107396,0.04199774379607015
107397,0.04118137269245599
107398,0.003863189365074405
107399,0.13202955020608828
107400,0.2703847444531164
107403,0.006329532876488019
107404,0.08423452896918528
107408,0.04269557541862649
107410,0.03127571122167856
107414,0.009004768784580569
107418,0.004041827766895916
107419,0.003645242306222337
107420,0.034049716206610174
107424,0.06100136346890787
107427,0.18005695948627992
107429,0.0035751056244255593
107432,0.017163903762932906
107438,0.046179971185445756
107439,0.03459537651067348
107445,0.011167987366557431
107448,0.0029306364796638337
107450,0.08857808133215665
107451,0.0443729295535798
107453,0.0563102303446898
107456,0.0053456287440786605
107458,0.08276609504690365
107459,0.00362826365636797
107462,0.04673645265562653
107463,0.0033948360427399605
107466,0.003343916288281364
107467,0.0032506212989056593
107470,0.009903019831622464
107471,0.019125323575935594
107475,0.20283481550243623
107477,0.011347023101910627
107480,0.01765469231682371
107481,0.08179007062379179
107482,0.01872788989865265
107483,0.013102734046325249
107485,0.006152476231833273
107486,0.006540724823078773
107490,0.003052619175424208
107494,0.012590456377345273
107495,0.03385061543870788
107496,0.003911791442792738
107497,0.006264814185528984
107498,0.00847949059933875
107502,0.0036970724761660103
107503,0.03958627643554913
107504,0.00798630723114053
107506,0.006062026882235316
107509,0.2315786770376381
107513,0.0029468073270385413
107516,0.04569880338849003
107518,0.004349290446647681
107520,0.008603790274759342
107521,0.078713567787911
107522,0.24797708003437874
107527,0.18093817071335008
107528,0.003891162136536189
107529,0.17501803186207118
107530,0.005522399502749274
107531,0.006052482327353843
107532,0.0154165648466785
107538,0.0030455122517815667
107539,0.021671044428314305
107541,0.0029792895248975165
107544,0.008471925483757742
107547,0.05169553971994265
107551,0.23615199578875506
107554,0.015334603855856692
107557,0.13870355255555292
107560,0.006333842087589192
107562,0.1519100176761166
107563,0.008866511114844365
107564,0.014336396098232885
107565,0.003915181461866649
107569,0.0029441931884208513
107570,0.012277815745687507
107571,0.0040589565252397266
107572,0.02635506247822908
107574,0.006030821809580666
107575,0.004869749628827315
107578,0.27786745373653987
107582,0.04440235572878858
107583,0.0061428911710086935
107590,0.025444647259636657
107593,0.041910701366494156
107596,0.007269282144072046
107597,0.17162391432799642
107598,0.003951059760478422
107600,0.21834127443209025
107601,0.01164230121928605
107603,0.1807347978619586
107605,0.007525066240816834
107608,0.006782812564907038
107609,0.010482128321879036
107613,0.005149762456663175
107615,0.05446033214897651
107616,0.039312216538979185
107617,0.011527007062401123
107619,0.003860766545753027
107621,0.006091368620777011
107622,0.06091528358478497
107625,0.03332591478177266
107626,0.0215703725751931
107627,0.013725351276407123
107628,0.004058365894908817
107629,0.008240105384085674
107631,0.003768194601998315
107633,0.04031795263162232
107637,0.002872618233228506
107639,0.0038667830684693282
107642,0.015232731659874231
107643,0.0036481464576252004
107644,0.010038504030093246
107645,0.06265373367474654
107650,0.0034939881292155722
107652,0.007035283222871749
107655,0.051759615526954954
107656,0.01226560173923681
107660,0.0038501549338820795
107661,0.2369352235147534
107662,0.0063488929126265916
107663,0.049585000725839073
107666,0.051103468284781045
107668,0.023091115637497227
107669,0.07686529955661135
107673,0.0028883276870664237
107676,0.003992788904391818
107677,0.003481076918844499
107679,0.19730431121947614
107685,0.008479201599861902
107687,0.20546392382007309
107689,0.019058428093793458
107691,0.012055527961794274
107692,0.0043813432230215025
107695,0.017301341205342047
107696,0.05235748138275314
107700,0.01223069473932906
107701,0.041873821750099
107702,0.09140530031713892
107703,0.2524947618218175
107705,0.03459537651067348
107706,0.007258152600703441
107708,0.0059116599416702015
107709,0.2953337080375008
107712,0.005255885358487265
107713,0.010269867901620655
107716,0.003064733930088845
107717,0.0029147351921837788
107722,0.06735673095495899
107724,0.005564484732421264
107725,0.164772259347212
107726,0.003287461273132153
107729,0.0036986061341488436
107732,0.050248708979459135
107733,0.14991820958564686
107735,0.050126767862292074
107736,0.002955410161487027
107737,0.019126616385357162
107738,0.14111313772913728
107741,0.0030280924285480434
107745,0.19711166393435436
107747,0.04513924133587961
107748,0.03241276124280042
107750,0.008499886374963128
107756,0.0039790894265217605
107757,0.014252079127947261
107760,0.004103919880978205
107762,0.022192266897083677
107763,0.00857780333147394
107765,0.0037671759800693696
107767,0.017905931881769553
107768,0.0061152588404802056
107770,0.017440758628015432
107772,0.003731474256140972
107773,0.0055900249111468835
107775,0.0294780599331374
107776,0.03882489618527024
107779,0.010169418932761142
107780,0.02416885774507169
107786,0.26180723688315094
107789,0.005516454394301143
107794,0.016937415517065964
107795,0.02593619662629866
107796,0.024863549424234067
107799,0.004438508100831059
107803,0.016737904857780497
107804,0.029427445001627608
107805,0.003196028917932353
107807,0.039177081575448296
107809,0.026650804151077765
107810,0.004484369642413225
107812,0.15652990544860126
107813,0.01922930404641549
107814,0.009395979728656412
107815,0.017611806242458252
107816,0.006404085912330741
107820,0.23550078500884286
107822,0.03910934208035367
107824,0.007004666483641823
107826,0.010805736342859775
107827,0.006473828638401359
107828,0.20364084513920758
107830,0.0028611820763724677
107832,0.02444652823297662
107835,0.23326207376630245
107837,0.00290660859497394
107839,0.05493835005285369
107840,0.20192264933488188
107842,0.055239565834475444
107844,0.1990956067115618
107845,0.0036043902344364484
107846,0.0043513479741651975
107848,0.0030025395361778845
107849,0.020003797836249886
107851,0.007434779532370293
107852,0.01628489906450483
107853,0.002989770965162882
107855,0.00850041261148769
107856,0.0039039798100798414
107857,0.00357919278811213
107859,0.01998774125592165
107860,0.07513230388460668
107866,0.004065540381388474
107867,0.014675742804564953
107869,0.03462178741917569
107871,0.008095696454138546
107876,0.07475324782269137
107880,0.011005626539358803
107881,0.0028638874517236375
107883,0.0038686440156199433
107885,0.08735360219864058
107886,0.009871657742066352
107889,0.1727560287942314
107893,0.02099913766893696
107894,0.011108196772385517
107896,0.005936273193568904
107898,0.010219894961283265
107899,0.003931616590402937
107901,0.0036599015836884653
107903,0.003530795451222885
107908,0.022498485781672104
107911,0.017854408892258842
107912,0.018506684510653498
107914,0.10921472144841618
107915,0.03256671289431723
107917,0.004478855699040873
107920,0.004018292655225199
107922,0.005484777946435129
107924,0.009614424868625869
107926,0.003965933377167856
107927,0.006633779769379483
107928,0.24574068322845896
107930,0.09859045042628689
107935,0.004172155673415111
107937,0.025755386541523144
107938,0.004006335268847422
107939,0.0105720749106632
107940,0.04889461203140907
107942,0.0033054125463965424
107943,0.013022112875311971
107944,0.2165859451902262
107946,0.01811381180181092
107948,0.0036880919560792714
107952,0.010468434262089824
107957,0.06502599806239703
107959,0.0032955053856605875
107960,0.008087078256319742
107963,0.19810294686088606
107965,0.0670255419616922
107966,0.007841367526289235
107969,0.025353920325182
107971,0.010276632856335625
107972,0.1881727601019672
107974,0.003383088203082271
107975,0.10613293104860914
107977,0.013281221714513054
107981,0.0038234376040669634
107983,0.004088643461560346
107985,0.006003699223381866
107988,0.0038521021319909594
107989,0.0050628104012132745
107991,0.04520145983043622
107993,0.16285751773810808
107994,0.005441031520997086
107995,0.007726910053455353
107996,0.00938522878475976
107997,0.0524633521909388
108006,0.010227882854157232
108007,0.031062333272301144
108009,0.03334917624158843
108010,0.1505272702825818
108013,0.00521463922400822
108019,0.008569630368972316
108021,0.01366732035172492
108022,0.029961254205253324
108024,0.03364657800174587
108027,0.011988347471549105
108028,0.13698219085306595
108029,0.011229559000233055
108031,0.04843216896426482
108036,0.02052877925346441
108037,0.004121399103207398
108039,0.007454555179381865
108042,0.04045635145015276
108044,0.2727964560988465
108046,0.0043433837825092615
108047,0.0035958976633352836
108050,0.00917375444762005
108051,0.027589083653694432
108052,0.028118426260359385
108053,0.01021407200556562
108054,0.005534502103222085
108055,0.05229361361657019
108057,0.027454095160835742
108058,0.00409611869728611
108060,0.003322568147075163
108064,0.010118971329318925
108065,0.003300345690977256
108068,0.01885861008353783
108070,0.005751287167526215
108071,0.007688719840857288
108072,0.004035604344865496
108073,0.017770895915027896
108074,0.003966296517952574
108079,0.05473560447023423
108080,0.010979973539698479
108081,0.01233100496762763
108083,0.003050201999140161
108086,0.11416021459046904
108088,0.03994040978604485
108094,0.003909876033124017
108096,0.0036293604769999308
108097,0.05981855155737025
108098,0.4166565126859381
108102,0.0034243125064037164
108104,0.007495476442686938
108105,0.011744304472685693
108106,0.006896675188153215
108107,0.005753954532576161
108109,0.044414732599292864
108112,0.004376629751068066
108119,0.0028165517147247456
108122,0.20101119139100573
108123,0.027056789629283887
108124,0.02370847019051369
108125,0.005216668982542201
108129,0.0036757916258035794
108130,0.021870952246375242
108131,0.003639327533103516
108135,0.003935505184633675
108136,0.005532908086043806
108140,0.21937666578981138
108142,0.0040171970598282414
108146,0.018178194408367623
108147,0.05279569325514709
108149,0.004374469992312009
108150,0.008852175623381291
108152,0.08624839901496174
108155,0.006522530800106251
108159,0.28467992053525076
108161,0.008751262734050642
108162,0.023178997181026586
108163,0.1767022435138391
108164,0.012177927103386804
108165,0.02559816969300434
108166,0.16021117093773576
108167,0.004603945185754748
108168,0.022678947815418547
108169,0.006691097181908636
108170,0.005457764692429997
108171,0.005673349455720804
108172,0.01749813416197347
108174,0.0029451737353550704
108176,0.0042766872383899375
108177,0.008770822825627023
108178,0.011198373934683366
108179,0.010583778031202098
108180,0.18246797209984622
108181,0.10290678229275234
108183,0.002804297036205696
108187,0.003707219632237739
108189,0.022935354752791966
108191,0.0036434825221325186
108192,0.0077241671753776765
108195,0.008796508084325843
108196,0.012475205337655922
108198,0.0034707684393383118
108199,0.003723983877743976
108200,0.005011281032401785
108202,0.011094058626223816
108206,0.20971238482303922
108208,0.005362163505645414
108209,0.026092726083828087
108210,0.0030242682551347125
108211,0.01860964454243602
108212,0.006967350676522619
108213,0.040122343841091035
108215,0.030681673603423432
108216,0.023446368092205547
108218,0.0035002886656761052
108219,0.013240684084421408
108220,0.16781973328181585
108223,0.00725263670377793
108224,0.002948595922016275
108226,0.11322549852553869
108227,0.0042722164039414
108232,0.16285751773810808
108235,0.013751103833134319
108236,0.10412559159817797
108237,0.031578647569325366
108240,0.006679264045530225
108243,0.06054641966481153
108248,0.0619989394011712
108252,0.006315559222617381
108256,0.00393518630570346
108258,0.009650179873167727
108259,0.005016514956523231
108262,0.0035191641191344965
108263,0.006390692046968116
108265,0.006540178300046173
108267,0.196160455623246
108269,0.03655906184549077
108271,0.11898899374462395
108272,0.003693209717648511
108273,0.07575732065315209
108275,0.00479947628692477
108277,0.06885986899049755
108278,0.007341168767414337
108279,0.09511889829380432
108281,0.003562281051725203
108282,0.0028893078685002798
108283,0.018152880066875977
108284,0.011204246863092692
108287,0.008045307164671634
108288,0.026092726083828087
108290,0.06581860229386796
108291,0.0029442061186278788
108293,0.0029478717688992463
108294,0.10144709601587444
108296,0.014049766146344692
108297,0.026092726083828087
108301,0.021594062763061413
108303,0.03400964554728145
108305,0.006272401481440873
108306,0.08059161722295904
108307,0.006862685626884597
108308,0.006787219969901036
108310,0.03459537651067348
108313,0.010215409762908266
108314,0.09830258723449627
108315,0.010131730886777037
108316,0.006107405773839435
108317,0.22127677830189912
108319,0.01933748123727973
108320,0.2208606383940723
108321,0.007435822932161606
108322,0.048799658684220044
108326,0.030006527474278927
108327,0.004667345061854333
108328,0.004248976050830307
108329,0.0036620135668810863
108330,0.007420977686809526
108331,0.003075781969740163
108332,0.063843028329591
108333,0.002969031305202795
108336,0.05016213102605685
108338,0.035996911620697646
108339,0.003718131271011349
108343,0.004254885039631884
108345,0.02457702915025518
108346,0.07007016084040885
108347,0.0031761618834041335
108350,0.003852817488058199
108351,0.003984502325189203
108352,0.003493058240903108
108353,0.00345206222554434
108354,0.020622876019473813
108355,0.04582926015797797
108357,0.012508697973766214
108359,0.058430207067842556
108360,0.0037205069610548886
108361,0.029229981766873574
108362,0.003565981670052196
108367,0.036494294164259186
108368,0.004546947050294201
108372,0.034710509091188564
108376,0.02736870789394585
108377,0.002939331220515066
108379,0.039017754426248843
108384,0.07702557018479603
108386,0.013665358185624197
108388,0.0035901134796694047
108390,0.004754213875163822
108391,0.004118983731609053
108395,0.007618346292376122
108397,0.004819753364159502
108399,0.00927089023069088
108403,0.009184101538300925
108405,0.005901746903190481
108406,0.008616529581436227
108408,0.003956924877444169
108409,0.06810017661599536
108410,0.021496506503068703
108412,0.007424243457604773
108414,0.007825311881402784
108418,0.0051642771456647946
108421,0.003285494711251541
108425,0.05539905259568134
108427,0.04726928062209226
108429,0.011533764796583704
108432,0.27859993184016096
108436,0.06361309243934214
108439,0.003744472442413023
108440,0.025055554054227196
108444,0.1015265614009209
108446,0.004928538609688302
108448,0.005375288171630724
108450,0.009109092410524308
108451,0.005329980345809491
108452,0.13431955002224785
108453,0.09361375475985832
108458,0.009275271007462706
108462,0.003985697941673004
108463,0.020671910193334347
108464,0.007938545275800443
108465,0.03363193064826213
108471,0.004504068892496406
108474,0.003578016263468477
108477,0.021930834776769347
108478,0.007458242522360148
108479,0.008852588826405366
108480,0.2281586657030671
108481,0.019802740013756464
108484,0.003758078011714842
108485,0.012575252096908905
108488,0.22141889748702936
108489,0.12654093401201233
108490,0.03985333535390194
108497,0.21313925917996351
108501,0.01342584211259036
108502,0.45374279269328555
108504,0.026092726083828087
108506,0.1969471346262878
108507,0.007193126384120277
108508,0.05990999625851716
108512,0.12602593975416065
108513,0.01163441437566654
108516,0.013584802793101286
108517,0.22110381332562248
108521,0.0036805909768064665
108527,0.03459537651067348
108529,0.20167980928189558
108531,0.018300221686441666
108533,0.0028682105146657353
108534,0.0038272732751325994
108535,0.005214360421782185
108536,0.03444519923423659
108537,0.005101931992856918
108542,0.0036002459315605693
108543,0.019861159314815222
108544,0.03831386886665782
108548,0.027254899223506317
108550,0.09648894118504607
108552,0.008478938697029795
108553,0.0036401687616961866
108555,0.015781296237082687
108558,0.03655480872165676
108559,0.006207226064798888
108563,0.003737797544591905
108564,0.017359840511502772
108565,0.02501371706069758
108566,0.01153840653905197
108567,0.003607109800167383
108569,0.004319887239136379
108571,0.09303352909606634
108574,0.044733861633078346
108575,0.0056183694839957365
108576,0.023966352886037247
108577,0.02018844642132456
108578,0.017550082945018194
108579,0.11726055225160299
108580,0.0039020419899636425
108581,0.03233906674596723
108582,0.010512518976913679
108586,0.005321520698735913
108590,0.009213991944812388
108592,0.16277786426786084
108593,0.05296084568083657
108594,0.0620759975350021
108595,0.024082055428183348
108597,0.0090045563961422
108599,0.005482470134163536
108602,0.015777825431260644
108603,0.2383672869429727
108605,0.18642707817578505
108607,0.063768377161298
108608,0.1775724672218345
108609,0.008900345865372562
108610,0.0029481239036809816
108613,0.0030492270500473303
108614,0.003655538855308534
108617,0.010248808605491985
108618,0.024451588170881382
108622,0.0057048942683408654
108623,0.015964471564357128
108627,0.008554422578070243
108629,0.030025722950230264
108630,0.007456881028991401
108632,0.03913158524680181
108633,0.03699980794902199
108635,0.008751948071231634
108637,0.06168693268035097
108638,0.005682419552024568
108640,0.0037950084087461644
108646,0.019877776651465857
108649,0.021851952920209985
108650,0.3832527205199333
108653,0.1694000717414534
108658,0.008777305885449373
108659,0.05444799637977769
108663,0.0684040921090412
108665,0.0035756293505189744
108667,0.003599254725408415
108672,0.013336040582344931
108673,0.011744323961879686
108676,0.01420395229097236
108677,0.0032297832296536017
108681,0.04185554874091979
108684,0.004819925116529691
108686,0.0036329850320078565
108689,0.10038113226726188
108692,0.2049739363836702
108693,0.011988347471549105
108694,0.0035343931904624052
108699,0.003958261688855759
108700,0.024806405442121322
108701,0.0196315295536419
108703,0.003662848666945956
108705,0.007329834093280762
108706,0.014825249833570352
108708,0.0107593135673959
108709,0.02884527757622894
108714,0.00836368959240092
108715,0.04333955650132195
108716,0.008739527691412943
108721,0.010002613186198389
108723,0.012566401656443783
108724,0.0035527270995982436
108725,0.004268157937851682
108727,0.026092726083828087
108728,0.046810751456386225
108729,0.01322524546208505
108734,0.020680171003005374
108737,0.006074940773103176
108738,0.04930827778250705
108739,0.0037366063496169183
108741,0.0042061849793279425
108744,0.05321058049138046
108747,0.00431422995689843
108748,0.014134752774242056
108749,0.021512781538237165
108751,0.00761628008249407
108752,0.09706694844277605
108754,0.006571217264655096
108755,0.00662131623249922
108756,0.009582404942977176
108757,0.09515864923945022
108758,0.008484159828071549
108764,0.16924668219493655
108765,0.012596039631725066
108766,0.010348805879193103
108768,0.012942739095261948
108769,0.26559772122431347
108771,0.020232312999954975
108772,0.006477611967930356
108775,0.03790799311989893
108779,0.015840247622865147
108780,0.015513160858456967
108782,0.0032340019254588
108783,0.010696768204956951
108784,0.10052001847257427
108785,0.05186901306724853
108787,0.09093786607079198
108788,0.17670930492106363
108790,0.06029419135131874
108791,0.005699360782029994
108793,0.006926924711150836
108794,0.21527175578993293
108795,0.09629523424650709
108798,0.0033794677027623207
108799,0.010009321979332587
108800,0.0315431300442552
108801,0.029703289195972923
108802,0.007717817232342046
108803,0.24228670039243264
108806,0.009386451772662147
108810,0.003410953914669302
108811,0.05506602585393233
108812,0.19968270350927117
108815,0.003802303224588195
108817,0.0877989379138118
108819,0.005325743561552158
108820,0.012452368164881449
108821,0.012059330915087783
108822,0.004001336936171916
108823,0.1101527341518499
108825,0.15580746371951595
108826,0.010289938123664378
108827,0.03105247182835813
108833,0.05067458063765182
108835,0.03125923690322486
108838,0.024406376290316358
108840,0.00406807493910487
108842,0.006426718506543421
108844,0.008751924398358691
108845,0.015556729771437067
108848,0.01055390643408236
108849,0.0028692473177837703
108850,0.01846305673862669
108851,0.003943446790299306
108852,0.004264495313070997
108853,0.015809538402494175
108856,0.013046403189368037
108859,0.204471975809191
108862,0.01692399423565015
108863,0.006071396934873803
108865,0.003556769672527231
108866,0.19367685525920528
108871,0.025398822299123824
108873,0.04918556322420454
108875,0.02473765916324675
108877,0.013928724915203345
108878,0.01939398282780962
108879,0.01495712483542875
108881,0.05708882378308845
108882,0.0030783651127129306
108884,0.00382515974998034
108886,0.030000756285442673
108889,0.06506999651246283
108890,0.0166032443806215
108893,0.009343732728327609
108894,0.021180338540078475
108897,0.04703647992714567
108899,0.009870014070341375
108900,0.0028555511623007254
108901,0.0040571909836053174
108902,0.0037378499538136137
108903,0.061906272893655426
108906,0.07074937277986795
108910,0.005445738838088831
108914,0.034866386929722076
108915,0.1048697988807741
108916,0.04199774379607015
108917,0.014656299217840285
108918,0.003447221435403957
108923,0.2042523299243492
108924,0.002931426220653762
108926,0.01832197395168906
108927,0.02369372615301281
108928,0.014134285007630532
108933,0.054752892012474255
108934,0.011160290702034982
108938,0.0252382235491318
108939,0.0037296790641888275
108940,0.024891071146449707
108941,0.010981223262643652
108945,0.04208497383001623
108947,0.06098378703431925
108952,0.015634082514785496
108953,0.26860927256773465
108954,0.0030350236923889847
108956,0.06410279028454426
108957,0.03995349820600433
108958,0.005003683185547386
108962,0.023817007593708608
108963,0.017209088769247056
108965,0.008453533748492194
108966,0.005298878033150862
108968,0.011986866011072147
108969,0.17946210546854388
108970,0.16866262960133535
108972,0.005851648816080954
108973,0.019304020926688734
108976,0.005640953858509975
108977,0.018163200915106332
108978,0.014351695332704284
108979,0.025040978936628492
108983,0.048017706470391566
108985,0.0036445596328848794
108987,0.0035092934081145896
108988,0.07000194558669483
108992,0.005114216088200335
108993,0.042998803272534664
108994,0.03636958125700658
108995,0.0037279010268210467
108998,0.010656756637502719
108999,0.03880695473165838
109000,0.009404333040381548
109002,0.004439370040494881
109005,0.009520170453377445
109007,0.003313563563088694
109011,0.02980689170405098
109012,0.003956906502723937
109014,0.03459537651067348
109016,0.0404330164687305
109017,0.005029816653268034
109020,0.04370184538807435
109021,0.2959470942157681
109025,0.00601247515458096
109029,0.029079298318158208
109030,0.11096551359908888
109032,0.0052688129963625804
109034,0.005716886504172462
109035,0.008428800316711647
109037,0.011067584109461952
109039,0.2994399208615678
109040,0.009539060050282875
109041,0.03480129786499273
109042,0.03535117154057107
109044,0.003586114031999134
109045,0.05579169150063382
109047,0.2031616116096347
109048,0.11345268042425513
109049,0.021561589205820277
109053,0.016406391966459124
109054,0.03736929529670834
109055,0.030905218202618195
109057,0.004929985552267922
109058,0.009282771011233966
109061,0.003313702573527033
109062,0.03654049128332485
109063,0.0051713018489898096
109067,0.0034690654291066967
109068,0.019838770107947542
109069,0.22777980834152212
109070,0.041111618093504006
109071,0.0038246772363791
109073,0.012586396472719868
109074,0.0039224622374198085
109077,0.012388476407720853
109079,0.012359610158078505
109080,0.009203424206220306
109081,0.0034078424512662187
109083,0.07126204639850274
109085,0.0034417102894699647
109087,0.027840193800051215
109088,0.0046508312170977
109092,0.03970527142957329
109093,0.03119328919675522
109094,0.1993051796689863
109095,0.005207034601148954
109097,0.02668522257617677
109102,0.028022420887293478
109104,0.0029297278444424635
109105,0.006005545686056779
109107,0.003992049342055608
109109,0.033229542026921785
109111,0.015975006728657083
109116,0.002905374927095927
109117,0.1737740152094254
109119,0.0028621469389578614
109120,0.018385256148934676
109122,0.003873490811875055
109124,0.02865660858246227
109125,0.022109910572848498
109131,0.06411960920865463
109132,0.008768584170479186
109135,0.021361967136596365
109137,0.08515267604699873
109138,0.08796335774379546
109139,0.08658621709156272
109141,0.05145687684695927
109143,0.0030640432250907813
109144,0.017466621452248005
109145,0.004044220167573641
109147,0.006618919020118301
109148,0.004086787343229954
109150,0.0036628805964862244
109155,0.010352800632758953
109160,0.0038328989701424533
109161,0.004216781505736516
109163,0.015415701909150236
109166,0.11260374749681254
109167,0.29592563569330255
109168,0.08121890949478908
109169,0.004456147086544334
109172,0.026092726083828087
109174,0.003986688842039939
109177,0.13454158790541257
109180,0.011291079420141027
109182,0.004189530746815864
109184,0.060177942042309085
109185,0.031267380951441597
109191,0.005205434395523225
109192,0.03027300024322032
109195,0.005416190341391204
109197,0.009226339220703546
109198,0.17340602759089255
109199,0.01749862702375253
109200,0.03260276696994668
109201,0.002894406366249291
109202,0.00851687167774274
109206,0.004834189260768444
109209,0.09740532941492296
109210,0.022180587455681293
109211,0.00894752533413477
109215,0.006756290756160099
109217,0.0038095352808454968
109218,0.0325638502604551
109219,0.06891866795169896
109220,0.006571922921391788
109221,0.05760397622592814
109223,0.01068214945901142
109224,0.0037310810651277277
109225,0.020809517353173206
109229,0.04665933633036523
109230,0.05279569325514709
109231,0.009875575157842393
109238,0.010342246269576348
109240,0.003574565899077424
109241,0.03532513618290415
109242,0.008052623191639624
109243,0.039841132094582066
109244,0.17782201013387136
109245,0.20052124413288563
109246,0.1727560287942314
109248,0.006630696187889215
109250,0.014386533262946468
109253,0.008765049685024775
109255,0.008305838055270935
109256,0.0037603716670646997
109257,0.0034641668642907066
109259,0.004323103929155197
109260,0.006870202464485676
109261,0.0036088987460163317
109262,0.009300500970212455
109264,0.010534614762927608
109265,0.05202123332175889
109267,0.14614145855566768
109268,0.03298954508714445
109269,0.008039410655837425
109271,0.082365002234415
109272,0.2785936703203863
109274,0.016669001586880894
109277,0.007657227343507738
109278,0.2635139953759213
109282,0.1795400083069582
109283,0.11790276532905926
109284,0.02159576356475074
109288,0.042662349907275944
109289,0.03103726450944958
109290,0.03335065320664263
109291,0.051820608028719135
109293,0.04123854289426831
109296,0.011738637594767473
109297,0.08997870148899276
109298,0.004776343476710117
109299,0.013566241883496774
109301,0.2411454145325848
109302,0.008173264411752326
109304,0.036750029477037434
109306,0.06666965008732507
109307,0.015047043403399938
109308,0.004095655386017313
109314,0.017498762168915133
109315,0.003275488168215485
109316,0.0032200499101609358
109317,0.009206181783091186
109320,0.020818867748320032
109321,0.05888195893296779
109322,0.10083454335430532
109323,0.00400080504542055
109327,0.026929413165159833
109328,0.008700879503329062
109329,0.19117137763987135
109333,0.06876127544087944
109334,0.00965532385080905
109337,0.010255956355844737
109339,0.003088626092489645
109343,0.014116521939691084
109344,0.025040978936628492
109345,0.1308609485964949
109347,0.008483715014308106
109350,0.025285277446594763
109351,0.16368717685914974
109353,0.03622379956016198
109354,0.008068209254545424
109356,0.015304973136363205
109357,0.03922846617008991
109358,0.005616194381878334
109360,0.004400482264278287
109363,0.005145003331827421
109364,0.04593083982390944
109365,0.0040554082029461164
109368,0.014588552188898539
109369,0.010838355554097323
109370,0.030533772779880553
109372,0.18116087129185932
109375,0.06395322450561071
109381,0.05438190668278984
109382,0.03204529609344612
109383,0.004673189890159726
109384,0.06094466857828615
109385,0.00916779822822412
109386,0.0038067782426713295
109389,0.011215878122504517
109390,0.18699004524296456
109394,0.008941099215533748
109400,0.017089997940929507
109402,0.01979126503402294
109404,0.007411558714103222
109405,0.12808398318965752
109411,0.014656186868967238
109413,0.011915742860941997
109415,0.009206141595629916
109419,0.07455882905070409
109421,0.29646954194239566
109422,0.026485232356907158
109424,0.014189316982179796
109426,0.012176550463812991
109428,0.020648208498648967
109429,0.026092726083828087
109434,0.006580143650192199
109435,0.005145118645890487
109436,0.1733353054183388
109437,0.15462513148544862
109438,0.0037470258398835726
109439,0.18693545278726778
109440,0.004969373472973194
109444,0.04807070309154494
109450,0.13344901520974098
109452,0.004518028690107083
109453,0.011142487086756681
109454,0.008328063547209299
109456,0.014738753534447684
109463,0.008729262789132693
109464,0.02636926636907848
109465,0.04175011130398889
109467,0.0029626424412133186
109471,0.0102480681638832
109473,0.0046030119404712145
109474,0.16368398711433205
109477,0.021487590352401175
109479,0.004157491401184994
109480,0.015117163557145541
109482,0.017851431887219348
109483,0.11930455038641567
109484,0.003744397083257844
109485,0.008042912549639228
109489,0.027534359263567953
109491,0.021495361588765312
109495,0.018296416254536343
109499,0.0034615916721240647
109500,0.03881566967171625
109504,0.11905146450803093
109506,0.006546812456016132
109507,0.11929366537960458
109511,0.0038053707873513215
109512,0.041682855342242774
109513,0.006778083606124775
109514,0.0033214050737345323
109518,0.002946411992989193
109523,0.010661806373913826
109524,0.018171655541160302
109527,0.011335829928295101
109529,0.09457466317431815
109530,0.19686680071885393
109535,0.27366146245435596
109536,0.021283168096308584
109537,0.0030259892429167663
109540,0.028205704634118818
109542,0.011258269046073386
109543,0.004073028268820867
109546,0.0797630098445242
109548,0.01833043001191542
109549,0.0062905230662386085
109550,0.006985087811318953
109551,0.004736618192260946
109552,0.0038662748011550237
109555,0.19846498127578252
109556,0.00938252097260336
109559,0.036506834416315075
109560,0.030425375916908935
109562,0.002847050658450674
109564,0.003567330725831996
109565,0.010390583640805614
109566,0.012551974569453712
109567,0.03183531170645887
109568,0.20052124413288563
109570,0.07749071897266237
109573,0.07414607901154835
109575,0.016019651970638482
109577,0.007861074906340571
109578,0.03677478550288702
109579,0.013810478102922867
109580,0.004208444035206126
109583,0.01565034386101549
109584,0.0037839689727897606
109585,0.01464888923410474
109586,0.04473309006087296
109590,0.10455415581881503
109591,0.011988347471549105
109592,0.02221083687704035
109596,0.11985904626243991
109599,0.17865800558789674
109601,0.0063937248609123865
109603,0.019355250673690493
109604,0.021841586204084728
109605,0.0077159383427621575
109606,0.0029787671834646534
109608,0.003603757060168699
109611,0.2056168690739053
109612,0.003430505754543446
109613,0.030297863893125488
109614,0.005386647525122248
109615,0.011608853304191653
109617,0.1767022435138391
109619,0.03442778069091153
109621,0.09580439639966902
109623,0.07997323122732929
109624,0.09174965184805635
109625,0.006056870496129204
109626,0.18699004524296456
109629,0.011141191347048558
109633,0.17881114617776647
109634,0.004753783803942907
109637,0.007159905913128161
109638,0.026562248946345506
109639,0.2154907509862885
109642,0.15987915928375362
109643,0.0029876049466446403
109654,0.1348572336165813
109656,0.0428297431646394
109657,0.01990840544430273
109659,0.012170990385718394
109663,0.008611948799436045
109664,0.09443399193386744
109668,0.0033505749797768515
109671,0.1233443750665229
109673,0.029472337848250117
109674,0.04640338342418419
109677,0.0300718394219901
109678,0.011208791867262716
109679,0.041994436359349824
109680,0.005570984462319653
109682,0.026092726083828087
109683,0.05572972028759922
109686,0.0028933543475615294
109687,0.011171993956551822
109688,0.29413739581391757
109689,0.01244665321077956
109692,0.003358119604692388
109693,0.21144009733090652
109695,0.00838082756255151
109696,0.011214977676814335
109701,0.10260054314840669
109702,0.024910368123395532
109703,0.002890383451948562
109708,0.08511606031136662
109714,0.009878198742452769
109715,0.0031927447549440647
109718,0.04117430009991254
109720,0.025040978936628492
109724,0.034239830735226476
109725,0.009012180248109852
109728,0.03471861123372977
109730,0.047540603376114064
109734,0.030173285087338127
109739,0.1965778300421887
109740,0.006102008119724383
109745,0.0082794636745809
109746,0.050853389291510835
109747,0.00916562557334959
109748,0.025586344213098626
109751,0.01307352018925549
109752,0.03445762138933023
109756,0.010286208337821859
109758,0.09442917418801444
109760,0.003311286023068136
109762,0.006774751270775265
109763,0.03569114028507506
109765,0.004026739843020279
109766,0.006194762469546059
109769,0.0039071477166147785
109772,0.03936081740682324
109773,0.01647877615715693
109777,0.03154065814314592
109782,0.21252297966964015
109783,0.1919878729151009
109784,0.010356963881627447
109785,0.01911388557931853
109787,0.22469486584878787
109791,0.005379490686330273
109793,0.12096939430369025
109794,0.011451370783290817
109797,0.1169515978239065
109798,0.004467988225570835
109799,0.008478896292950313
109800,0.013060320604672812
109801,0.008927117341579329
109805,0.004220625988759327
109806,0.02946025401318586
109807,0.0038125871577467836
109810,0.0039317742427196645
109811,0.015153956760107406
109812,0.08380208193119673
109813,0.23924762689613366
109814,0.0033877973864997668
109815,0.005631813807708335
109817,0.011710752748693416
109819,0.003927563530783639
109820,0.057722257750654746
109821,0.002852675471768572
109822,0.029638850223359697
109825,0.004751772853880473
109826,0.014975863985350129
109831,0.10096583002777061
109833,0.007275912101864116
109834,0.0029451737353550704
109835,0.01233061949330529
109837,0.17654240295774687
109838,0.03232788984511794
109841,0.17800400625263152
109842,0.012576366589583724
109845,0.03459537651067348
109847,0.007032778034816946
109848,0.004322243304478937
109849,0.0034520217843612166
109850,0.0037513331248890188
109851,0.014127515950468673
109852,0.14813325640241146
109853,0.012647352782030968
109857,0.0038772357210272303
109864,0.0029835739864579975
109868,0.03306824851229288
109869,0.003501333130833456
109870,0.0030049515815370547
109871,0.15396547953642412
109876,0.023622651952484225
109878,0.2060351125931767
109886,0.2469875415527524
109887,0.006677012478365128
109889,0.026092726083828087
109890,0.004938948823433869
109892,0.00757672837349039
109893,0.20780343819658212
109896,0.04502513175474778
109897,0.036471212248520915
109898,0.0036650702175901866
109899,0.009167522176865728
109901,0.06531371748926523
109903,0.00393498155734124
109905,0.01004957122876892
109907,0.003941443220523959
109908,0.006952702399315915
109909,0.1846582800417429
109911,0.0029809065723622385
109912,0.06347091021222173
109913,0.0038685130768965057
109915,0.013189537005450285
109917,0.014835508668384017
109918,0.0321392053017821
109919,0.030163985401403758
109920,0.0030083910993969716
109922,0.011769175852131613
109923,0.004751030726958309
109926,0.0037680742175328044
109927,0.011755864791418895
109928,0.03881402922312568
109930,0.004025607502531834
109932,0.005270705612744611
109933,0.03526056259930607
109935,0.0038995238653084393
109936,0.0029108621599008015
109938,0.026092726083828087
109939,0.0028310677517017985
109940,0.1591109858530959
109941,0.012713234184867306
109943,0.0038703690017157823
109944,0.004083264216647719
109945,0.0829008530782767
109948,0.03694319025864082
109950,0.02062662441593612
109955,0.06807624278613349
109956,0.0070983290958502405
109957,0.004541049642997367
109958,0.0028902707984018914
109960,0.025178603427628333
109961,0.021763358327247583
109962,0.009023979222341254
109967,0.0029164612153858146
109968,0.07431980852754182
109969,0.015106720181521498
109970,0.01903801246537748
109971,0.07493478474103396
109972,0.005011395011263101
109977,0.012355368857727773
109980,0.0038538922480194863
109981,0.00458713843551303
109983,0.0397618451355712
109984,0.003858517107992606
109988,0.07898278914600082
109989,0.01603497267999101
109990,0.005991422493642149
109993,0.019328077458332125
109996,0.03750850332810293
109999,0.003021332499837947
110000,0.0412207142980536
110001,0.03364725457864698
110002,0.014264933397618218
110003,0.014813388134466187
110004,0.012207278261244632
110007,0.005365867135427628
110010,0.007717199995613017
110013,0.0033852635782055528
110014,0.005689979486367459
110015,0.00890770428219153
110027,0.061623409177870424
110032,0.05433494081712009
110038,0.01420118353012517
110039,0.0042088780486679465
110042,0.009129151477993187
110046,0.22322050004725194
110047,0.009051232784046428
110051,0.011143298475796325
110053,0.004430109673722128
110055,0.03459537651067348
110059,0.008702635549091392
110060,0.003456284263334478
110062,0.03771852725728514
110068,0.0036182112735605354
110072,0.0037457726696060816
110073,0.09357851942819591
110074,0.027452059554239974
110075,0.03387449730389366
110078,0.0328736099706803
110081,0.006742626249105616
110094,0.003358947927168598
110095,0.04647807881826081
110096,0.01020587271818457
110100,0.01733750761126312
110101,0.04591815935765099
110102,0.03879444870073843
110104,0.028655453814592804
110107,0.0035339331862023365
110109,0.011139034904937204
110110,0.022033069905689366
110112,0.07365497461405271
110114,0.012207748177510544
110117,0.003061971639271651
110118,0.020572024767615094
110120,0.10541596081150903
110125,0.003060224611349258
110128,0.015696862658490632
110130,0.15841578431073733
110132,0.21276701072795437
110133,0.0069397936448667395
110137,0.1708317824473088
110139,0.007365446622938878
110144,0.025040978936628492
110149,0.196879144161596
110150,0.01903750230544917
110153,0.23459985512593934
110155,0.0291358791070092
110156,0.030928513211656787
110157,0.056790694230209424
110158,0.10471421689640699
110163,0.03125543395945545
110164,0.030536032461622353
110165,0.04617966833023257
110169,0.011807431601918682
110171,0.00739875411585552
110178,0.03459537651067348
110180,0.0030427002386309555
110181,0.0033368763418186623
110182,0.06766853619767867
110184,0.022436421909136813
110190,0.0995527344729836
110191,0.026092726083828087
110194,0.19238646185972588
110199,0.03420908341968701
110201,0.013871796184025415
110204,0.06516052101916459
110205,0.0670762156850797
110207,0.0038061495196566
110208,0.029375374781078198
110210,0.01492897289326785
110211,0.0038878470953136054
110213,0.253144531251068
110214,0.12390728344596688
110215,0.00837909021479286
110217,0.02807458405260396
110221,0.16291808836959923
110222,0.145737755577921
110223,0.003448216564929067
110225,0.009386295462969116
110226,0.009359696779994231
110227,0.004201438115259855
110228,0.005872018224568854
110229,0.004967016978000249
110231,0.025607310140550732
110232,0.004198323936229378
110233,0.035179768144592734
110236,0.003498712311923873
110237,0.10732148212991793
110239,0.034063031881278516
110240,0.0982640070166192
110241,0.0054340836671156285
110245,0.005732949946054319
110246,0.032138785088398854
110249,0.007240381378710614
110250,0.003968823147817493
110255,0.008402079063212027
110257,0.003971556690541916
110259,0.24913473902545222
110261,0.0050490075273565225
110262,0.005837488706683879
110263,0.0040541486019153965
110265,0.0029505125895422047
110269,0.0241809709663935
110275,0.021418957002045
110276,0.005852196776256572
110278,0.17171029974177057
110279,0.009478844804178698
110281,0.0035447084434448327
110282,0.0032976002199627806
110283,0.047645554189939106
110284,0.20119683408223657
110285,0.003891477061243428
110286,0.01571858757208985
110288,0.016227407699855697
110289,0.03565042547338028
110290,0.14906441147238983
110294,0.018843670444110866
110295,0.07405219757577841
110301,0.004511114517920347
110306,0.11323270292088804
110308,0.023591867207997833
110310,0.007357307967042428
110311,0.004116339671687753
110316,0.04982854738157377
110317,0.004133441404379254
110318,0.007211901305401868
110319,0.004443942211393927
110321,0.022071563275836106
110323,0.051352594181713576
110324,0.013348835696141011
110325,0.004330377420951315
110326,0.01329471749482877
110327,0.003966797912474748
110328,0.09451493660673754
110329,0.00877071483800556
110330,0.0048074778972366505
110332,0.028459388937346043
110333,0.0033942067191943498
110334,0.0499799338011986
110335,0.035338455774834535
110336,0.116601252350641
110340,0.01799685253317623
110346,0.00981199243978906
110348,0.022703471835411913
110350,0.0050331808023548075
110351,0.01596372125717224
110353,0.01605357147568741
110355,0.007049583750642378
110361,0.0029975884007101446
110363,0.0033848897096026417
110364,0.01594708389954958
110365,0.0035892550679609498
110366,0.04887882484426701
110368,0.007411619554191295
110372,0.010526043776845273
110373,0.07158083221625872
110376,0.009903019831622464
110378,0.00535355627984708
110380,0.003948927287195461
110381,0.004710591365390977
110383,0.005417372712599581
110385,0.11975953608119438
110386,0.011878022218455154
110388,0.006695753061536814
110391,0.0030477731098173095
110396,0.00396789641554649
110399,0.005875877722688486
110409,0.037016332667256964
110411,0.026292009014322888
110413,0.008349189997206881
110414,0.007997092388201668
110415,0.02033125926502064
110418,0.005769576801200738
110419,0.03114784206654201
110421,0.0044308521511477635
110422,0.00608488386687633
110424,0.0031831670081432185
110425,0.008782698228981683
110432,0.003619133812680565
110433,0.17121391333456498
110434,0.015602975766825148
110435,0.03549087680342464
110436,0.04712527822051807
110437,0.02151680787419555
110442,0.12536893174866412
110443,0.00477202692348039
110444,0.031151241309537867
110447,0.00499940934132652
110449,0.0029107572412727374
110450,0.009623144075204112
110451,0.028901229404020654
110452,0.004478855699040873
110457,0.03049448459611299
110459,0.013919089925653024
110460,0.0035929226524481855
110466,0.04097200786510137
110471,0.009854232834104606
110472,0.0329806426975867
110473,0.004328621456354797
110474,0.040304269934868416
110475,0.005394621434393652
110476,0.003958616146939985
110479,0.09778298698042802
110480,0.06516665502665556
110481,0.09414209712635718
110483,0.18715445883138176
110484,0.0044716097087800204
110487,0.08546897383837208
110489,0.15674082744498768
110494,0.005668048016121258
110495,0.003995015793388045
110499,0.24228571015636222
110501,0.11533224190636447
110503,0.015240999141456388
110504,0.004775124901570001
110506,0.015579586324170204
110507,0.013751237890930584
110511,0.012884435690845384
110512,0.007637796220699586
110513,0.026092726083828087
110521,0.14244065271912434
110522,0.014502021362888008
110523,0.00938616486876401
110524,0.013347505873279505
110525,0.003995390621401424
110526,0.002893205120546944
110527,0.05279569325514709
110528,0.20871113245115405
110531,0.026092726083828087
110532,0.07518272508461134
110535,0.004230512161521425
110538,0.03344195148149696
110540,0.007541793257854024
110541,0.007681720714790611
110542,0.026092726083828087
110546,0.050056769878799534
110547,0.018767860152358665
110549,0.021741378416046512
110550,0.003589324500128607
110551,0.003825184418992438
110553,0.003384553369108917
110554,0.04369519856579159
110555,0.023562216001501542
110556,0.008432096329762929
110559,0.003712806169125919
110560,0.04640204314870674
110563,0.15861669470914935
110567,0.0033339271500465216
110569,0.009281139810883028
110571,0.006929472230110371
110575,0.2091237303459043
110576,0.1767022435138391
110577,0.03363256201376813
110579,0.013593644533984114
110581,0.02161036554812593
110583,0.003665274474780413
110584,0.003559139402990753
110588,0.0046802574280083095
110589,0.006241997144144826
110591,0.003922027626567148
110593,0.003939729343585017
110598,0.002993301978088645
110601,0.004974879754308713
110602,0.10913337609631031
110603,0.003690666381950256
110604,0.005687921677643804
110609,0.004774381516964988
110612,0.0048488972583572865
110614,0.011836865751452425
110616,0.05966565230971552
110618,0.07268156347941025
110619,0.0036007775192501766
110621,0.03474524747804674
110625,0.08004400792097449
110626,0.0029058483375269746
110627,0.004369821892769668
110629,0.0033856548516431003
110630,0.012969379554206475
110631,0.07306223490278207
110634,0.006354726099005832
110635,0.0048915851087245965
110636,0.009103219609300394
110644,0.0038759756159167658
110645,0.019865759617438757
110647,0.0151563060217248
110648,0.045904457855344104
110652,0.011615016081424305
110654,0.02853657341365192
110656,0.007105085812254604
110657,0.1144024217578902
110658,0.005457034624470317
110659,0.03870369951648274
110663,0.045835067694904946
110666,0.05020626907672868
110667,0.35123681267334744
110672,0.06586524561453602
110675,0.0033323372243003343
110676,0.01925858444598757
110677,0.07393249270650595
110678,0.0065897229624313726
110679,0.010294109750551951
110680,0.00910710587617261
110683,0.006373700595258046
110686,0.004685971999211659
110687,0.09934060406156514
110689,0.00408119217971132
110691,0.00989597140628004
110692,0.006003462500185765
110697,0.007065227753522024
110699,0.0031665354291860828
110700,0.09667737125668707
110702,0.003426749997646547
110705,0.0032171765538548916
110706,0.013659246107337644
110707,0.0028367917569020735
110709,0.0322802778103766
110711,0.09342393482456215
110712,0.006991849148750998
110714,0.005282455340813327
110715,0.016549926218167428
110716,0.009945767182486064
110718,0.020828830744283353
110719,0.012685545726238126
110722,0.01612774955055724
110728,0.1354028342290582
110729,0.013615045126593983
110732,0.22471936756449562
110735,0.19329138015089284
110738,0.002882930568332692
110739,0.005319478639383864
110740,0.0064713366340970425
110742,0.042682041070346025
110743,0.0037470258398835726
110744,0.00877016442739166
110745,0.01616351517909541
110749,0.077573886086219
110753,0.0032594486792929286
110754,0.043042493710796194
110757,0.007666142101298254
110758,0.014172049069388029
110759,0.0068779617354948475
110762,0.012409630702977188
110764,0.011696199665575434
110765,0.004148006609743619
110769,0.19988861151473858
110770,0.0034286732365432556
110771,0.01688233175450822
110774,0.003923001248698153
110775,0.27416905258353064
110776,0.03508431809104073
110779,0.0642657439236233
110780,0.041168233282609684
110782,0.0034641235815518374
110783,0.007092902661453894
110787,0.0030828121215633786
110789,0.0056161260098799995
110790,0.026889562694267993
110792,0.0038634945857790037
110793,0.029108053334609918
110794,0.1059872123110651
110795,0.0615084765982441
110796,0.018094882990659176
110798,0.01051411848275672
110800,0.00379955772045063
110801,0.19686680071885393
110802,0.003722908387341294
110803,0.002921904881194465
110804,0.0029341280984906863
110805,0.04172247237912291
110807,0.004312174951048398
110808,0.0035422455538161018
110813,0.1773402623212574
110814,0.01930715966547222
110815,0.027314695034583707
110816,0.13463577862336848
110817,0.02373905879301568
110821,0.014610847951598796
110824,0.016889435637093043
110827,0.005186833527202027
110828,0.003547213348595784
110829,0.07893365334605963
110830,0.033067232687952336
110834,0.0061957613611541605
110835,0.03973969517341289
110837,0.049206869928616226
110840,0.008342503726195756
110841,0.09317639259195205
110844,0.02034294001281242
110849,0.0031318227680568484
110851,0.01017010733544407
110855,0.1778605074153713
110857,0.00570564264400053
110859,0.09197788103333811
110863,0.003450597720487765
110864,0.028792726988398475
110866,0.0039058465810365237
110867,0.024057984516843454
110871,0.024116702523607612
110872,0.05282747318902621
110873,0.076647224214621
110874,0.0076918640578766085
110876,0.014310717530079096
110877,0.0036552458690595046
110881,0.17290131797952124
110884,0.10742244778813574
110886,0.084541966819708
110888,0.032887269602647574
110891,0.055277825042931716
110894,0.07693832325684662
110896,0.005994015463461966
110899,0.036929144155615615
110900,0.02176097744756473
110901,0.009870028810382764
110902,0.06306272543435677
110903,0.019092048950498736
110904,0.02922264079179989
110905,0.0649846260301239
110911,0.006157884757587683
110912,0.005472840151757694
110913,0.1380946542639618
110915,0.1913307787218794
110916,0.02859374458376264
110917,0.21115025737823437
110918,0.03575272144023134
110919,0.052369771243306024
110920,0.004652862453451845
110921,0.0028609567901779157
110922,0.020542492643092013
110926,0.010404976032678195
110927,0.021799068125874187
110928,0.017344870097972608
110932,0.0029738689095375743
110934,0.011969770846881275
110939,0.02149236337333753
110941,0.010190073230023468
110943,0.0561318991007952
110944,0.002960164394453255
110946,0.00928013803532418
110947,0.0427946090649982
110948,0.007397659514038547
110950,0.03204529609344612
110952,0.03642611768262136
110956,0.009382043415497799
110958,0.0037615842802706484
110959,0.008778877238728095
110962,0.008178475203728258
110963,0.026092726083828087
110964,0.18456426348739335
110965,0.004133497067621251
110967,0.005277103318991175
110969,0.02245456249473437
110971,0.0046982091478544276
110973,0.029237025061620098
110974,0.014868934277485172
110975,0.004378552104676906
110978,0.09181294955760966
110979,0.017248461418157043
110980,0.3502295762772773
110982,0.05868401264221492
110983,0.006133655750033446
110985,0.002868100207038242
110986,0.0033109592997938825
110987,0.01443723562761325
110988,0.008075516045254697
110989,0.003632691959353997
110990,0.0031586180207617263
110992,0.01611958698119667
110993,0.012114049557957461
110995,0.08688505315670808
110996,0.08154566553028904
110997,0.07596009577230413
111000,0.008462098470716098
111001,0.0032858727247905813
111002,0.12605361745215815
111003,0.0028947750750496497
111004,0.010085440401944003
111007,0.035471236023381474
111008,0.004283301322290257
111010,0.0046231061894556865
111011,0.005085533251633216
111018,0.01603497267999101
111019,0.0031974255159428256
111021,0.003632764853685809
111022,0.00986361819483751
111024,0.004489574298518089
111025,0.10603189073875431
111028,0.011528562194829275
111030,0.11442187380614702
111033,0.022678947815418547
111035,0.03687508156399838
111036,0.04438816220629053
111037,0.09638213696578281
111038,0.0028618223863666734
111040,0.002904528636603172
111048,0.07056815320732916
111049,0.013070931240224131
111050,0.012449072348812965
111051,0.004748670940015253
111052,0.10146508130907346
111053,0.00471741668223134
111054,0.006329983567361875
111055,0.045526141115763155
111056,0.005584041297331948
111057,0.0038753896853408916
111058,0.12350892873481084
111061,0.008608232475639337
111062,0.0039030373212088666
111064,0.0030293948875164036
111067,0.0753224326728706
111069,0.0029659255188813857
111070,0.059868429173272814
111071,0.003642321392983732
111073,0.0037610654403148584
111076,0.01173919382291378
111077,0.002864687366921154
111079,0.009895813999838111
111081,0.0036998083536096344
111083,0.005481922731999107
111086,0.042793865528112186
111094,0.007417890655845879
111095,0.0036434825221325186
111098,0.007041569451246067
111101,0.014009806772132859
111102,0.0031624936701107054
111103,0.06393278904231353
111105,0.008176173188323697
111116,0.057708260457995667
111117,0.0038708528042910527
111118,0.004069243331069202
111119,0.007349910022207605
111120,0.0036898639914149187
111121,0.044540716477801
111122,0.030000453052447144
111123,0.12848354448203672
111124,0.0034572242186753192
111127,0.03999382555209935
111128,0.010431451013481498
111130,0.19147082752167013
111132,0.022949162167711402
111134,0.17755229649441093
111135,0.08016296296983871
111139,0.005263960653274087
111141,0.005370615081481351
111142,0.026092726083828087
111143,0.003024454843037068
111147,0.01714902511853102
111150,0.09058463106209523
111152,0.15843270905524034
111157,0.006472171304064389
111158,0.1169070934049925
111161,0.031904887500751815
111166,0.0040843468372028695
111168,0.010170539932198427
111170,0.003097975872142793
111171,0.021933382790404132
111172,0.005466814322637338
111173,0.02331071977854967
111176,0.0854092415574334
111178,0.0028838766734703733
111180,0.006629061339083494
111182,0.004599902938135379
111184,0.2966694483672059
111185,0.025560452261217177
111189,0.011050638079985157
111190,0.06927363566354706
111191,0.011039549892795054
111192,0.008803500582375312
111195,0.0032558797267467857
111196,0.004123604809618633
111197,0.022256525730799566
111198,0.003982579582133668
111200,0.0034638817404734653
111201,0.1748886324098008
111205,0.0034546218269919183
111206,0.0029249792820120815
111207,0.006922495044180589
111208,0.04796286909957453
111209,0.01874134319216455
111210,0.01106910487235186
111214,0.0030107886468651083
111215,0.0035362472451407182
111218,0.04849940331702776
111219,0.004477416881034689
111221,0.5984304150042927
111222,0.006212048212306666
111223,0.0048625889708273215
111225,0.009146147560782285
111228,0.18443212861886998
111230,0.036905343242624844
111231,0.01612882024210966
111239,0.004769552505713127
111244,0.041538829894806124
111248,0.03885808247444392
111251,0.01735989598101553
111252,0.11372032900809488
111253,0.058514813069868665
111255,0.011016054346931722
111257,0.04592153207736982
111259,0.007026880105938739
111260,0.03152659103949378
111262,0.007286923294604119
111267,0.0036293604769999308
111269,0.07271425376731923
111270,0.019480773943806977
111273,0.09974537973185901
111274,0.00409666662325613
111275,0.03197175543782313
111276,0.005677187923323571
111280,0.009590782410608237
111282,0.0034558919827988215
111283,0.03193029915660423
111287,0.025040978936628492
111289,0.03117485341277716
111291,0.048371088423933575
111292,0.03734525441195539
111293,0.06220288685894027
111294,0.0035407648224731435
111295,0.0037215380152232904
111300,0.006526886363818643
111301,0.012574027823747853
111302,0.016599376938943155
111304,0.2367181037274796
111306,0.2569796024494596
111307,0.003147951153856542
111308,0.009115509200970623
111309,0.003734740071551368
111310,0.0040918269054729525
111312,0.004388898851280653
111313,0.026812546457335645
111314,0.0118597525189963
111316,0.01653717938419468
111317,0.008770383975485118
111318,0.0034712834072219466
111319,0.053524702811365184
111320,0.12431606287078928
111322,0.004950295531800721
111323,0.004017856813412246
111324,0.2796232067064975
111325,0.012893852677086415
111326,0.044726545863631964
111327,0.01032658494681957
111328,0.04105858953290344
111329,0.07560197208212581
111330,0.0038840206565393053
111332,0.018580824677653415
111338,0.009082340610863797
111339,0.0032282555086782993
111342,0.0036385238249283455
111343,0.0037204813805957813
111346,0.0271400406130043
111347,0.06908075171940838
111348,0.00680001421679984
111353,0.13049481478464228
111355,0.26565381744477734
111356,0.005754504353244831
111359,0.0035864205052590693
111360,0.02746809534552478
111361,0.017083066839586637
111362,0.08056889801685989
111364,0.2498177150685625
111365,0.5249898841866402
111367,0.0035150995664469773
111368,0.004388898851280653
111371,0.002937396890600678
111372,0.00700742266382431
111373,0.01999049052258425
111375,0.18552273710046138
111378,0.018178194408367623
111379,0.003937097450336584
111383,0.020573894762445234
111384,0.023311732731034835
111385,0.0030765098089573697
111388,0.16900632873618684
111394,0.04822495261503986
111395,0.003177785697505247
111396,0.003995015793388045
111397,0.20347179216181782
111398,0.0029412834878504313
111399,0.006245721171237838
111400,0.122663374633594
111401,0.02054912291838034
111402,0.00345998610076816
111403,0.004321275323347157
111404,0.003941069745895066
111405,0.05062777357268993
111409,0.06395976469945254
111411,0.009165394201535407
111412,0.009903019831622464
111413,0.015249009997104166
111418,0.006095637955080327
111419,0.003917179029159811
111421,0.005757537650220486
111426,0.06951788693377946
111427,0.14231450634549245
111428,0.003675308683545328
111430,0.007608065086492873
111431,0.021162044387178478
111432,0.009303853621795914
111435,0.0031696133835085465
111436,0.020988411064996687
111437,0.0039302890099923195
111440,0.006178809421825534
111441,0.005374394042826348
111443,0.007422549710643345
111447,0.00658065878597018
111448,0.005172679968793844
111449,0.048615107546606376
111452,0.009852535394112245
111453,0.003874126322732877
111454,0.004394783893149744
111455,0.03459537651067348
111456,0.021553746539133077
111457,0.004005417545134422
111458,0.007217248309708114
111459,0.010764932992551709
111460,0.006241370683796453
111461,0.0075773649846611795
111462,0.22603819974193792
111465,0.026092726083828087
111468,0.032609378337698135
111471,0.03075272840785481
111472,0.038976988841741396
111474,0.0034274860656509126
111475,0.013194183707173035
111478,0.005091476120741319
111480,0.08068470159467055
111481,0.005095142746007433
111482,0.003499542801492094
111483,0.002846574792194267
111485,0.03459537651067348
111489,0.025881685255792417
111490,0.004012658326239181
111491,0.0048232733123699766
111493,0.053739817190565524
111497,0.25126701813746
111508,0.07463756761574941
111509,0.013594646546540537
111510,0.003263081393524223
111516,0.007482862577982507
111517,0.15652990544860126
111519,0.016604207995367975
111520,0.0720793535258249
111522,0.021021278784214472
111523,0.012037306044673433
111524,0.019612712319822704
111526,0.004951092048486465
111529,0.00349575235787648
111530,0.05922391711677872
111539,0.003603368724658723
111541,0.056441046742045024
111546,0.13386818456285762
111547,0.018779520371230603
111549,0.004063971729232321
111551,0.006446786338795318
111552,0.06666143812190874
111554,0.018394245770938115
111556,0.04128474034262975
111557,0.009559267098781516
111558,0.009048932282235928
111559,0.003995254053792373
111560,0.1259305212496959
111562,0.021271177823037345
111564,0.011047796169033999
111566,0.22183236835466322
111567,0.006453519495430086
111569,0.0034785820115859844
111573,0.1294163230696626
111574,0.005098068410460936
111578,0.04389385903172735
111580,0.0038153820343217355
111582,0.0039506600762211465
111583,0.006704957999427148
111584,0.0036971118229753167
111586,0.008407219656361155
111587,0.0038739356253438078
111590,0.010523626170609023
111591,0.011963318197723534
111592,0.010512642486679184
111593,0.008963165680070833
111595,0.02945016757979194
111598,0.1183200746219555
111604,0.005892617083657436
111605,0.03422948915330187
111606,0.03444329979219519
111607,0.08801700867684252
111609,0.08468707928930781
111611,0.025636463755271646
111612,0.005135518781629768
111613,0.003462868547348949
111614,0.016677081610252355
111617,0.011873924107068992
111620,0.003556557244538499
111623,0.18923148671696635
111626,0.0032334484371825995
111629,0.0633399981221242
111631,0.0032941949393652
111639,0.08452548727188512
111641,0.004021181576328989
111643,0.004035258549085635
111644,0.056568829944397964
111647,0.030478803477959872
111651,0.002931228446681208
111653,0.011476400474946186
111657,0.014656895205059318
111660,0.006733827780514152
111661,0.0030407810019091844
111662,0.003720704032977214
111663,0.03404638967256208
111664,0.04344356191944077
111665,0.02340475024365471
111666,0.018539705885672043
111667,0.034737309559382576
111668,0.02692547678804126
111670,0.006997627028216675
111672,0.006020054853859118
111673,0.06681877951654532
111674,0.010121030380647131
111676,0.010532929740096246
111678,0.0035197819020106958
111679,0.007665823646350609
111681,0.0036915637905923886
111682,0.10083350611394448
111683,0.002856708592799651
111684,0.021560518196429575
111685,0.004508740905521259
111686,0.05508074637907366
111687,0.008512111841066141
111688,0.026092726083828087
111690,0.01579785849269234
111694,0.012972191964622647
111695,0.16009985363215865
111697,0.005526757105651258
111701,0.3070868767676437
111703,0.030952810533193927
111704,0.00575774718142223
111707,0.2281586657030671
111712,0.01827364051939915
111714,0.04495842515623398
111715,0.01731629936230633
111716,0.07340160483474416
111717,0.016227533353808915
111718,0.004443867426296989
111720,0.099863354714202
111721,0.0035411384752537137
111722,0.012859948621527723
111724,0.007604892576123343
111725,0.024790849435354825
111728,0.0035387959281396385
111731,0.020814482131799077
111732,0.003405914112447689
111734,0.02714785936215122
111736,0.06505121542260242
111739,0.002979996029389108
111740,0.16343603578362773
111741,0.0030495770374291483
111744,0.0689390149985733
111746,0.058886482404743104
111748,0.005260760433754755
111749,0.10145506689746425
111754,0.0034987164796466464
111757,0.0036071988342752047
111759,0.0031099315698339745
111760,0.03860054510252937
111761,0.01199092931316699
111762,0.008066017361628942
111768,0.030584333560286683
111769,0.029170485806129295
111770,0.14788671991608568
111772,0.12627349944202745
111773,0.17900452165703254
111774,0.006791759822780878
111775,0.03465817843848631
111777,0.024778275116631124
111778,0.004293508667545456
111780,0.008759841893569301
111781,0.013247631257518256
111782,0.061897758931318936
111786,0.012832843192002766
111788,0.0041933825050285345
111790,0.023323628859443186
111792,0.022412988509664892
111794,0.00865671953815157
111795,0.05361840638609045
111796,0.07769635794476855
111798,0.010133214803275867
111801,0.17564044963146788
111803,0.01779414208631116
111805,0.06689860225536551
111806,0.003306394372651573
111807,0.0048447945667815006
111809,0.09584443939479283
111811,0.011945915652762231
111812,0.0075773649846611795
111815,0.006827265609103013
111816,0.00547384642014785
111821,0.004172729289722902
111823,0.19340740512004875
111824,0.02153557202334928
111825,0.006905588985917489
111826,0.06970618092117246
111827,0.004674759465985925
111828,0.009852801358597028
111829,0.0032660211785127714
111830,0.006633580045801934
111831,0.009895719156685703
111832,0.04619009018440829
111835,0.013885759309899774
111836,0.010253871331816851
111839,0.04665833695614515
111840,0.01413126432637527
111841,0.0035403662572629307
111842,0.003491103253312774
111844,0.00290660859497394
111845,0.0030851245043688772
111848,0.009562313515126103
111849,0.039059167426498634
111850,0.0622222880367189
111851,0.026092726083828087
111852,0.06875256645155395
111853,0.18699004524296456
111855,0.009035624087277403
111856,0.012416765842130303
111858,0.026092726083828087
111859,0.026092726083828087
111860,0.007464002308368996
111862,0.05331925802921869
111864,0.02178734959785483
111866,0.06514194530024699
111869,0.006001538501307578
111870,0.0030441604304907183
111872,0.02350227353680593
111873,0.03938860192626554
111875,0.019115850784854768
111877,0.164772259347212
111880,0.0154548202348297
111882,0.016653011895514866
111883,0.17448299176893697
111884,0.19846498127578252
111885,0.004203054350626125
111886,0.016048960282410443
111887,0.0038907739219342765
111888,0.0036308322444298753
111890,0.003113877995933259
111893,0.007075101802903358
111898,0.07575732065315209
111901,0.055244879518600264
111903,0.011838481870718676
111904,0.020752795866850863
111907,0.11524403293578571
111908,0.11339105461311448
111909,0.2406560854665836
111912,0.012319133748033775
111914,0.007257909297339763
111915,0.0065105086542112936
111918,0.004001889853644993
111922,0.03252843399585698
111923,0.005819163946080135
111924,0.005309884753512219
111925,0.05279569325514709
111926,0.010046513896095337
111930,0.10827571321273033
111931,0.011359083894812293
111934,0.007108234523629195
111935,0.021321195928361247
111938,0.0075897709251904035
111941,0.2249287985048408
111945,0.17640371101261812
111951,0.009434494524251288
111952,0.011213056723879325
111955,0.04822300470559075
111958,0.026092726083828087
111959,0.013980827644611626
111962,0.0034742595685079585
111963,0.010296836355596783
111966,0.003611292774352033
111968,0.09150532745124546
111969,0.003995395221851558
111978,0.04615515316712199
111980,0.16484258047643766
111985,0.012364641364491261
111986,0.012970404409508978
111988,0.010453694310781473
111990,0.0031909070976077316
111994,0.011633473185493176
111995,0.009167701453055718
111997,0.015054473070641467
112000,0.005978979420761509
112001,0.025302171315727855
112002,0.017676886492187665
112006,0.19989209689480267
112007,0.05193464065767998
112010,0.0030024858555438468
112011,0.026678961425903865
112015,0.026092726083828087
112016,0.05279569325514709
112017,0.04398736497567742
112019,0.00672897268474593
112023,0.19327722290523125
112027,0.009098058871319054
112033,0.005560661149752052
112035,0.034394635992689715
112037,0.07847415793712598
112038,0.01642584305757994
112039,0.006876811118174201
112040,0.009187272765273863
112041,0.10151949713686438
112043,0.016878972546161313
112044,0.18881423470581357
112046,0.006846557817090789
112050,0.0044478951481978155
112053,0.11027147871197969
112055,0.009538942588541235
112056,0.03228280552480532
112062,0.05144701268336947
112063,0.004289957005316132
112065,0.23038884249074718
112066,0.08401610793192055
112070,0.07158452727923557
112071,0.009875466650812705
112072,0.006488564030846652
112074,0.026092726083828087
112075,0.05081539187247604
112077,0.026112262076739348
112081,0.01254746978947541
112082,0.05995966273350377
112083,0.004017039236637408
112085,0.00889767552532389
112086,0.0382992017021369
112088,0.026092726083828087
112090,0.04301824951353583
112093,0.007186824267693259
112094,0.003500353150163341
112095,0.008483011955951964
112100,0.0037531891723091163
112101,0.04639992018544979
112103,0.07269030237399995
112104,0.004977491446364028
112106,0.004001466887112455
112107,0.0039242964543486445
112110,0.004055427228297492
112111,0.0029451737353550704
112112,0.015211254378181435
112114,0.026111022339727338
112115,0.048682815847156446
112119,0.039398819784235824
112121,0.19525582829755989
112122,0.003854732379736814
112124,0.01712396415255144
112125,0.007839330073726393
112127,0.022271779975019106
112131,0.039530908328000526
112133,0.056554388305747445
112138,0.00939527528746428
112139,0.006082840057807632
112142,0.009336321196875065
112143,0.004047827056886136
112145,0.006784946939947155
112147,0.009740224943187608
112148,0.012048134957294772
112150,0.004200248374032719
112151,0.03996976507685586
112152,0.013737833365216485
112154,0.008178976641682696
112155,0.15652990544860126
112159,0.0036973842116373523
112162,0.006816156034105939
112165,0.022399228288631518
112166,0.007746103898024389
112169,0.17850270075494512
112170,0.023836499753832913
112171,0.11974098101841966
112172,0.0437846333366949
112173,0.003118880645939364
112174,0.06357988761509868
112177,0.006987969186609435
112179,0.022373022993408116
112181,0.22533313127730753
112183,0.002954983016117383
112188,0.005727706492884686
112189,0.07359051669967494
112192,0.0034771881884354864
112195,0.00395740186092466
112196,0.006730431028277157
112198,0.005934628445971493
112199,0.008796508084325843
112202,0.2539224881200691
112206,0.021621722913467038
112207,0.0038325052451865273
112208,0.005597609145058118
112212,0.018191476094704964
112213,0.07665058901450088
112215,0.2468841078756785
112216,0.0680600163960948
112217,0.007472262505328045
112218,0.08182051293641047
112220,0.042753407564129486
112222,0.04955309573147714
112224,0.03256368528507902
112225,0.06068829607448257
112228,0.05204213809070509
112229,0.2105478683786629
112230,0.02218649032525121
112233,0.035969823535096354
112235,0.039179615340042655
112237,0.04394455256747935
112238,0.007952429488069216
112240,0.027963325635918135
112245,0.0035068197463681986
112249,0.009583445918089394
112250,0.0373124322953929
112251,0.012723577449517876
112255,0.003631876068477186
112258,0.0253620073183012
112261,0.005368643309970828
112262,0.07949539576849217
112268,0.006890404966992299
112269,0.0038394404743321425
112270,0.006834957082664515
112272,0.010051323138262827
112273,0.4186837433133431
112274,0.04192237468972793
112277,0.030396461545629173
112278,0.015264756181821926
112279,0.008767425107338123
112280,0.07058554980882499
112283,0.0028526699211679943
112284,0.01197013220614992
112286,0.07219277856179257
112289,0.03114382578350755
112290,0.05018427406467586
112291,0.004326423547949261
112297,0.07279256401989813
112298,0.0069585431118767945
112299,0.00758023580988494
112301,0.00285956105383648
112302,0.02071703202544879
112304,0.004745358202580318
112305,0.00543441082681345
112306,0.029163059694817854
112307,0.0038154177953336607
112310,0.12390319900967772
112311,0.021430961253382667
112313,0.011294359493273695
112314,0.003444429633488649
112315,0.004048638723396014
112317,0.006891907997571555
112320,0.01080771965481274
112324,0.006403005015125978
112328,0.006522313914177609
112329,0.013330551854761055
112330,0.0030848337628639013
112331,0.14946631709656896
112335,0.013795226329582308
112336,0.031183524345488427
112337,0.1350622778914867
112338,0.03458500419152764
112342,0.01896283478376605
112343,0.050649283525049875
112344,0.007326295111741731
112352,0.0031231867671620275
112353,0.003198410766776779
112354,0.0242037639916092
112356,0.27058941402810693
112358,0.006874457825306939
112359,0.0035324106905215602
112360,0.007282915366528412
112361,0.004559696414464454
112362,0.011730392006494391
112366,0.003969455341005728
112367,0.0049284401457298285
112368,0.0029314809064900846
112371,0.005451519502989047
112372,0.004675131022601169
112376,0.03263238978318311
112377,0.20291510371837024
112381,0.032637741733166706
112383,0.021959114609113768
112385,0.007751646952810686
112386,0.020917118197969604
112392,0.0412403652936417
112397,0.0036653084197817904
112398,0.09820563374597308
112399,0.005569021926950145
112400,0.027313367255140025
112403,0.0074179454575719235
112404,0.01999066237464538
112406,0.021485784348363558
112407,0.004249248789662626
112413,0.18948955425358807
112414,0.005686820551252203
112415,0.005940913758157859
112416,0.0030912608906298925
112421,0.008940789026320617
112422,0.03738831323491865
112425,0.03618613780805043
112428,0.005792968813850298
112430,0.048025698135705265
112432,0.06971731906574884
112433,0.003006983116977602
112434,0.020672656121166717
112435,0.21575541455420572
112437,0.0048363173912178755
112438,0.06003601098283797
112439,0.004805861030508283
112440,0.006299086486328409
112441,0.011507042879885332
112443,0.003267247688690513
112445,0.04332699871975082
112449,0.040168163902875226
112453,0.008381064059596845
112458,0.00800896982906248
112461,0.01059763272877429
112463,0.2030258091207925
112464,0.004786412546649393
112465,0.046594739803710504
112467,0.005851648816080954
112469,0.04111128283598477
112472,0.00617580374049975
112473,0.023107823053504888
112475,0.014255992160106996
112477,0.011294690584178388
112480,0.14646065377696346
112481,0.0063344705745229145
112482,0.01187586060507512
112483,0.09797908859301685
112485,0.003578134875180807
112487,0.03850053628377534
112488,0.00456544091385902
112489,0.0028637809232248193
112492,0.0037885644467423787
112494,0.010243057353573759
112496,0.005467047977176561
112497,0.005506869792386393
112498,0.010344163966526022
112499,0.014516654405693656
112501,0.1031296416222599
112503,0.04340992872848628
112505,0.02154027564905394
112510,0.031367606697537576
112511,0.03480577324320917
112513,0.0039356432696998535
112516,0.030205210484599097
112517,0.22085615060638086
112518,0.023444942304622834
112519,0.007048762630166923
112521,0.012679789285883767
112523,0.018715286038919303
112526,0.011059841344535885
112527,0.04880004485971311
112528,0.05568690492742954
112529,0.06602917014024434
112531,0.01424249809169381
112532,0.003295411035301514
112536,0.005681642428693071
112541,0.00900629876229957
112545,0.008956108127770274
112548,0.1986456925492323
112551,0.08061127697949061
112552,0.0034792748427451264
112553,0.0036834204113078708
112559,0.003120269018281758
112564,0.004094864861046613
112569,0.020746608379970364
112570,0.014706680719773373
112572,0.0034614485862520315
112573,0.011150644111958093
112575,0.00933202537042691
112576,0.006473638747397825
112577,0.003450989661040721
112578,0.29001531853419743
112579,0.004573811363664342
112580,0.015107397285143176
112581,0.03301564276939584
112583,0.03612913103653682
112585,0.026092726083828087
112589,0.005599786143103871
112595,0.22548241168019365
112596,0.019507152921085822
112597,0.021141007742245848
112599,0.06379076061609
112602,0.09944136864455698
112603,0.007314568064588951
112606,0.007697274992821026
112609,0.003905211826900731
112611,0.0028636261899013175
112614,0.01376508501140207
112616,0.0037497003251845003
112617,0.19769326983678903
112621,0.020710809043502067
112626,0.018910374272152003
112627,0.09129847757084064
112628,0.002946357953949506
112629,0.16179998431542916
112630,0.003000597670555741
112632,0.0035556843705179665
112634,0.004905202325684674
112636,0.0029985932833413256
112643,0.002854829440986857
112645,0.042984557891002514
112646,0.01170321727623925
112647,0.02349879083299802
112648,0.1488489667504748
112650,0.005436403600263109
112651,0.122663374633594
112652,0.012970748811492652
112653,0.008087856219865958
112655,0.09525701119018297
112658,0.0029532487491701464
112663,0.01693410815287875
112664,0.0034081444894809945
112665,0.06979506594491164
112667,0.19874084765749914
112668,0.11593413412911219
112669,0.004386439455581889
112674,0.0036448001635599066
112675,0.0034088902873365013
112677,0.005501235819598448
112680,0.062046974610582555
112682,0.0036952059099602708
112683,0.017444930290355907
112684,0.012985345035268192
112685,0.0028172432340078657
112686,0.010979364809229935
112687,0.0031085708409964363
112689,0.03395651877655319
112691,0.12428131391398975
112694,0.003913609174328079
112695,0.028691961981905895
112696,0.0070595461809578545
112698,0.0076217377942320585
112699,0.011341443777920478
112700,0.008989112159054367
112703,0.007133265702123434
112710,0.036471212248520915
112711,0.02298336564148519
112712,0.00406238052085223
112713,0.08772807261137874
112715,0.0038075570835160886
112716,0.015724321346645097
112719,0.004009958915916292
112720,0.20612521649372767
112723,0.01999593925350897
112724,0.01367954244908101
112726,0.004161059132691003
112727,0.0640053986826501
112729,0.005769753469107134
112730,0.03736256751015126
112731,0.017205285041316416
112732,0.007302787847856178
112734,0.005673222503281892
112737,0.009014498821416635
112739,0.10970890523909603
112743,0.0035754352208577592
112744,0.21426050876487
112745,0.008132379978478056
112747,0.009796992158579392
112748,0.05511019125910934
112752,0.0030076861261790415
112753,0.0036610583311199787
112754,0.055864514920760576
112755,0.00309711306943884
112756,0.003056636321345704
112759,0.07202510672359282
112761,0.0037154130337884866
112762,0.0245014560489162
112763,0.052793351016804754
112764,0.0029688908273741606
112766,0.028923647142624964
112767,0.19594384475152463
112771,0.008462253923029838
112773,0.003497763930650641
112774,0.003921290701726863
112776,0.002855023949711841
112780,0.004800900472436694
112782,0.008677202467846905
112785,0.052802341982143695
112788,0.01694074447164905
112792,0.022632192477580595
112795,0.006061157097437366
112800,0.2176578578691067
112803,0.008907868751114146
112809,0.003053638274912884
112812,0.014269966629808433
112813,0.13529947577985746
112820,0.003654842758622818
112821,0.010256361120902054
112824,0.011473004643097263
112826,0.2242934839806513
112827,0.0036205496714430767
112829,0.005309143367027949
112832,0.004219927519509565
112836,0.00400497322112485
112838,0.02901698343683626
112839,0.01778499404316783
112840,0.013866636080329725
112841,0.13525126866196185
112842,0.0036804990194015657
112843,0.015800439804360557
112846,0.22653298290620386
112847,0.003761900964210658
112850,0.11113207440671707
112851,0.03378476606245918
112854,0.07644919184827491
112855,0.022961200075374943
112856,0.06791822648834829
112857,0.2590100085927259
112858,0.003621729969339911
112859,0.004836031870015585
112861,0.09151245235479953
112864,0.009357182624549841
112865,0.0029509650050466673
112866,0.006833139005416738
112867,0.0972788233433634
112869,0.0246748616111504
112870,0.005493389592871269
112871,0.03773777476177578
112872,0.039570970047668914
112873,0.01301047328392043
112874,0.003469132253335504
112875,0.006643847094204977
112878,0.031508463861672234
112880,0.00592862326871071
112881,0.006962671616428859
112882,0.19970912424656356
112889,0.04113432420059553
112890,0.037718297312376456
112892,0.07658286045612006
112894,0.1145669223795278
112900,0.17828934167930616
112903,0.004626380359393725
112905,0.051921099853485864
112909,0.004271159941909734
112912,0.05134268902512906
112913,0.03901285052367226
112914,0.012510982520173386
112916,0.0033221049963364307
112918,0.003343628001230051
112921,0.08912090448840967
112922,0.010068150808284385
112923,0.0035993727433377425
112926,0.0037440031960470433
112927,0.004073765879018595
112928,0.0037511247481192837
112929,0.017114045241216354
112930,0.012509217599422924
112932,0.026972094020237734
112933,0.007309339555883172
112934,0.06057662951257321
112935,0.005256865500409309
112936,0.009376899834083087
112937,0.03204529609344612
112938,0.00287789335487998
112939,0.005776847623488185
112940,0.005851648816080954
112946,0.012010370171477186
112947,0.003946534944356054
112949,0.0031339911679119027
112950,0.01807688227228064
112951,0.029433063893048908
112953,0.0037845598465958254
112959,0.059677554647403847
112960,0.22670552774816083
112961,0.016541607220283704
112962,0.013305893338068626
112963,0.003225494841921677
112964,0.016504119530814584
112965,0.006265073853954069
112968,0.003576049522008424
112969,0.01571226699833959
112971,0.11681961574941178
112973,0.0028162769927203837
112975,0.01329145511027477
112980,0.015738582606480176
112981,0.009006947799653338
112982,0.07772995416582139
112984,0.17653375813177052
112987,0.0031905823010961757
112990,0.010593190164436299
112991,0.015425784636822797
112992,0.003525733027058535
112995,0.17654240295774687
112997,0.0110140328268065
112998,0.010369852453649814
112999,0.002943998612782219
113000,0.09866368870235151
113003,0.006706062012659644
113004,0.003744597838301971
113006,0.05191230765233121
113009,0.17628930232169285
113010,0.23247633673428628
113011,0.025581122924008326
113013,0.003163085979211699
113017,0.12359198992882196
113018,0.20432618408342595
113019,0.07966799553173196
113021,0.004621480358834322
113023,0.08696987432743547
113024,0.0036801378015850704
113025,0.05279569325514709
113026,0.014516758313200937
113030,0.008786299774599412
113032,0.21634999716291323
113036,0.035040236903326215
113038,0.005399097082898186
113041,0.0036932867213954426
113043,0.04087843133030642
113044,0.06660621699572956
113047,0.17093927518375931
113052,0.038167985801842
113054,0.0031930427694615154
113057,0.026092726083828087
113059,0.03359196060771692
113061,0.21191882399120057
113065,0.00331631542470526
113066,0.0029322228095225444
113067,0.15368881413189747
113069,0.03482696299908567
113071,0.007405934827506067
113072,0.11112182168274386
113075,0.23332942490753833
113076,0.26617902068577776
113078,0.0036552458690595046
113079,0.022596780221120234
113080,0.012619092949385343
113081,0.012200200018608368
113082,0.039465085763708774
113087,0.025477386973343098
113091,0.02628359460368406
113094,0.003895095794285709
113096,0.01599945065874239
113098,0.015457958249456855
113101,0.008499400405136259
113105,0.00767076262452649
113106,0.051523340547803886
113108,0.07591148179450029
113111,0.04205774212654986
113112,0.03284728083083114
113113,0.002896565012232628
113114,0.006645496750603301
113115,0.003998003735590022
113116,0.013942500632984292
113119,0.018405039600250545
113120,0.19486318517699883
113124,0.0038433718256144383
113125,0.09724441218171012
113126,0.0037808086862608226
113129,0.0028524857619974453
113131,0.009872779942326137
113134,0.004133418607117937
113136,0.0120325545495633
113150,0.10121410360936024
113153,0.20679405355707628
113154,0.04172340158395404
113156,0.015180747614904322
113157,0.005734043213697517
113159,0.17358097360205146
113160,0.0037470258398835726
113161,0.0045708322823629416
113162,0.003392948577897777
113164,0.0034740866353715717
113165,0.003768156616261612
113166,0.017595589231227966
113167,0.09870405705442904
113170,0.004661834800573036
113173,0.04058572591236668
113174,0.026370253545111
113175,0.0029979031442069633
113176,0.045617715045709065
113177,0.004713629241288881
113179,0.026092726083828087
113184,0.002954188135412222
113188,0.07097409961417551
113191,0.029287444101496862
113192,0.09134458510380686
113193,0.009111430808325213
113196,0.0030305482901915753
113197,0.007167763843933991
113199,0.030626669812375617
113200,0.007057126422178863
113202,0.004269537597586939
113204,0.0036899855716886645
113207,0.0104404559891654
113209,0.0036721396413949966
113210,0.009692228374817185
113211,0.031118264817254222
113212,0.022494449627750053
113213,0.011878865592166912
113214,0.015291482252429229
113218,0.060732430436252385
113220,0.0029574659020496366
113225,0.007236571397453423
113226,0.03459537651067348
113227,0.05279569325514709
113229,0.014044240888608879
113232,0.061495595794348844
113233,0.004123604809618633
113235,0.00307941019772267
113240,0.0029739941696078276
113242,0.019317337282552242
113243,0.04852509071972661
113245,0.021426351687117432
113247,0.004184465121484831
113248,0.08094346037716017
113250,0.007228312058393714
113252,0.07131487737859787
113255,0.013259017341637367
113256,0.007207592121325689
113257,0.04830953508583115
113258,0.006381862548022948
113260,0.02155712426793583
113261,0.05872078210989287
113263,0.004388681477836537
113264,0.09160880410800104
113265,0.017537667950316856
113266,0.005722500017293048
113270,0.024752442431793812
113273,0.0072570046311603124
113277,0.22332050879172632
113278,0.15987912985302016
113281,0.014366772326283535
113282,0.006243438273128666
113286,0.01849205528126292
113290,0.008544126990286073
113293,0.033396638089722507
113295,0.0975212779341142
113302,0.026319852442179412
113306,0.12133140889766642
113307,0.0029942737122160314
113310,0.00409666662325613
113311,0.0036675242179893134
113312,0.006824923194303128
113317,0.11405827516816663
113319,0.004415394593722928
113322,0.0039473770703442905
113323,0.014532538454805975
113324,0.08027714472405577
113325,0.0034829875882599393
113326,0.006625856424316215
113327,0.005821214038838568
113329,0.004151709362129764
113332,0.005196489094313579
113335,0.025787620924518983
113338,0.09216113396690137
113340,0.011876473480491149
113342,0.0844255512276067
113344,0.07339326612151766
113347,0.0032935812154477454
113350,0.024527629813945028
113354,0.19527076637220991
113358,0.002884158869825211
113360,0.05279569325514709
113361,0.1772042325845872
113362,0.031278499547745614
113363,0.1632294822056747
113366,0.005089757552565063
113369,0.2999544635956696
113372,0.004112910631800206
113373,0.003039656114389441
113376,0.003552788420380111
113378,0.008961684543935452
113380,0.22763412949774853
113381,0.0034086130139710635
113382,0.015156518273300609
113383,0.008037793677146748
113384,0.06829013337368031
113385,0.0028963081572088052
113386,0.01045401055028621
113388,0.1274255120323318
113390,0.003756554863978609
113395,0.0028813893623542224
113399,0.003892774681347162
113400,0.0034577582265149097
113401,0.011120431376978967
113402,0.005575793553409977
113403,0.17740646584433298
113404,0.014642263972404326
113405,0.0037133751896527315
113408,0.010840431533221458
113410,0.002998181786201937
113413,0.10551475089244662
113415,0.0039028747454096712
113421,0.046527244596832336
113422,0.005119706461289699
113423,0.02014015644623799
113424,0.008257103361360724
113428,0.013743554617664813
113429,0.16558120673698778
113430,0.19599077854205632
113433,0.00910142725491616
113434,0.007463818219446175
113435,0.017480981373795838
113438,0.007176816732701769
113439,0.006179025377611979
113441,0.004007247517645511
113442,0.006801335978687647
113444,0.026092726083828087
113448,0.019600579593564586
113449,0.22226360598845413
113450,0.011601565636471117
113451,0.014650715040224745
113460,0.018757355826817135
113462,0.023005118891197447
113463,0.021447912502000923
113464,0.005232939008232542
113465,0.01950531758396654
113467,0.011215738633155179
113470,0.016042504841006902
113472,0.0037317028543393535
113473,0.02971043485212273
113475,0.005709146166961606
113476,0.011514998278250888
113479,0.045809826480916215
113481,0.020533291017615547
113483,0.03147016879434673
113485,0.008323275725185264
113489,0.20502163053907893
113491,0.06658234249410563
113494,0.011209031179703826
113498,0.005940956265277602
113499,0.20032208166371313
113500,0.003586295645738606
113504,0.0033045552402801966
113505,0.0034274827894534457
113507,0.16310817339303466
113508,0.03177807056479297
113509,0.04793437734967
113512,0.0054876626433965825
113514,0.006112120960039293
113515,0.004662274751849271
113516,0.20173573177436388
113517,0.006325712911276521
113518,0.003917922636887156
113521,0.08820836375452247
113524,0.0596666539616301
113529,0.12758289228060482
113530,0.003523056735415985
113531,0.003511733657354642
113532,0.08391776166460695
113536,0.23247321004510957
113537,0.00780601479012676
113540,0.022870369541505405
113544,0.1530289180408143
113548,0.20305053015978763
113549,0.048035578558724444
113554,0.18693545278726778
113555,0.01149232971931547
113556,0.00886978686414874
113557,0.018109396288255006
113559,0.02660724518989687
113563,0.04336596800007449
113565,0.0398250266867871
113566,0.00403447361667106
113568,0.021990782265657153
113569,0.003543298169773538
113570,0.004551906880854885
113571,0.01506737066228377
113573,0.04761561766220469
113576,0.0029433481434364517
113578,0.025164535926726777
113579,0.052625273627508136
113580,0.003989046996865792
113582,0.006807502207834869
113584,0.004137081030002151
113585,0.004166630344541179
113588,0.010690950456008097
113589,0.0028749331668846533
113591,0.01004957122876892
113594,0.023499971581100548
113597,0.008363985034428612
113602,0.00967752835621329
113603,0.09848873173304143
113605,0.01149138655149714
113608,0.0757736871587395
113609,0.0037992564094428034
113612,0.003719332317389825
113617,0.056144988486613645
113618,0.020520078469306712
113619,0.008231737929589289
113622,0.004449926797001223
113623,0.1136356329287346
113624,0.00919980280725476
113625,0.06677552319592622
113627,0.20663554712258364
113628,0.01911615062159214
113629,0.0146700379864822
113632,0.012015362892072235
113634,0.0849000718950565
113635,0.03337412894878346
113637,0.003889681229535148
113639,0.014657574416996182
113641,0.037830609807951686
113642,0.02190345016422113
113644,0.007040263260653299
113646,0.2074122973587424
113648,0.19065554887742103
113651,0.0034113857935854234
113652,0.08269406787539156
113653,0.021311273736539228
113654,0.019637558692211662
113656,0.006050001071748894
113657,0.0038328310793456443
113659,0.08878847637712958
113660,0.012948776141035987
113663,0.11176055221989444
113664,0.004609040082210576
113665,0.00292041072362496
113666,0.0028907592789349807
113667,0.014877184689689602
113668,0.0030707014748043255
113670,0.005768325425818906
113673,0.0028883816662817665
113678,0.11420656325042927
113680,0.02563140864272985
113682,0.17530303475606945
113686,0.003168524043082731
113687,0.019288408635642677
113689,0.06392424636881859
113691,0.004385835111417303
113692,0.006302704994565385
113693,0.07458091063354558
113695,0.003436446302641583
113696,0.031162465448516165
113697,0.0029316442581282676
113698,0.008561193665122625
113699,0.0035527119845399895
113700,0.021149544999047882
113702,0.03081193042576488
113703,0.005142249526074735
113704,0.025040978936628492
113706,0.0272521038206891
113707,0.00629315400401941
113708,0.009852433515522384
113709,0.1973495941119234
113710,0.03879343728341098
113712,0.021634721214046703
113718,0.3120372661846824
113720,0.03976805736750784
113726,0.11443029389429533
113730,0.003764331659550083
113732,0.3088019495291252
113733,0.014393849218653576
113734,0.03455200792457086
113735,0.00832815332902317
113736,0.004977598968724435
113737,0.003946385989845869
113738,0.023594468936514512
113739,0.006282099783344582
113743,0.00642502625224976
113747,0.010254189203082182
113749,0.058782838067326586
113750,0.13038644943890323
113753,0.006559677672644709
113756,0.005646630606493136
113760,0.005228967555932709
113761,0.004235528514281418
113762,0.005998845940166969
113765,0.003960639753676138
113768,0.026818492825713223
113769,0.06878503902667091
113770,0.015947463167888774
113774,0.003919584632430404
113775,0.0033758779928281576
113776,0.007826680592162868
113778,0.01321145201750136
113779,0.048102581598542284
113780,0.026092726083828087
113783,0.011829859155554243
113786,0.0186321138006714
113787,0.0032071825193640113
113794,0.12920919679471718
113795,0.010047009468843952
113797,0.28813067251732327
113800,0.011093247948386639
113801,0.04130865295648151
113802,0.05454373893532378
113803,0.03533652436397459
113806,0.014259712836626904
113807,0.0037855733540437075
113808,0.004275454350179814
113809,0.03521753844122187
113810,0.003832081853005978
113812,0.026092726083828087
113813,0.007147049469007729
113814,0.023923254128941623
113816,0.057629241962849326
113821,0.0036378295721042737
113822,0.08785531478129079
113824,0.216866550276097
113825,0.008732828035281515
113826,0.003906487319582553
113827,0.22515432741244795
113829,0.0030458006962107665
113831,0.16318540465057563
113832,0.051673813258997586
113835,0.0075897826289143865
113836,0.006804984084157314
113837,0.15162412705188738
113838,0.02309067370361157
113841,0.004090000676881006
113844,0.011878029619168798
113846,0.09660370146460197
113851,0.03730846923481986
113855,0.00287033832461816
113858,0.014258456550352119
113861,0.12328212163960423
113862,0.010475049395502988
113863,0.1774894293994962
113864,0.015126996906050596
113865,0.005150129055309183
113866,0.10531785131830054
113867,0.04547390393963061
113872,0.25003775550103646
113875,0.11641326366187124
113876,0.0481947474611475
113878,0.06468852711596294
113879,0.0843403379659712
113880,0.051236928054090886
113882,0.009603020851722016
113883,0.036216724234562445
113886,0.0036977854938887644
113888,0.035732836112028384
113892,0.0032449097391750157
113893,0.006403670229733017
113894,0.0037266079694710298
113895,0.0035283638337721013
113896,0.004135543380226674
113897,0.003810474868558967
113898,0.01045438545848499
113902,0.04678110231802303
113904,0.014141711047743965
113907,0.003724759848074205
113908,0.0034654288356710107
113909,0.003766459086426101
113912,0.06284735652593025
113913,0.004395894898924808
113914,0.0064266343253978776
113915,0.01659145958793334
113916,0.03459537651067348
113917,0.1660139007110427
113918,0.026567417640564413
113922,0.008870955453603146
113925,0.014632265368173074
113926,0.1920795882142341
113928,0.0033572366172229372
113929,0.039592574081199115
113930,0.01930445557427944
113932,0.004507675941683813
113933,0.003720886216103776
113935,0.0029928274094364357
113937,0.019813337395817105
113939,0.0050396630330805225
113944,0.005200114906864869
113945,0.02047249825870244
113946,0.06636084303298509
113947,0.0035486023168636435
113948,0.01992925489595439
113950,0.012059555246771752
113951,0.03112599312807564
113953,0.008979067464890316
113957,0.003530965979995373
113959,0.007696466905455678
113960,0.03661154852663169
113962,0.07898924007026527
113964,0.05510129734941539
113966,0.061224457840059636
113970,0.009903019831622464
113972,0.00848311105982833
113973,0.016306424058765496
113974,0.08934159378174782
113980,0.23916120464083565
113983,0.04199774379607015
113985,0.03755425041684817
113986,0.002947560864792012
113987,0.026092726083828087
113988,0.011292613707612278
113990,0.1468219457568424
113991,0.019141485468580202
113994,0.02216016272860838
113995,0.011581110489724697
113997,0.21395542302284037
113998,0.09006784767117362
113999,0.027725578047607176
114002,0.05566913086398726
114008,0.005831618028358941
114009,0.04581094949626299
114010,0.008231972180226858
114011,0.2339038205639637
114018,0.014763363975397703
114019,0.015124612623674689
114020,0.011310517838881208
114021,0.004953065693708661
114022,0.10505005485005263
114023,0.00498414888421881
114024,0.11503038859433257
114025,0.009077517492875562
114026,0.19711166393435436
114029,0.01892207346188571
114031,0.055895443850324376
114032,0.00874801170813592
114033,0.0037516741217442163
114037,0.003882520214616371
114040,0.018674097603796135
114041,0.005215616213346027
114042,0.011430371111319207
114044,0.00378614570546337
114045,0.003792812554529054
114048,0.0510516469566505
114050,0.013240446126585368
114053,0.029500132706218814
114055,0.0032597047029222915
114058,0.010517712036738121
114060,0.019857147396933193
114062,0.00541713505609079
114063,0.01197519966929701
114064,0.1730567740920316
114065,0.010290939417036944
114066,0.006276344534034584
114067,0.029476061674116195
114068,0.003927518817159587
114070,0.023682361787568107
114072,0.025040978936628492
114073,0.025517676863888252
114074,0.010217296529193206
114076,0.0065129546284215375
114077,0.004715168556977269
114078,0.0038908473823157977
114080,0.005768305123197933
114081,0.0043738052549007166
114084,0.047743904680460275
114085,0.02009630430075411
114088,0.0037395068091238487
114090,0.00582101129506978
114091,0.00403154583471616
114092,0.02803870945719476
114093,0.05286114570367576
114094,0.03715294898756286
114099,0.004493919413830053
114101,0.03066449109447712
114104,0.0669263196739749
114105,0.015211120118139557
114108,0.04483070063281401
114109,0.014675550832494465
114113,0.031712376831782164
114114,0.005228623363225085
114116,0.00816256689167751
114117,0.014910243521657296
114119,0.03312209495503315
114121,0.0037385566700707854
114124,0.021844805539601084
114127,0.004541306654883708
114129,0.02583014126154971
114130,0.004120839569139341
114131,0.04461066744286766
114132,0.09388343500915304
114134,0.14929626817009092
114136,0.0040280780551897955
114137,0.0045359077451629076
114138,0.005318405889888067
114139,0.00407654562994026
114143,0.004277228256501371
114144,0.0054412762813674164
114145,0.06709796582545292
114146,0.0029474925537777393
114147,0.009578976332916999
114149,0.045726060288722774
114153,0.005676858113424727
114157,0.011563810198560273
114158,0.008220848061424231
114163,0.0972290335726739
114164,0.06083017188030345
114165,0.016240258447123256
114168,0.07842546059777901
114169,0.040444980607104705
114171,0.004046153021834256
114174,0.004549791323087291
114179,0.017604076626712113
114180,0.010833256617663186
114181,0.008934933766665798
114184,0.11981819175967715
114185,0.2301841418092167
114186,0.0029039114175513046
114187,0.04424765263478276
114188,0.049056672838459284
114189,0.003921350107616351
114191,0.006375832632540119
114192,0.004127126004128029
114194,0.003523578632502516
114198,0.1708317824473088
114199,0.003341142215226087
114202,0.0035682500402078967
114203,0.004762044083218921
114205,0.009459341418638368
114206,0.0034286387704829495
114208,0.009875352866492262
114210,0.011460022448705542
114211,0.003954413346475009
114212,0.1687381629595967
114213,0.1331794889965397
114216,0.014756454740521643
114217,0.00514680806112088
114220,0.003102812157451465
114222,0.07558542973437721
114223,0.002970745985492424
114226,0.016213047595672936
114228,0.030677954412912895
114229,0.026222664571326597
114235,0.014278242961947126
114236,0.04434800729772923
114237,0.008567455460728228
114238,0.04562066625967963
114239,0.059049838767506725
114241,0.01495712483542875
114243,0.25273951753734397
114244,0.0063052033588301215
114245,0.005772566814553372
114246,0.012676747787545217
114248,0.0037220669789322287
114249,0.4173609401895184
114251,0.003927099592803061
114254,0.021520529520660484
114256,0.031162914977593516
114258,0.014893387717137434
114260,0.0035184045707128196
114262,0.09964493220038104
114268,0.004356669425167895
114269,0.0039569283202804326
114271,0.003598878196578418
114276,0.05365895336611364
114277,0.004257356050584707
114279,0.006631922871339718
114282,0.013163986846521512
114283,0.006334999216544717
114285,0.059097314167155426
114286,0.014097635190060376
114287,0.12536893174866412
114288,0.024119889710071143
114290,0.03407632970076357
114291,0.0031727618992354154
114292,0.03889631498904438
114293,0.004322262910943266
114295,0.015279522181380298
114297,0.10774590671690404
114300,0.027519916715898287
114304,0.09328181768951582
114306,0.007331797501513379
114307,0.19527076637220991
114311,0.027237696265870436
114312,0.018657371669966182
114313,0.005939846756286409
114315,0.19323004424462817
114316,0.008560993316912536
114317,0.005677450268864184
114318,0.003882354610908207
114319,0.010205117175278637
114320,0.014112978765883794
114325,0.017024744584464516
114326,0.15480907646187736
114328,0.009891737811890036
114332,0.006256105366479743
114334,0.01088187514039874
114335,0.0041220807654794404
114337,0.004282141998487617
114338,0.14111315791318335
114340,0.014667088857345792
114342,0.10124819384533318
114343,0.04526514076134772
114344,0.003263543197152531
114345,0.004623542910400972
114346,0.004337572344507254
114348,0.010614220070414704
114349,0.2216660456586389
114350,0.023853900948474473
114353,0.03421864908288202
114360,0.004479350530657016
114361,0.1676288638549576
114362,0.01873162889984411
114363,0.24919859327084654
114369,0.04567445615060197
114370,0.0032125075883470003
114371,0.009794285347752707
114374,0.029471825181259806
114376,0.0035834194142137705
114377,0.022507472190333673
114378,0.08308279711427792
114379,0.21089089487066082
114382,0.046409032314702656
114383,0.0028882714029120726
114384,0.05279569325514709
114385,0.01769093222367793
114389,0.003832173385210264
114390,0.010474236664065948
114395,0.20488909114453002
114398,0.003956991649488893
114399,0.008751323554503178
114401,0.005628233493860594
114402,0.10541599248985357
114409,0.005509920013741086
114410,0.005456528279882059
114411,0.018517399165282167
114413,0.0371598991006916
114416,0.012617597561419605
114417,0.24460274952183644
114419,0.005646981385148592
114421,0.0048719604626925
114424,0.004265888404889335
114425,0.14267728953473202
114427,0.005431693505428436
114428,0.015574632002965674
114430,0.026702234422784448
114431,0.003344894626163916
114433,0.0061037158045571015
114435,0.033743279210056154
114440,0.09096460971935164
114441,0.010259805557770552
114446,0.08187597712669165
114448,0.0062600180355540935
114449,0.006437488257460444
114451,0.008868527609679273
114459,0.11950928346511203
114460,0.006269400937095062
114461,0.01943976500928196
114462,0.030115452400912287
114463,0.062307678154642034
114464,0.010544979036084918
114465,0.35826730221706593
114466,0.008643526030092146
114468,0.021522251258936958
114469,0.19541955160547106
114471,0.04052493467537223
114473,0.0892341623330589
114474,0.008664983668322163
114476,0.0077172375310812225
114480,0.019386762721003568
114482,0.09658966983903124
114483,0.004479309660731084
114486,0.002960524639059854
114488,0.008482274115178092
114491,0.1836088754402217
114493,0.032936617984903674
114494,0.007039503591869031
114495,0.0049534376531647235
114497,0.005035264144891592
114499,0.00466725934504401
114503,0.02839036162562039
114507,0.014704735465081145
114509,0.002919895930106629
114510,0.0036796237433089807
114512,0.015180193667679288
114514,0.014939707513164847
114515,0.06696415211598634
114518,0.011633668345106662
114521,0.003955878218706876
114525,0.15924671107909788
114527,0.008241820084728345
114529,0.20033640660769877
114535,0.04326148842043376
114536,0.011783899142317018
114538,0.17654240295774687
114541,0.003541451757017955
114542,0.012645293176063237
114544,0.00584092348715375
114547,0.0030707528617442107
114548,0.013975627404097489
114549,0.005434144418116444
114550,0.029839890053087556
114551,0.0035118820655324116
114552,0.006737222221704442
114553,0.003336812639170892
114556,0.04713940010846575
114557,0.005534587515249146
114560,0.0033481305189677958
114562,0.02571267600041128
114564,0.003467721834128141
114565,0.10503349587894038
114566,0.16126576690659775
114567,0.004748413599418742
114568,0.017971382280359806
114570,0.12536893174866412
114573,0.0063186999253215526
114575,0.00565513135580921
114576,0.017678036254145463
114577,0.23203375703621854
114578,0.0034998998495504867
114579,0.23367252081150305
114580,0.007420522438787897
114581,0.004760284425298315
114582,0.009919741873589029
114585,0.010274891366530581
114588,0.037351525062141594
114592,0.009268966037916918
114595,0.11389967890675513
114598,0.048462203823557315
114599,0.0034885459214441757
114600,0.007155516697330349
114601,0.11446097206637601
114603,0.00410554228427268
114604,0.00811229943902421
114605,0.034717673632300806
114611,0.03459537651067348
114612,0.15255076404554307
114613,0.06101085043094604
114619,0.010720195766010139
114625,0.015103109913607492
114629,0.044461916372552965
114631,0.10332576878929611
114633,0.003691572447921948
114635,0.1647735976680608
114639,0.04123771373234225
114642,0.007877571452421158
114643,0.0844395545339619
114644,0.010555756749116602
114645,0.22034892933639538
114646,0.00637092591253477
114649,0.0609551479362825
114652,0.015844382223694727
114657,0.0038065435295003545
114667,0.004629912510902481
114668,0.020818427059682846
114675,0.015680554578167003
114677,0.003940465945503524
114678,0.04397278951957281
114679,0.06246847736220974
114680,0.122663374633594
114681,0.04234517710669541
114682,0.06528569894434375
114684,0.0046453712860662945
114685,0.011858648476141504
114689,0.008396916533728207
114690,0.0038984303442903844
114695,0.04949692345186458
114696,0.03404612824623825
114697,0.007125206721889379
114698,0.014781845568257315
114699,0.004389898316098477
114701,0.004425889537678281
114702,0.06678377122678382
114703,0.0028951270207095087
114705,0.011510397827829652
114708,0.013578355371728081
114709,0.011730059808242826
114710,0.007101789822698942
114713,0.01700555960494763
114715,0.013708601025197227
114716,0.08871414397479886
114718,0.23820055144965843
114719,0.005121681373224623
114721,0.028912914677218716
114723,0.08304401025927541
114725,0.003337827533124972
114727,0.03845984306758327
114730,0.003956926436017871
114731,0.11059744171051543
114732,0.029385661052542096
114733,0.03840589830075462
114734,0.11124857257539525
114738,0.009752883183875094
114739,0.037308049075651155
114741,0.03681951847415595
114742,0.04070962508774418
114743,0.25143442363253365
114745,0.003912868442465335
114746,0.07856130433365137
114749,0.07740055817359026
114750,0.003770650420904046
114755,0.02315260347979639
114758,0.0032347930494590433
114760,0.003887630095685527
114761,0.015160657896410103
114762,0.004240213523177328
114764,0.026092726083828087
114767,0.005626832128982176
114768,0.008221166143805327
114770,0.004662528935544235
114771,0.018672333861802514
114772,0.005486379425223303
114776,0.1925465053768779
114777,0.08723687177203603
114778,0.014389463027003068
114779,0.010982470841587603
114780,0.018387831251610223
114781,0.017682693653896242
114782,0.00469807126310469
114785,0.0030093726143677764
114786,0.0416210855625936
114789,0.10519983814120311
114791,0.03225959144916817
114794,0.01229004215057927
114796,0.0028672152667874326
114797,0.003950414037116206
114800,0.03370254176496579
114801,0.005442569993617998
114802,0.003673315753123611
114807,0.024527880481933537
114808,0.009874150624981329
114809,0.004370357107901768
114811,0.0839579380183866
114813,0.005473278487627291
114816,0.0035006066613980026
114817,0.0037602316293603275
114819,0.01454442988508203
114820,0.0039060385592191715
114825,0.007777714230505442
114826,0.0039523348841627795
114828,0.026092726083828087
114829,0.015317996532146775
114830,0.010756280397832073
114831,0.0036980944785442093
114833,0.03519220374669431
114836,0.02099197101678462
114837,0.010154629242875883
114838,0.003995015793388045
114840,0.016502019172055717
114841,0.042496165981281454
114843,0.0030574636663220083
114845,0.052813811122187915
114846,0.003895732744714905
114848,0.005436508015534162
114851,0.0036018996287841176
114854,0.007961813999018595
114855,0.022075613174089685
114856,0.009500227198377637
114858,0.003581824791461575
114862,0.04692503233190372
114866,0.04512574114504009
114867,0.029590210675161405
114868,0.0036967820750793685
114869,0.017373087094405142
114870,0.0034626076559241352
114872,0.03173390233102112
114874,0.003933238406595606
114876,0.010611858570048899
114878,0.022978299609423238
114880,0.021429561644905386
114882,0.04751386375761462
114884,0.01762104839549675
114885,0.0030627968290556024
114888,0.0034544015226902584
114890,0.04879877286879309
114891,0.0038821165827921823
114892,0.010225158064688936
114896,0.006113343542945568
114898,0.02852156187136824
114900,0.03894647021000214
114902,0.021627126842465927
114903,0.028072753841596427
114904,0.047838226353520336
114905,0.030446419566509442
114907,0.0036915531865520054
114908,0.0030151867045493104
114909,0.00596514931190333
114911,0.01262479549904213
114915,0.007510639938686507
114917,0.08699310906754143
114918,0.028268600612249853
114920,0.00726593663363853
114921,0.0966255147467629
114924,0.009889988746297209
114927,0.033050635810492585
114929,0.02371667410636878
114930,0.012199332830402417
114933,0.011022430130303896
114935,0.0029482672015909302
114936,0.035408781952894985
114937,0.003411945440224267
114941,0.016679776120532345
114943,0.026763421795851224
114947,0.07733508171629937
114950,0.03330872737672064
114952,0.008003785253724294
114955,0.02219540262437977
114956,0.1684933950924
114957,0.016353197028864976
114958,0.04547648236370986
114959,0.015033779661404857
114960,0.009394817755934792
114962,0.036016826130218296
114963,0.16291808836959923
114964,0.02738851022230775
114966,0.0034580229399030645
114970,0.009168908141969613
114971,0.20030321285185382
114972,0.012594481570319815
114975,0.00877713739315554
114977,0.008367808315115416
114981,0.0064668505623617836
114982,0.00400501637823351
114983,0.00301447674807575
114988,0.21184655557126328
114989,0.045731383863301237
114991,0.0030112345949792623
114992,0.07548166053024301
114994,0.013757576727359302
114995,0.033881844749961504
114997,0.23298091474158916
114998,0.005865793912932987
114999,0.03342140926071241
115001,0.11187150347032625
115002,0.004164121475719934
115003,0.023551670510353978
115004,0.026419357347188224
115009,0.015139621624568925
115013,0.03010576293436541
115015,0.024534585905425323
115016,0.004021868693386571
115019,0.0538891590225571
115020,0.00295126353841824
115021,0.0037004238260092553
115023,0.04746650314831409
115025,0.17556016148519596
115027,0.0049248343678669594
115029,0.003442019097837121
115030,0.03790719473119523
115031,0.005110093046360752
115032,0.06790881214160925
115039,0.02469332845643334
115040,0.03715294430250117
115041,0.003700632821190237
115045,0.03162236764137765
115046,0.0029034037933636033
115047,0.008786448414843693
115049,0.004962812371479499
115050,0.0031286301468044756
115051,0.004638871955816917
115052,0.03161557555873938
115053,0.11565015538041752
115054,0.20062707413546713
115055,0.07575732065315209
115057,0.006475730973244881
115058,0.004443621857537432
115060,0.10376888479577259
115061,0.08270805878433496
115062,0.0758686260026712
115063,0.030530127808753072
115066,0.0031806172769885373
115068,0.00986093738925106
115069,0.010359506669225067
115070,0.03607580879155682
115072,0.003520778618058027
115074,0.003202285158326978
115075,0.003926162187688773
115076,0.0034684452499869193
115077,0.003944940122678557
115078,0.032462834662614896
115079,0.005433301438402681
115080,0.019317151809657544
115082,0.07372838368445721
115083,0.004648997674916675
115087,0.0066770913636081085
115088,0.007114039022197749
115090,0.012263768460092925
115091,0.0649788062460754
115093,0.0036140772680629267
115095,0.003298448536460622
115096,0.022562834922197395
115098,0.016640534850762688
115102,0.005655565658970957
115104,0.004035258549085635
115107,0.006080850420290368
115110,0.045908083708860174
115113,0.12536893174866412
115114,0.007080429807756382
115125,0.03230907372595903
115126,0.004532097145470405
115129,0.00879748001570026
115130,0.025266327297452002
115131,0.03459537651067348
115134,0.005650049019970304
115135,0.011617745996494443
115136,0.029359166052161642
115137,0.003653908004450109
115142,0.003527097226694776
115143,0.017436400027220238
115145,0.003978084669751909
115146,0.04373696206616234
115149,0.004135959992192665
115150,0.007121613200374137
115151,0.04716715480799416
115158,0.011875976910432033
115159,0.0038358882551134707
115160,0.2001050115294066
115161,0.005435519766620966
115162,0.008106307807691449
115163,0.07161085952578518
115164,0.0029449874427770494
115168,0.03463562265209108
115169,0.21622006583406392
115171,0.011382316873121827
115172,0.23961960821642012
115173,0.0029780794753748543
115179,0.007406031625539017
115181,0.027378159314118272
115182,0.005584189207614245
115184,0.05427093385923705
115186,0.0036348081502744363
115188,0.19961882204133805
115189,0.1890273015627941
115191,0.003931565167611079
115192,0.022419075036193142
115194,0.003448963578932281
115195,0.01160482129946805
115196,0.003066567645328296
115198,0.04934523482316468
115203,0.019594565784445277
115206,0.13091243899864285
115208,0.0051211089948507175
115209,0.2055635705823254
115210,0.017164192633549683
115214,0.07486311580554236
115216,0.02322479982858588
115224,0.04359329309002539
115226,0.003530377637399841
115229,0.0048185278362284836
115230,0.010349563145619661
115233,0.12414498093224238
115236,0.0029733359518019017
115238,0.0038935065411698382
115239,0.00359918197734253
115241,0.06743626275960463
115248,0.014640372664674484
115249,0.10960558977900453
115250,0.010248560233186986
115251,0.06506702464305168
115252,0.01340101576967545
115256,0.014674223428346806
115258,0.0059024813100001655
115260,0.008719801270826217
115262,0.019769104314639997
115268,0.0034515268080056605
115269,0.04075347185984878
115273,0.0029034011646987008
115274,0.2440580348882343
115277,0.1517921262311142
115279,0.006332362117203358
115285,0.0034108203988210523
115287,0.005542468203465112
115289,0.12154200438410798
115290,0.010029039775364589
115292,0.09735253809514872
115294,0.004437416825995341
115295,0.004334266006060566
115302,0.0037086537550635765
115303,0.03443444336025704
115305,0.007516376640807033
115309,0.21395534000884203
115310,0.003894534232672071
115312,0.10296184081697111
115313,0.028341456856369185
115314,0.09153798391506893
115315,0.11676858436461687
115318,0.0057501769308059645
115319,0.0039454670078127975
115320,0.0047381713926951605
115324,0.005703331462063921
115328,0.010483437994032655
115329,0.04890584892983316
115330,0.0200391170330841
115332,0.08126728481788838
115333,0.0385943398701819
115334,0.004904287248428153
115335,0.028881246620266837
115337,0.00575223594175145
115340,0.02625617512230588
115343,0.003992319611817397
115346,0.016191462148011877
115347,0.04136403338880138
115351,0.039215731039533845
115352,0.004320407876820968
115354,0.00367564773792774
115356,0.04079285646857798
115357,0.020254692669370196
115359,0.07039803436927602
115361,0.1348638223582595
115365,0.007184672002917381
115368,0.03490582805077581
115370,0.03268706733205088
115371,0.003957168365775198
115372,0.07374252358823458
115374,0.004057965116336857
115379,0.0038977007866023727
115382,0.01819147959083523
115383,0.07510034123564206
115384,0.025127450658002707
115385,0.0034170953446244342
115386,0.06097886568838219
115388,0.006922208065719576
115389,0.004354343292061111
115390,0.005716886504172462
115392,0.03459537651067348
115396,0.010516003123699172
115399,0.0035994440764269063
115403,0.021028501585985477
115405,0.024990080619780537
115408,0.17786738838960559
115410,0.021553543686194387
115413,0.010925784803077203
115415,0.02096532125612543
115416,0.008619969805311304
115418,0.07223219855029697
115423,0.007572677679942007
115425,0.0166763752328677
115433,0.026092726083828087
115434,0.00555033662005728
115435,0.01690469387479256
115436,0.006007948947018463
115437,0.0035196736523356274
115438,0.004313302482877854
115439,0.00825356184844197
115440,0.0035609546318841625
115441,0.031028683761288648
115445,0.02804230748956871
115446,0.006437356382122414
115447,0.0029427271381127105
115449,0.005293017552241202
115451,0.005205965856895014
115452,0.018840324738998698
115456,0.007207931542491371
115457,0.048135788910539275
115459,0.09311848997166139
115463,0.0031108053449686087
115464,0.0035852203588562573
115465,0.01130200984766228
115469,0.02656807684218533
115471,0.00860413065464982
115473,0.006505071981517461
115475,0.08915547870088146
115476,0.0034707240915391405
115477,0.004116370080737712
115478,0.2152302481210312
115480,0.07035778159422405
115483,0.006756402267712286
115486,0.0168709475630176
115487,0.3580536552561315
115491,0.018255097145990558
115496,0.004223767711095245
115500,0.008784344685979929
115501,0.0058268889417854765
115504,0.003780238946107084
115506,0.004168260943748144
115519,0.04973173604007401
115520,0.0070058180437355105
115521,0.0039059276464658804
115523,0.18493765893851463
115524,0.004226976529208641
115528,0.005657971653895956
115530,0.003024454843037068
115531,0.024836898162302744
115533,0.0034540477073401856
115535,0.003588448276471028
115536,0.0346207499941709
115537,0.0029036829200832777
115538,0.0030341013619553086
115542,0.02170100225911694
115543,0.0069397936448667395
115545,0.024582413259900814
115546,0.015585470816620659
115549,0.20033640660769877
115552,0.0028311114584233265
115554,0.0383742759778932
115556,0.012011831876596334
115559,0.13631346714330733
115563,0.008714075135601252
115564,0.033860986291221945
115567,0.010637001801295185
115570,0.003252935536615401
115571,0.21681775027495537
115578,0.09948826973242149
115579,0.01248635336428352
115582,0.01259408264310059
115584,0.18246797209984622
115585,0.010142725420593149
115587,0.13973345645127622
115588,0.037239109906567175
115589,0.009221812057647069
115593,0.025271102361142033
115594,0.004062470316328713
115596,0.015647563816401283
115598,0.003679116252072661
115599,0.007995505252818336
115600,0.0029768207116805195
115605,0.09301671660285513
115606,0.0033568843715524456
115607,0.048092381923075474
115609,0.029644607832018433
115612,0.003614489387182434
115613,0.003974678090853542
115615,0.08782239540213015
115616,0.03551353248175034
115620,0.09601244577363914
115622,0.003540640245814212
115623,0.018067123479278968
115625,0.0033610260306721415
115626,0.041514067932920194
115627,0.05112167145309685
115629,0.01969858934018319
115630,0.010152816121559882
115632,0.003707219632237739
115633,0.01929375774354736
115636,0.005791267311284236
115640,0.006001040145820401
115641,0.0036213204308241423
115642,0.22314128068514053
115644,0.08628829503092446
115645,0.0035187528043239477
115646,0.2382712453678935
115647,0.00989214144005109
115648,0.00470324774849871
115649,0.028324685667745715
115650,0.0370287507925187
115651,0.012952144247380825
115652,0.01024484678024128
115657,0.024064055262375136
115659,0.03249205398506907
115660,0.15439569579235032
115661,0.0037635052148729973
115662,0.09133450489343604
115663,0.010711499900815205
115664,0.009887602990572656
115666,0.10710038537819731
115668,0.01608523005146193
115669,0.006747127814510325
115670,0.004285824011289323
115671,0.0056977567937695015
115672,0.00765596406237583
115673,0.060388756789172535
115675,0.039992703767716235
115676,0.0035440862464912876
115677,0.200742039686632
115678,0.0034990236446589503
115682,0.08816204118224741
115683,0.014059938886052507
115684,0.08796182143284778
115690,0.003969267099678191
115692,0.03678730478345047
115695,0.024203122996687306
115698,0.07229352267477558
115703,0.013144937027315466
115713,0.2558009774849546
115714,0.1647735976680608
115715,0.013252520899259043
115716,0.0661591700210473
115717,0.0029784740457615947
115719,0.006561588743684899
115721,0.014918866846773205
115722,0.005881106189174041
115723,0.015510648473173728
115724,0.003927890304505662
115725,0.01016187698549301
115727,0.004233450803855604
115729,0.0037688143302880917
115731,0.0029774281294178357
115733,0.009053953972198513
115734,0.0036994406284704966
115735,0.003917502843514004
115736,0.02088969186734905
115738,0.00383323138565607
115739,0.36169947879437314
115741,0.12807322479594907
115742,0.0029607396107478503
115745,0.03659549980315552
115748,0.018292499005242237
115755,0.02230660932784866
115759,0.003471055464819026
115760,0.2016972441558971
115761,0.021873502585367313
115762,0.027292601940613833
115763,0.005954172996961017
115764,0.023024207984143747
115767,0.05279569325514709
115768,0.05140827868593548
115769,0.056506075137173865
115772,0.02300502437835141
115773,0.009005020165874953
115774,0.06686642165127568
115776,0.007813574483784566
115779,0.0030111049430908863
115781,0.015025446393895267
115783,0.011838788660538542
115786,0.007377787219885908
115790,0.05529749890033936
115791,0.02276575525743644
115792,0.004154612081374304
115794,0.015606342233035383
115796,0.005590912675499324
115797,0.006459840373567053
115801,0.003833501691641276
115806,0.006307524612432663
115807,0.020354472881244756
115809,0.0057361829640494785
115810,0.010698071975680172
115812,0.025040978936628492
115814,0.015150812496578812
115816,0.01442714650078009
115818,0.01612976789075952
115819,0.0048646851956885544
115821,0.0061688982969156534
115822,0.00295126353841824
115829,0.18895488539120608
115830,0.024583821142448007
115834,0.0045621702052305885
115835,0.014873921533574017
115836,0.0029615128738482654
115837,0.002949813029426941
115839,0.0031730021095506458
115840,0.0082796418181826
115843,0.003949835008892249
115844,0.008185533845854345
115846,0.0034046827659624888
115847,0.06622032045477243
115848,0.14844325489984356
115849,0.005207036723642625
115852,0.17337092655283082
115853,0.00421976324924026
115854,0.03255054262935879
115855,0.014641229131053932
115857,0.03100395601796855
115858,0.005466742188919257
115859,0.08958324287680514
115860,0.0035972339375956045
115863,0.00486665732826824
115864,0.004412805232911432
115866,0.0045457272326603765
115867,0.0037786945082665083
115869,0.017657715037310038
115871,0.014715099864174623
115872,0.004124855541501199
115876,0.05058370770093594
115877,0.2688283312261557
115878,0.018127654567680448
115881,0.03001632808020014
115884,0.0035882359160736787
115887,0.2249588119351834
115893,0.0030035225071389417
115895,0.0612392273817697
115896,0.02929466652778045
115897,0.0355962668256759
115898,0.007813574483784566
115899,0.022678947815418547
115900,0.008200434965829125
115901,0.004551542916449371
115902,0.023818426088056573
115906,0.006848799813035881
115907,0.014116163693459766
115908,0.01045369206227254
115910,0.03197736155966354
115914,0.07144860991759283
115916,0.19846498127578252
115918,0.03291296607990924
115919,0.00397684955265672
115920,0.05852428902938628
115922,0.003209318487977447
115925,0.008780609048051941
115926,0.041984089487219226
115928,0.006979067363576602
115929,0.006174068793696546
115930,0.015664230538755437
115931,0.09105517771993737
115932,0.040071784231646194
115933,0.005278756151689438
115934,0.013590614477579699
115940,0.0028362259763077746
115943,0.05559126356603822
115944,0.003948474099120907
115946,0.006568316374174214
115948,0.0068665036515189355
115950,0.005901490777942009
115951,0.025429538841910373
115952,0.07095534747652962
115953,0.2155275226142319
115954,0.05688186581513453
115956,0.051918797962953636
115957,0.03342097108620832
115959,0.08654593408313299
115962,0.0028389269860312344
115963,0.03573174448916864
115964,0.10758017367552833
115965,0.0358181713442004
115966,0.1920795882142341
115973,0.025040978936628492
115974,0.026092726083828087
115977,0.0037166051879076374
115982,0.0321361339495972
115986,0.1973495941119234
115991,0.3048674964661041
115992,0.03541498838906281
115993,0.0034354602234643408
115996,0.030948485172020947
115997,0.008862203267884766
115999,0.1659279914057053
116000,0.004722735792938503
116001,0.030367014259197585
116002,0.021282715971147906
116004,0.016187576784577058
116005,0.09502360195236409
116007,0.1751837594013144
116008,0.10180787968103046
116009,0.010041798294543519
116011,0.026170893378463983
116012,0.05349561079816566
116013,0.006967702456569174
116015,0.002832608701682454
116016,0.00448305012457142
116017,0.03755348882899094
116018,0.01639846074687798
116020,0.18704838335997384
116022,0.016480298584946138
116023,0.0041702532172090915
116025,0.16319631221594222
116027,0.027663571960192007
116029,0.009045346529319718
116030,0.011627237891273522
116034,0.008052495232098599
116036,0.005333717544485525
116038,0.06083024496371067
116039,0.11545617637001947
116042,0.006221982644199233
116043,0.01032016292091092
116044,0.004567589829842206
116046,0.005229583398059649
116049,0.009742322325776046
116050,0.003556213184794124
116051,0.0029541364753759894
116053,0.0053376639945714914
116057,0.00332205666979109
116058,0.03106198563493553
116060,0.005704232173396373
116061,0.003718131271011349
116062,0.0031753752062640673
116063,0.006070065976907541
116064,0.010275458105077281
116066,0.027490988943176788
116067,0.16285751773810808
116069,0.003519819319771063
116071,0.006048698103276829
116072,0.05446086641405747
116074,0.03390997943914445
116075,0.006609122483468648
116077,0.061304019938476235
116079,0.0039061561097308065
116085,0.1351599524827635
116086,0.020893811949509553
116088,0.00912494385767268
116091,0.08774602906126672
116094,0.021729024664398446
116095,0.009878842039185405
116097,0.0051442533577448065
116098,0.0033967192655179495
116099,0.031120429428251294
116100,0.003319078450686434
116101,0.07716950011493122
116102,0.005527077384709468
116104,0.0039539307508668665
116105,0.23577680060954226
116106,0.04528068617493798
116110,0.002882752013648642
116111,0.00422788841831251
116113,0.0040914474820260205
116119,0.04856327186006783
116121,0.0224723537110567
116123,0.005817158149009184
116125,0.004974871738205707
116126,0.030652543192424025
116129,0.0431608288997985
116131,0.011130321069674858
116132,0.03610178499045001
116134,0.02871289878967697
116137,0.0036065724212403574
116138,0.0031619020709261767
116144,0.047077322175118286
116145,0.009695841498556833
116146,0.1962873834415494
116148,0.005669440612118828
116150,0.040777313931366695
116151,0.002992502218112323
116152,0.20537702249679562
116155,0.003589367391734642
116157,0.004741632454357108
116159,0.007153047957627817
116160,0.01972015299131648
116165,0.008797043730727944
116166,0.0077115947038012495
116173,0.0029193365905072276
116174,0.008949690281451867
116177,0.009861583633886272
116179,0.02149010178751369
116180,0.0060303191735679345
116181,0.06809381726300405
116183,0.03491242552126598
116184,0.003916183410751379
116190,0.05279569325514709
116192,0.004232735334147665
116194,0.005029731155371318
116195,0.061572898098214125
116196,0.17815929005434814
116197,0.09845455787429612
116203,0.003336339037217691
116205,0.008713830685133836
116207,0.24639398024651998
116208,0.03738811282872234
116210,0.014015061684986055
116213,0.005262458310238647
116215,0.026092726083828087
116216,0.007245679488467294
116218,0.00327989246436694
116221,0.006870378587713129
116223,0.014646734008775888
116225,0.002918185327467472
116226,0.01209584876849903
116232,0.010131730886777037
116233,0.006570632086577679
116234,0.024107346622943844
116237,0.006867804462082926
116239,0.2031428837280708
116240,0.08760228822775022
116242,0.045422566061898054
116244,0.05116697853752947
116246,0.04548386641411446
116249,0.003918065924642498
116250,0.03371280131905064
116253,0.00384560422633653
116254,0.004473856067875086
116255,0.0035574479191578007
116256,0.1550479692769766
116258,0.06001299743858672
116259,0.019524647768055882
116263,0.0032428234505064856
116265,0.010210101543441754
116270,0.00534207231731878
116272,0.17577098346698863
116277,0.0037630597708225126
116279,0.0044497167540870144
116280,0.009733489167003407
116281,0.008729961263987746
116285,0.0909176190981177
116287,0.19578137312262803
116288,0.1998996995097791
116290,0.007333900838823722
116292,0.004522463994202157
116294,0.01124834416657697
116296,0.052611410851584293
116298,0.007886182414873643
116299,0.10051621785256391
116300,0.004927778852910213
116301,0.07837055312476714
116302,0.00473197484332161
116304,0.20726958845215182
116309,0.03037783645901981
116311,0.024476479122572833
116312,0.004184237480858716
116313,0.003706261272723785
116315,0.0036804537549903972
116317,0.002871606008727942
116318,0.008785920659994286
116320,0.006102267401043816
116325,0.0033136136938125608
116326,0.004225527520526081
116328,0.007829338316804045
116331,0.18066449964367137
116333,0.003958273871398779
116335,0.01114201264787782
116337,0.062923983019909
116338,0.00889378914570175
116339,0.03649136601224822
116340,0.026092726083828087
116341,0.004680860518890895
116343,0.003464509921186213
116346,0.0032342309339387526
116350,0.2614479019742128
116351,0.003469817693307386
116352,0.003905262202557461
116353,0.0036845969147827604
116354,0.00409528566628117
116355,0.0034643974082938698
116356,0.00575418850548809
116357,0.024586799917331398
116359,0.032542888151959194
116360,0.10376775427934322
116361,0.012437862930426802
116362,0.004686864298056748
116367,0.009369094776098246
116368,0.0036131662356004694
116371,0.015401018672334192
116373,0.015166862590082026
116377,0.0354935648260174
116382,0.013943362704873554
116383,0.006377151421206351
116393,0.02554598188471073
116396,0.033508887570617735
116398,0.003716362131999802
116399,0.22177496495480176
116400,0.0029542059109521433
116402,0.00395015000733041
116403,0.002863777886931137
116404,0.07993282421428093
116405,0.08368796149843731
116406,0.003503068042828644
116407,0.01106472149397316
116410,0.038829836338706965
116411,0.009938131918866682
116414,0.005229671518908299
116416,0.005157104631314647
116419,0.04964424703652361
116420,0.12455036926816417
116421,0.007254736620307785
116424,0.015655105280455224
116426,0.038671831028955266
116428,0.0646915104097751
116429,0.004809380042873374
116430,0.030311227822460915
116431,0.00563412325372553
116432,0.0034537727487397914
116435,0.004231725211547427
116436,0.013205787383390172
116437,0.00409666662325613
116438,0.010140270574398976
116440,0.003900495563990527
116441,0.005929559681489531
116442,0.004237106996749673
116445,0.01413598366214001
116446,0.007122692426932619
116448,0.0030644685244513212
116450,0.0036447960573028713
116451,0.0068376279704169965
116452,0.034176453806977466
116453,0.002962578223625205
116457,0.007139482668828378
116459,0.006465465859538367
116461,0.0044628487581328076
116469,0.17533465056353995
116475,0.004049579848014026
116476,0.044174469138945446
116477,0.026092726083828087
116479,0.10074446135394785
116480,0.0036618216815507906
116481,0.004779825868414485
116482,0.05192760358687283
116483,0.13021081530063205
116490,0.19632240489091649
116491,0.004330479191853059
116492,0.01516122620294288
116494,0.0029569926706145854
116497,0.003965996352728195
116498,0.04657456458814369
116499,0.16122360183518403
116501,0.06131134040955418
116503,0.0028542910279825413
116504,0.04810125480594912
116507,0.009110597565306742
116512,0.004348361496823014
116514,0.022703026681111623
116515,0.006106183971781857
116517,0.003511974790753455
116520,0.005337177489869893
116521,0.03340874633568373
116523,0.002905215835778817
116524,0.0039569295290531135
116526,0.01019637087056024
116527,0.011881760155433956
116529,0.020919541336661303
116532,0.026092726083828087
116533,0.0066114289378557895
116544,0.010250322652509494
116547,0.030142487572107562
116550,0.07425530117330217
116551,0.09659532212377236
116552,0.0038649367359648765
116558,0.0034958244824800162
116560,0.05973027646523329
116561,0.22783898173009415
116562,0.056830343090388084
116564,0.004087611987689801
116565,0.00590214088623358
116568,0.0035351605709360357
116569,0.018758337801738675
116570,0.009903019831622464
116572,0.14434041373303602
116575,0.004664162306555939
116576,0.02206508526076059
116578,0.1298905266060461
116579,0.0038540036657742946
116580,0.005862644584565562
116582,0.02697974804212219
116584,0.0036315146593419016
116588,0.002905423171953212
116589,0.0033808910008850408
116590,0.004815524601185887
116592,0.1359529552204094
116593,0.004809227255304228
116596,0.007250328876618299
116598,0.003526454603698014
116601,0.01826470478551797
116603,0.010856091112386515
116605,0.04484903225638662
116607,0.009452740395235523
116608,0.008590475825089363
116609,0.027359382086388058
116611,0.04000297118359131
116613,0.06559845878475205
116614,0.004071497502756328
116619,0.0076196325701017266
116620,0.008121070346498418
116624,0.08391813757586432
116627,0.004041827766895916
116628,0.02033587522916107
116630,0.005590017411896235
116631,0.402558787813958
116633,0.17340602759089255
116634,0.02769986470713591
116635,0.0034014412969852604
116638,0.004297955146864192
116641,0.021357218492364948
116642,0.136201793795768
116645,0.004909098154338834
116646,0.13120623086559302
116647,0.018236752192610135
116650,0.04052114738276582
116651,0.035625343368480375
116658,0.033903059598231707
116661,0.01991770813303235
116666,0.010244198577369102
116667,0.0031418207157052794
116670,0.004124129153615151
116671,0.00937578843688556
116673,0.004444066812910305
116674,0.003795740401359135
116675,0.026092726083828087
116676,0.105296972351614
116678,0.01180315966017073
116686,0.004602398035536266
116689,0.07966813996011762
116692,0.07486842387102614
116693,0.003906832902773673
116694,0.004071890637304484
116695,0.025153378962186227
116698,0.058175264435108266
116699,0.07868379345555819
116700,0.005655302493848634
116702,0.010970394982155567
116703,0.033265057391197984
116705,0.2049462301646026
116706,0.010469810665926626
116709,0.22305301794941476
116714,0.037039913581612294
116715,0.0049538202520105785
116716,0.03950062104853835
116719,0.02289006494751467
116722,0.19802546852031125
116723,0.03874566677250676
116724,0.005146452361434477
116726,0.026241199025415874
116727,0.0803674091669587
116728,0.007608741324650767
116729,0.00475429098267118
116731,0.21903571772749447
116732,0.0042148476207251396
116733,0.007047327827631121
116734,0.014535041271098663
116735,0.011710625933755494
116736,0.14199039364351082
116737,0.0034751962138065405
116739,0.0035672337653469546
116748,0.233517923543462
116749,0.022451172295951904
116751,0.009666896362750088
116752,0.010539609221077275
116754,0.04610663874995817
116755,0.018315870006813343
116756,0.011703031146839979
116757,0.03344968104444169
116758,0.008215469467006697
116759,0.05369569076626023
116762,0.005441104436530193
116763,0.013063994629827474
116764,0.005918585480358892
116767,0.0053966307728855354
116769,0.003530136152243511
116777,0.05357901686945158
116779,0.010097407700065885
116780,0.1758320483086633
116784,0.05097880913681703
116786,0.045396296545489004
116790,0.0036048174610863377
116792,0.008375295121493686
116796,0.0029117270428705264
116797,0.028574308961117293
116799,0.003516723390449777
116800,0.005531792753540702
116801,0.004204032488899386
116802,0.004362460496987698
116803,0.037866453231302694
116804,0.2022622967029199
116806,0.010232867988752196
116809,0.005538416888806912
116810,0.19541955160547106
116814,0.005079242426399002
116815,0.003196124808283299
116818,0.06436375400607235
116822,0.08142020771063584
116823,0.03459537651067348
116824,0.004873545605138063
116827,0.014144618356884693
116828,0.016819397567718355
116831,0.003589892606010428
116833,0.0050381032837206454
116839,0.0038401705328825818
116840,0.005768612138950944
116841,0.0028781660350272803
116842,0.1451482693915287
116847,0.06871058425915319
116849,0.04420629103374145
116850,0.0029420196537825287
116851,0.0066342587221445565
116852,0.21971927601906158
116854,0.003308698482894273
116855,0.002946088297692692
116858,0.002956438187546307
116861,0.00529042213915766
116862,0.04339053733863237
116865,0.017860021267579212
116867,0.006134858082704907
116869,0.0362679084758565
116872,0.003377831722225515
116877,0.288550976285129
116880,0.05478029840055586
116883,0.019877943797906555
116884,0.028981513910159643
116887,0.004087638325374101
116889,0.010740110667747715
116891,0.017234467767538314
116895,0.13201776280728356
116898,0.006646436425896816
116899,0.0799668912043762
116900,0.005617066723740457
116901,0.00561622416895844
116904,0.015859872858239702
116907,0.056310915345715654
116908,0.07593492796197256
116911,0.05412496272214042
116912,0.006913019011351502
116913,0.19736250965410335
116915,0.008840497529570637
116919,0.0038713266564681754
116923,0.03204529609344612
116924,0.03598027120503035
116925,0.00986601592037587
116927,0.0033782740118751425
116929,0.01388915554245598
116931,0.20033640660769877
116932,0.060575982922261094
116935,0.008786352642917139
116938,0.015464516034450959
116939,0.01516364947600073
116940,0.03735739174170288
116943,0.23541039280632514
116944,0.07960487295955151
116945,0.0342999189840277
116946,0.03480103441561775
116950,0.002983783796337505
116952,0.005681853942882844
116956,0.01654215308483035
116957,0.026830762434648565
116959,0.019461009251527918
116960,0.11607454084991899
116961,0.06380320590192107
116965,0.02049467381201122
116967,0.011595542596588411
116968,0.006267750045703749
116969,0.010121438025368861
116972,0.0955773702793579
116974,0.0035431020006398
116975,0.014367229967616925
116976,0.04704565182087682
116978,0.09944415977575032
116979,0.15008176758941744
116981,0.003979159161265304
116984,0.025974988843433303
116985,0.010308603928636927
116986,0.04821295522769199
116987,0.009852647246715055
116988,0.004340407838442234
116989,0.023952505687801637
116990,0.03401007087776915
116993,0.27747936320295574
116994,0.023539805231132076
116996,0.05209786822348748
116998,0.013222632096711227
116999,0.0030293948875164036
117000,0.00989603931212917
117001,0.02358316203831062
117003,0.010090918740509722
117004,0.03555867699355406
117008,0.02314164460083087
117010,0.23415071433861312
117014,0.008162556529438746
117017,0.00498701039098382
117019,0.0030366746051649286
117023,0.004108152194270573
117027,0.015323241146681859
117028,0.004889641779907661
117029,0.032259324371574416
117033,0.0035178522025004232
117034,0.00480639337663275
117035,0.0037233204145592177
117036,0.009903019831622464
117037,0.23151244211777525
117039,0.033606202922834394
117043,0.054152863401478145
117047,0.004599360107032454
117050,0.10420242488848827
117052,0.008367722227728233
117053,0.022317964574675716
117054,0.19874084765749914
117056,0.07575732065315209
117058,0.01819103034818756
117060,0.1674277490665676
117065,0.022980694549162527
117066,0.002992111249554315
117067,0.10575928141057572
117068,0.08442508292743237
117069,0.00403177783049681
117070,0.0029478976580591377
117071,0.0038274266641873003
117073,0.16465454556618395
117076,0.008349101788685481
117077,0.004164017036715494
117078,0.038609698657788336
117083,0.03903066444820232
117085,0.027380635912331266
117088,0.0029130584724623844
117089,0.04729259460657484
117092,0.0034461633371014678
117093,0.10758641987329777
117094,0.00593880561915959
117095,0.1385098796282732
117097,0.013135242117261069
117102,0.024788144741928014
117103,0.10084734180874697
117104,0.009562754354295048
117106,0.010106199144445716
117107,0.03046775947857328
117108,0.06801333117961722
117111,0.015329093034347312
117112,0.003908642022079873
117116,0.022322966505508406
117117,0.008606970353289226
117120,0.04137537114580683
117121,0.0039028124190459267
117122,0.026092726083828087
117123,0.007214270143608792
117124,0.01876303111094113
117125,0.003635045938039619
117128,0.0029586108607795544
117129,0.0029583836227644144
117131,0.003918318288345565
117133,0.004644054372935689
117134,0.03338738043588964
117137,0.003111389418644528
117142,0.03950683557980665
117143,0.0053570722716193364
117145,0.009851225889394898
117146,0.003824962964790539
117157,0.1593937219201153
117158,0.003552058346318394
117163,0.019180851651544307
117166,0.01775316587208771
117168,0.023759092877506046
117172,0.07942800644397995
117176,0.0032819853670970223
117178,0.29176046687834184
117179,0.020845539279025976
117180,0.024838200316491196
117181,0.004524457815274913
117182,0.025348742026412234
117185,0.0546065548516951
117187,0.07714074228903482
117188,0.03081033473396287
117189,0.24448041903647322
117193,0.014749384234195558
117194,0.04385520131502957
117198,0.05704400410959983
117201,0.00756616610861555
117206,0.03560701105890303
117207,0.0936524923978254
117208,0.005652785983634131
117209,0.01949459651313753
117210,0.02791832149578422
117211,0.026092726083828087
117212,0.08269612229114572
117218,0.01729946292257129
117221,0.008719781737379185
117226,0.011527084589699121
117227,0.01891403325245885
117228,0.0396739502986272
117235,0.002863863039855464
117236,0.011315106788796318
117237,0.026092726083828087
117238,0.030593194349454393
117239,0.004808005623148375
117240,0.2012404632158189
117241,0.046849134520946904
117246,0.03868778231904393
117247,0.24661159265778418
117251,0.003960089450624205
117253,0.002882830918470243
117255,0.19527076637220991
117257,0.0040796975758649705
117259,0.008037339357540023
117260,0.0035776567317652415
117261,0.00396690694559222
117262,0.014116363865638054
117263,0.009894087748006352
117265,0.0033837821941905327
117266,0.1708317824473088
117267,0.02554988355766254
117271,0.03692376570225855
117272,0.003409245686394846
117273,0.0037439279269835474
117275,0.3242587179099728
117277,0.020803094215449413
117278,0.07258251653084286
117279,0.1288292335449582
117282,0.005912834621788348
117285,0.004075717007341787
117286,0.010938592664212266
117287,0.011315164735845807
117288,0.00873207960578425
117289,0.022678947815418547
117291,0.2630783753775863
117292,0.005457412312431052
117294,0.12260744069718017
117296,0.021394154029603447
117297,0.08084129002816351
117298,0.06574772159580673
117299,0.14876127072834416
117301,0.003707219632237739
117304,0.024893959200970855
117306,0.04409216416567134
117307,0.1920795882142341
117308,0.014668090732719618
117309,0.0050511923695979455
117312,0.004313119457935587
117315,0.13952435902801186
117316,0.05548184284546819
117318,0.008487227887426785
117320,0.09095372166008925
117324,0.02676685710638148
117327,0.2369693994063464
117328,0.07404653242111249
117330,0.016737427113710325
117331,0.015329816169793512
117335,0.07575732065315209
117336,0.0029690792284446195
117339,0.029393762429878394
117346,0.006560093435070541
117347,0.003795168807381697
117350,0.004213834643850444
117353,0.1569385119034961
117355,0.0033400633658589927
117356,0.006848359171840977
117358,0.003419851394128299
117362,0.02111074925750089
117365,0.003577519357999455
117367,0.003403265551521407
117368,0.026982074464107487
117369,0.08064102123363727
117372,0.014676830704438603
117373,0.010765389776218116
117374,0.0066243137861805015
117375,0.07394265019280433
117376,0.029136546355682615
117379,0.0029482655746870118
117380,0.002943092893700447
117381,0.015607483698055416
117382,0.0034093179248155746
117383,0.0036339576524369497
117384,0.0030920412616535927
117387,0.018617776470592828
117389,0.020093236845701398
117390,0.025825710895714355
117391,0.00345631687607051
117392,0.03245072899211995
117400,0.05103475377596093
117401,0.0034283181528324933
117402,0.01032607044652405
117405,0.2528469314748115
117406,0.005280116838821518
117407,0.011121769877220617
117409,0.04304900133224735
117410,0.023116324076962663
117414,0.05382573601889798
117415,0.051811231599285294
117416,0.003931179995432428
117419,0.005659435290463898
117421,0.00409666662325613
117422,0.0075236795468464285
117423,0.01413493304935724
117424,0.07447813768561837
117426,0.004077394585356668
117428,0.024035428619388323
117429,0.2305098042629214
117430,0.10431197871099823
117431,0.09512087350045
117432,0.23606161258291802
117433,0.07575732065315209
117436,0.003268066846999761
117437,0.009154994111802027
117438,0.1896318628711581
117440,0.0065304647267768485
117442,0.017218799766005582
117444,0.002997896573524533
117445,0.04199774379607015
117446,0.0035694563498440226
117448,0.003377363264103957
117449,0.0028780726108024826
117450,0.045553996740417296
117452,0.008685199346896034
117453,0.0032037814529744437
117455,0.06820590436389452
117456,0.002884733348989159
117458,0.003431515563722719
117459,0.05906262654061603
117460,0.03340722380118864
117461,0.17340602759089255
117467,0.003064038763461861
117471,0.0031478781054070687
117476,0.003214983701241834
117478,0.05427136156324265
117480,0.017087181712876338
117481,0.0028436041968554746
117482,0.008806385924885458
117484,0.014141424703097902
117485,0.2722302900289209
117487,0.11891711214814711
117488,0.010172016930958797
117491,0.004206450801780698
117492,0.0035078633412714585
117493,0.01413320228292972
117494,0.017338530909231292
117497,0.04475278294977479
117498,0.0039004998785926582
117499,0.04063146625727881
117501,0.0626610518843852
117502,0.023228084921541922
117506,0.0034151457507554665
117508,0.02293847632038373
117509,0.0036293604769999308
117512,0.0038713266564681754
117518,0.019493264817841107
117526,0.061499527073463074
117531,0.009903019831622464
117539,0.00833674679164781
117540,0.004230512161521425
117542,0.25705404985471186
117543,0.026092726083828087
117548,0.003604079749688962
117549,0.0035444177594551405
117552,0.004256654785566152
117553,0.0031109900380127315
117554,0.05442525125735452
117556,0.004268480736430167
117558,0.051192768774592515
117559,0.01929888172160446
117560,0.005494927204180556
117561,0.05263144753898628
117563,0.22996161927592432
117567,0.015574422518366111
117568,0.005355247518094631
117569,0.025579652419935782
117570,0.006295888908619597
117573,0.0316975784259729
117575,0.2114481506216135
117576,0.005837488706683879
117578,0.017901144919037666
117580,0.010725296530360253
117581,0.003466209033176648
117583,0.02186041506013312
117587,0.007189918610450556
117588,0.003779897006134791
117589,0.003417081804123505
117592,0.008649448566311913
117596,0.004431971627293326
117597,0.024424963179358026
117600,0.003757568785926592
117602,0.18553522227092312
117603,0.003881715897942586
117606,0.14822181586823438
117609,0.18339664694466928
117611,0.002938382282522545
117613,0.022176462032070195
117614,0.015156519740369263
117615,0.00307073915797063
117616,0.24629270741178846
117617,0.09200241446473298
117620,0.10949805916956497
117631,0.01044905256057113
117632,0.003832302918743034
117633,0.13971890154481525
117635,0.015030973837326414
117639,0.028030396405243133
117645,0.21932534708513415
117647,0.08247723350005451
117648,0.003452904032267453
117649,0.008353946601672064
117652,0.03437471579241416
117653,0.01904989368598932
117658,0.06537121120690775
117661,0.005827931929909778
117664,0.0040793378802657446
117665,0.0038154541589306957
117667,0.009950161177801125
117668,0.009896356108165144
117672,0.008050951169339762
117674,0.01262807408500187
117676,0.2248479181422848
117677,0.009445755616178202
117679,0.04943886294763831
117680,0.0037042782590533947
117681,0.011194208706708059
117682,0.003915489891461518
117684,0.004967096505410232
117687,0.0350770127761878
117690,0.015181673045329375
117691,0.05712129689658569
117692,0.0222177118237677
117693,0.005493314633899111
117695,0.017224043190541386
117696,0.03459537651067348
117698,0.03108643244999974
117699,0.022018340899983044
117701,0.052786196586136175
117702,0.07055184638360158
117705,0.023921569332581924
117707,0.006454815109925772
117708,0.0336443915476814
117709,0.05439230506257003
117712,0.006611065650381664
117713,0.08674644461585297
117714,0.01702812293817007
117715,0.04145648913852659
117716,0.03184736710539388
117717,0.0031864930077380787
117720,0.006191905962173278
117721,0.020642542316112105
117723,0.028931930649389023
117724,0.039564655904751916
117725,0.01801551443605222
117726,0.003298428952469301
117727,0.06433868918985727
117728,0.01946443648690541
117730,0.014706297408524588
117734,0.00834033869450976
117736,0.011634231465248846
117738,0.005393663547887968
117739,0.015317996532146775
117742,0.21183707514354716
117744,0.003300026061323784
117745,0.003197897570015964
117746,0.09259867855314041
117747,0.004722579336407087
117748,0.0291166641497466
117749,0.15614164148725415
117755,0.06248104176222145
117757,0.013824358196028496
117758,0.00574513734506119
117759,0.14639233518618786
117764,0.003962703154167684
117765,0.005704438708695576
117767,0.004220403927313556
117768,0.004064498520292593
117769,0.008483405453434912
117774,0.0038725528919424366
117776,0.005081859842352193
117779,0.018988078904571482
117780,0.031027820114300095
117782,0.016086553853564993
117785,0.019717329762663133
117787,0.01820447677093088
117789,0.0379174571351925
117790,0.020380066519631597
117791,0.10485216288219801
117792,0.01748285908812069
117793,0.018083831239021724
117795,0.002967690783252942
117797,0.014534324189643507
117798,0.059113417631690035
117803,0.005022186390377308
117804,0.04379424338997449
117805,0.013591579880862592
117807,0.0062902599946530555
117809,0.009889768729923086
117810,0.014842041833418713
117811,0.036687679395742
117814,0.028634700622479407
117815,0.2742070372348177
117818,0.02468597881830602
117819,0.03396322713336856
117823,0.003486991647064484
117824,0.03237210046098793
117825,0.006484912229196728
117826,0.013104535299725311
117830,0.2551591057449251
117831,0.02144216120751677
117832,0.008545173087891083
117833,0.011652494628912775
117834,0.013622686875440323
117835,0.012419583107736002
117837,0.08008308119045811
117839,0.06220048529615842
117843,0.0030495838807370616
117844,0.029471062746049114
117845,0.02110676851953751
117846,0.0071192324097459755
117847,0.11991978031879696
117850,0.008671435351780544
117851,0.006344750734881906
117852,0.02582604081741575
117853,0.009880772021179922
117854,0.01670202008763529
117855,0.002885751952243319
117856,0.03860253673669408
117857,0.026236779539861935
117859,0.026092726083828087
117862,0.0150591408961126
117863,0.0051944458604801765
117865,0.005697621304102986
117866,0.010844043744899074
117867,0.09478743244715729
117868,0.006349069962425693
117869,0.013678301429572891
117871,0.0029208580765355974
117874,0.004850467153538106
117875,0.028819473940677038
117876,0.047828489543512515
117880,0.017256240418047224
117881,0.0033835442171424165
117884,0.004413218736894345
117891,0.009395077879216278
117892,0.07410339796389889
117893,0.0028498584937707845
117894,0.08978343497589222
117895,0.11937537011876662
117896,0.00697785954718911
117897,0.008125936415616035
117898,0.005209105819600994
117901,0.004583114571135046
117902,0.12547654158394414
117904,0.007218890207001682
117906,0.08920698642406032
117907,0.0034746435757790676
117911,0.026092726083828087
117912,0.003205240737755554
117913,0.0033633723408418017
117914,0.013545908991580057
117915,0.005992342607235438
117916,0.06249342563649965
117918,0.013306247602671578
117919,0.15230924216435549
117921,0.007506244329728822
117922,0.04355990804390379
117925,0.012657285135745095
117926,0.008958534753360387
117928,0.005893731360021542
117930,0.006319322795050448
117932,0.008242455364654205
117933,0.0047199309285213134
117934,0.019323468959877424
117941,0.0030505470217245833
117942,0.03064220311198143
117943,0.013576107681291702
117945,0.0031549999279249057
117948,0.0044210368538813195
117950,0.00331423149025785
117953,0.007902045557183143
117959,0.014128627237614561
117960,0.22945823198535742
117961,0.012311223265172262
117962,0.11434201552080048
117963,0.0028999691630817383
117964,0.005973045068933741
117967,0.003968021658920908
117968,0.056685264703489224
117970,0.023222150864356732
117972,0.0056585649450457244
117975,0.03459537651067348
117979,0.07207505565786422
117982,0.03257749104516293
117983,0.017628031408083014
117984,0.0031632245702035663
117987,0.014524809607962992
117988,0.0038841128826724147
117989,0.007901509532245147
117990,0.2546374365881434
117991,0.04157537566473011
117992,0.005253821762529138
117993,0.003761686102607427
117994,0.0038713266564681754
117995,0.003210481966610095
117996,0.02197110973835087
117997,0.003314233045186507
117999,0.030531406777874023
118001,0.06373379241313355
118006,0.003990751974829268
118008,0.00393885421328224
118009,0.05743996244842985
118011,0.1301101534828551
118012,0.08967796110033013
118013,0.003957403238256693
118014,0.00353948942887988
118018,0.007804112782844236
118019,0.004069903411590929
118021,0.04155492953017724
118023,0.024990074220170008
118026,0.10549477743254801
118027,0.014537438540035539
118029,0.04214517544187269
118031,0.04619292310278786
118032,0.05827961030099135
118033,0.011027919396857188
118035,0.012133199011124416
118038,0.007587203944567644
118040,0.0036308452320810173
118041,0.009288967919674564
118042,0.07832747631822304
118045,0.05656909770218097
118046,0.003199091101760098
118048,0.0227927150316534
118050,0.009841702712658258
118052,0.03932022925942575
118056,0.005573887775247037
118058,0.006309976209270105
118061,0.009896490542343303
118062,0.12745348224141406
118063,0.09202483636516798
118065,0.05449961600201313
118068,0.003951543845500574
118069,0.18349127212676133
118071,0.046402981287301796
118075,0.10175412620719902
118076,0.024625490783237756
118078,0.028419012349105592
118080,0.12920919679471718
118083,0.0046508312170977
118084,0.006743144599634833
118085,0.03853549041683855
118090,0.010204488844576936
118091,0.17171029974177057
118096,0.0187885519164278
118098,0.004568256579439542
118099,0.014296963616597403
118101,0.0033717080360841185
118102,0.018265653336027532
118105,0.003202994075096567
118107,0.038390118229910314
118108,0.02293204047908102
118109,0.009350930887462526
118112,0.2127295614708532
118113,0.00319251120743928
118114,0.05908294795558008
118117,0.003323686634460163
118121,0.0033891501860654426
118123,0.002990689057672721
118125,0.46559231903447557
118127,0.023973053454917924
118129,0.020121035840163705
118131,0.004058413324617063
118132,0.00420584351017544
118133,0.07024590418248712
118136,0.005117167274765182
118137,0.035126096748132184
118140,0.03462023574131442
118141,0.005329568752204332
118143,0.01355082301566896
118144,0.0041199091397802375
118147,0.09948487103443836
118149,0.005741218533736549
118150,0.0065690944811205585
118151,0.026092726083828087
118152,0.0038781437144023356
118154,0.011879816995559163
118156,0.07509361842438346
118157,0.11608644071842934
118160,0.009071083701882197
118161,0.011913978870205974
118164,0.0037526895889248013
118165,0.09348164540245842
118166,0.007148582669897819
118167,0.0670347256529591
118169,0.11424081853234203
118170,0.0036834456527428195
118171,0.010035105626966245
118172,0.00996160081697743
118173,0.1352345587269519
118174,0.014997863234154097
118175,0.004112270818550459
118177,0.0037567372450239556
118184,0.09581618219264898
118187,0.008299127200596678
118188,0.03496421793842201
118192,0.00878625756193992
118193,0.16757536117878444
118195,0.019295279447661823
118196,0.01053399833971846
118198,0.007240495926612437
118199,0.021454146904035565
118201,0.005435875549733127
118204,0.006873728966158658
118208,0.021877646733705645
118209,0.006057032561445305
118210,0.018854841829395053
118213,0.009586677647843342
118216,0.015568683502243675
118219,0.026092726083828087
118221,0.006983541252713303
118224,0.0059364303904983744
118225,0.009575698026942027
118226,0.0675179058803011
118227,0.004278567133997116
118228,0.0031177915441823836
118231,0.09936337831823054
118232,0.026214350014556177
118233,0.08190094496409944
118237,0.07086737062086348
118240,0.004156715035834543
118243,0.03008638582067006
118244,0.007039736297211186
118248,0.0626370297189128
118255,0.014677463407642713
118257,0.0031203644751930265
118262,0.005814163419775332
118264,0.005178205005780394
118265,0.09328606065641995
118266,0.008604908835929717
118267,0.0056643735787794405
118269,0.00393484578528202
118271,0.06578762744225189
118274,0.006799606543435
118280,0.1727560287942314
118282,0.0034317581344216696
118283,0.0057314004351799236
118285,0.04906008657702685
118287,0.007293266934055653
118288,0.00734698028982216
118291,0.04053186908750094
118293,0.046983946396479924
118294,0.006838470626219328
118297,0.00440319355843283
118300,0.0035354354892387285
118306,0.0539600692441523
118307,0.016737427113710325
118308,0.006939176244332532
118309,0.041618367502447844
118315,0.0055791505337008185
118316,0.013810071389785985
118318,0.027246544833610685
118319,0.003801950303768639
118320,0.012495256346542643
118321,0.03736121450440456
118322,0.09881092773275661
118324,0.2005732993591157
118329,0.03051981234994383
118332,0.0227940245028198
118333,0.09028619486947609
118334,0.0036035888241993394
118335,0.09960771625538827
118336,0.04084158869803112
118337,0.0038193201683649355
118338,0.0050597477662699735
118339,0.07638831920576174
118340,0.0030171151707607323
118343,0.008170856203504927
118345,0.01004957122876892
118347,0.0028577015077330377
118349,0.05096588771235696
118352,0.023727333812369866
118353,0.023450946633626703
118354,0.007137957598074395
118355,0.05279569325514709
118357,0.0031615462699306728
118358,0.026365284477533935
118360,0.010095607377315526
118361,0.07575732065315209
118363,0.007149646712722479
118364,0.011114153223817688
118365,0.05629845982520968
118366,0.003942460551156337
118368,0.06867115481923008
118370,0.0037594131316388687
118371,0.24095118379547745
118373,0.010214350819471812
118374,0.003999528173259524
118375,0.024305458168218573
118377,0.01966491842269494
118379,0.02794180712697679
118383,0.0499798115587952
118385,0.004418245816800623
118386,0.010942103006701405
118388,0.20212423005538407
118389,0.05919528233471826
118390,0.14566639798661662
118393,0.03471818801148809
118394,0.2509884631176209
118395,0.006198992821589183
118399,0.03744772553412043
118400,0.014523797698105703
118405,0.009930206556080174
118406,0.08924925660966634
118407,0.007068797171562889
118409,0.003634221646530267
118412,0.06858701234192101
118414,0.031028550919069548
118415,0.0351810630475844
118417,0.0039750293155337586
118422,0.011741125632534662
118423,0.0991254089576305
118424,0.42496109343320465
118426,0.006046386644857324
118427,0.00900535738679904
118428,0.04494255840639506
118430,0.02569148876500232
118433,0.15512641755058298
118434,0.0032786931540277277
118439,0.15375708436526145
118444,0.03233535030699066
118445,0.2522464504955954
118446,0.003613706772201581
118447,0.12798261399847063
118450,0.009179248251990811
118454,0.0386834120576663
118457,0.024711594061150997
118458,0.03815033514423011
118459,0.0065894676365380375
118460,0.006898269565646621
118461,0.137805083081619
118463,0.2712544381947193
118466,0.22504696230715449
118468,0.08000508312336838
118470,0.16935637028177206
118471,0.004301481877708372
118472,0.003857563490355615
118477,0.01567963625122786
118479,0.15933800233964615
118482,0.18728031604469084
118488,0.008781382193711879
118489,0.010455540164927151
118491,0.023488341797456756
118492,0.13550213029738103
118493,0.014067224169856582
118496,0.01151429572625157
118497,0.004131520545517775
118498,0.02091747062199374
118500,0.003395520084670371
118501,0.019337693306177458
118502,0.014234168347158668
118506,0.11583412081488369
118512,0.06765076613763224
118514,0.004743653417237461
118515,0.11414928365262306
118516,0.009370471273631359
118517,0.05788242892416848
118522,0.01668001211016463
118525,0.0057840538396325926
118526,0.013850520227724856
118529,0.0751991756623561
118530,0.0038741681064448897
118531,0.0031433542261427535
118532,0.10541130484263386
118534,0.01640835391027318
118540,0.1208459517826461
118543,0.003960392973944583
118545,0.005488618661376664
118546,0.21745773700373652
118547,0.010205646942933966
118549,0.14019273747774774
118550,0.008687565121742624
118554,0.005038879306973287
118560,0.03635760675156455
118563,0.07822821896016209
118565,0.025080912799461338
118566,0.06302971049844706
118568,0.16291808836959923
118569,0.09919877241849978
118572,0.025905079967651037
118573,0.004143851899483073
118574,0.0034224382044240574
118575,0.011146294635698014
118582,0.1984545752397422
118584,0.003779341190728583
118586,0.0474727061323207
118587,0.01309535438046392
118589,0.005357917089455648
118594,0.0400571303612482
118595,0.09372945012184933
118603,0.07768577980060112
118605,0.015650495114110277
118606,0.07396724475633261
118607,0.006625009508039248
118608,0.15368312488851704
118609,0.021184669125570606
118612,0.057095972784119015
118613,0.012689335154083424
118614,0.02626657944954251
118615,0.005903161222564116
118616,0.00370215907744147
118618,0.1132700655849874
118619,0.03472343722204554
118621,0.010987464048836831
118622,0.0036834672920633515
118624,0.007589228546778353
118626,0.0037259107365069564
118627,0.0030629460459873736
118629,0.025162952332832535
118631,0.022884191677212683
118633,0.009094899926800987
118635,0.009903019831622464
118636,0.00710004406400887
118641,0.006329117808050478
118644,0.0028554016542569234
118646,0.007028515483444789
118647,0.018107003465106533
118648,0.06380831174302368
118651,0.18876583542532974
118654,0.006483575997928544
118659,0.09198134756903094
118660,0.016406698865604204
118661,0.017449068449649913
118662,0.01511642127760518
118663,0.004244220478059278
118665,0.03908892928440608
118667,0.008799547887428226
118670,0.02514540215665034
118672,0.13235216966752125
118674,0.04213293254932402
118675,0.04639177510202808
118678,0.03572940340296297
118679,0.003707219632237739
118682,0.010213634025685758
118684,0.006518530785376142
118685,0.005863459010215592
118687,0.006949776439514016
118693,0.06151977734285704
118699,0.008741717598789993
118700,0.015522180236133698
118701,0.008299455936804222
118702,0.013592805870976776
118703,0.003589818151726395
118707,0.04680669355640717
118708,0.009846379623411287
118710,0.029309387848753036
118712,0.004255758018940738
118714,0.006791000272812836
118715,0.005733027069965973
118717,0.016525530688729924
118718,0.1808615698546538
118719,0.004220403927313556
118720,0.007257065895178582
118721,0.0037328721470425335
118722,0.005297537310355783
118723,0.00869122894782564
118724,0.3336451846284833
118726,0.037155921289255364
118727,0.02599254357223474
118728,0.003868601112706311
118730,0.015234356803818364
118732,0.005793013114914739
118733,0.005189623726953194
118734,0.0323872712263951
118735,0.24319728203608035
118738,0.014469135551048064
118739,0.026092726083828087
118742,0.007580611466894546
118743,0.011990158666063792
118744,0.02610889363060037
118745,0.026092726083828087
118746,0.22313733340065517
118747,0.06430342823204767
118748,0.021488395614681615
118749,0.026092726083828087
118750,0.003625668066010913
118752,0.10813516887056933
118754,0.0657999667237917
118755,0.006639696169340725
118756,0.031012583529160906
118757,0.0036931777587457305
118759,0.019755699120528946
118762,0.008277207571197643
118763,0.05754001921463802
118764,0.29658141604563165
118766,0.005216755700616926
118767,0.22543715728455718
118768,0.002888822952328171
118770,0.00537892530413572
118771,0.00398899095522927
118773,0.014395564083726144
118774,0.011833847629187513
118776,0.005587462392725903
118779,0.00906075142752299
118782,0.0036099863156878152
118784,0.03022237846904204
118787,0.028217531829231635
118789,0.0237946252484813
118790,0.015330268707018839
118792,0.04853880514985554
118794,0.004186213119630345
118795,0.017235161618673243
118796,0.09478645419380582
118798,0.03191557525915386
118800,0.0371081146423927
118801,0.005177888360521686
118804,0.07729817513729281
118807,0.004974633386496061
118809,0.0038229616013236607
118811,0.0036705459129763645
118814,0.006354798030876029
118815,0.003883347013941253
118817,0.2213001244324737
118824,0.023269525349830903
118826,0.030293451222740096
118827,0.0030791906552606637
118828,0.012522509066719631
118831,0.009005859477534612
118834,0.010858725353790967
118835,0.0032445429502073165
118836,0.05504317773788111
118837,0.2148710074024517
118838,0.05964068189470274
118839,0.014355627682671466
118842,0.006010794461521259
118843,0.028184331054376826
118846,0.02639226582939748
118847,0.05946392694429258
118850,0.07688859991324976
118853,0.1886535625834588
118856,0.005600745298443392
118858,0.09509597693715377
118862,0.024294725472203536
118865,0.006198938434257879
118867,0.017322719983600816
118868,0.003411363926334371
118870,0.034784371861393805
118872,0.21744816872792755
118873,0.019860540406873198
118874,0.00765596406237583
118875,0.003661429837589317
118879,0.006312066538793349
118880,0.006745624473313693
118882,0.005401475758634576
118884,0.010776725315407637
118885,0.09750045421708543
118886,0.028737893476884737
118887,0.1623484123504714
118888,0.04238146015334102
118891,0.03636933918000135
118896,0.1427634253310634
118905,0.007733900735709625
118906,0.0030272151504717767
118907,0.07575732065315209
118909,0.007411588702132345
118910,0.009894140850044773
118912,0.025040978936628492
118913,0.008891174137086635
118914,0.014118256253981956
118915,0.09072541906795165
118916,0.02119831192311882
118917,0.21957252822956258
118918,0.005972035221839791
118919,0.0339456143878247
118920,0.11357066879311921
118926,0.01852767895978479
118929,0.028979292302250798
118932,0.01954130077967048
118937,0.06746410377331556
118938,0.007346912688721328
118939,0.007641398713994671
118940,0.014056743737572855
118943,0.22492265519196195
118944,0.008220770671929039
118945,0.0086384266362339
118946,0.22799254743178896
118947,0.007318055251529813
118948,0.0029197940213717094
118950,0.009645224350891561
118953,0.006341619467648178
118954,0.006665906434310385
118957,0.05692195454834561
118964,0.006635170986805111
118965,0.023148560814594047
118969,0.03582936328010203
118970,0.0059285397526339136
118972,0.008777145461511749
118974,0.004059192865622211
118975,0.012638782697034653
118976,0.0052861609671655055
118977,0.0031028366786548947
118978,0.051577904954709236
118979,0.20372201089723127
118980,0.006144909030193903
118981,0.01560448084911412
118989,0.04199774379607015
118990,0.05331198103335414
118992,0.08159511978996878
118995,0.03630326156870385
118996,0.004107145219177658
118997,0.024224515475090542
118998,0.09336469214369585
119002,0.09782968432610106
119004,0.01471510005139939
119005,0.009894537011502913
119007,0.014739520850655986
119008,0.007607390849907285
119012,0.005817800318048802
119013,0.007141976591772376
119015,0.0034546270455600827
119018,0.0032632396699624577
119020,0.06331945229132709
119022,0.003500936713900438
119026,0.0029895143713985642
119029,0.0052265198624561115
119031,0.018487798021548985
119033,0.003595525603200966
119034,0.0068225579798624645
119035,0.003744776548008431
119040,0.0037266949129796147
119043,0.005302958821650297
119044,0.004128150287000724
119045,0.0034939899884465315
119046,0.003472753335609475
119048,0.02086229925502593
119049,0.030535200446239377
119050,0.06663134708826386
119054,0.192025774116403
119055,0.0662587017781454
119058,0.013592117521757536
119061,0.011708484937624448
119062,0.1714445075950581
119063,0.03811175355882906
119068,0.19575918570830697
119072,0.1727560287942314
119073,0.031307576340059554
119076,0.004686829635411164
119077,0.008487361821542777
119078,0.03865614747809999
119081,0.0032252474219556394
119083,0.017582996902819652
119085,0.015099213047836664
119086,0.027080504608344637
119089,0.21329063372427223
119092,0.02972333648441656
119094,0.00853795569249119
119095,0.017931968868242686
119096,0.003956016410322212
119097,0.006882251852252578
119098,0.09242933256196978
119100,0.03282015402700677
119108,0.19874084765749914
119112,0.003363166317885026
119114,0.003748643436411939
119118,0.0060983038943872
119121,0.08943883060901442
119124,0.009975867700693336
119125,0.004680166078670805
119129,0.05103959317353037
119134,0.0037475685550398445
119136,0.009551570747877958
119137,0.01379823840798948
119140,0.03801157364155747
119141,0.005324378760351383
119142,0.011858461798992467
119143,0.202505945348137
119144,0.04618053514389635
119145,0.006889176754490666
119147,0.007792542690701434
119148,0.0693501613683236
119149,0.02213457232665256
119152,0.007324404656202788
119154,0.0035488175574286338
119155,0.016674278182994284
119157,0.02164286341725665
119160,0.016100502231184873
119161,0.08846725686098027
119163,0.06134318346910871
119165,0.0028433811931119026
119167,0.035461890007638594
119168,0.003386852766713876
119169,0.002927017630443881
119171,0.005424379312510667
119172,0.005832118703987976
119173,0.00885920249497744
119174,0.002928449547511057
119176,0.022643209774048684
119178,0.03839090648871025
119180,0.08883442045596217
119182,0.0030894669849120086
119183,0.0030067061382620572
119184,0.04629566344121969
119188,0.029864160198745895
119191,0.0058620301403918985
119192,0.02974092333775954
119193,0.22932347485319027
119194,0.06363124854278751
119196,0.013841568575222124
119197,0.03123751320919844
119198,0.012517573582807102
119200,0.003955895032919222
119201,0.09974591307972688
119202,0.004168966969074244
119203,0.008950002858656433
119206,0.027342065071656214
119207,0.021560660193940945
119208,0.004785235544894312
119209,0.018675974417526636
119210,0.03259224922141974
119212,0.022353487547799287
119213,0.003860437550799214
119215,0.003799308834766221
119217,0.003534970200837594
119218,0.004368924424664735
119220,0.02197999711788972
119222,0.1972018396669818
119225,0.008032494415507746
119226,0.004206039391455757
119227,0.03516587655774445
119228,0.019055801830542625
119229,0.005710921300477868
119230,0.03268576393873954
119236,0.07101784799016074
119238,0.003480029683666934
119240,0.02425951926133734
119241,0.026852046476051387
119243,0.0028262645652753324
119245,0.004734857880896552
119247,0.04821423498943142
119249,0.005870277827983017
119251,0.043997226376380046
119252,0.0035854725471863363
119253,0.008910448797505743
119254,0.04307520828766393
119255,0.0032666917602529413
119257,0.004142835732413521
119258,0.02269511697262449
119259,0.047130784245626986
119260,0.002881273535915745
119262,0.025549896619119262
119264,0.006255510953473537
119265,0.003932163932800335
119268,0.03772878967554907
119271,0.1334396995376157
119272,0.005068241617498556
119273,0.06239512634115163
119276,0.0054379787393736305
119282,0.004164332457097177
119285,0.015233196398157489
119287,0.0029254548145389698
119290,0.003299985866556943
119291,0.004406576642004376
119293,0.0034268204891838776
119294,0.007156161349413023
119296,0.03070870764025641
119298,0.004179642213998842
119299,0.0034046827659624888
119300,0.007207495582187543
119301,0.0029240455902850714
119302,0.003719956034465019
119303,0.021630660679409296
119304,0.21967505153319006
119310,0.009574526610870106
119311,0.003578866137370944
119312,0.02931869643519366
119313,0.01640407123355118
119314,0.13195830131333314
119317,0.004162055540261885
119318,0.0030590672259407014
119319,0.03642938920746847
119320,0.14622071505850448
119321,0.0036929462140336275
119322,0.031200867067049626
119323,0.0029283128720417437
119324,0.003962359173654955
119328,0.003143475689570005
119330,0.010545914297221253
119331,0.21276241316669414
119332,0.0033112800538546124
119333,0.0047750542589478084
119340,0.0068013652809015964
119344,0.007508260737556534
119350,0.004247574803077812
119352,0.008389362817967866
119357,0.08986681654384612
119361,0.003715317438466873
119362,0.022312147294518584
119365,0.0038177114149919133
119368,0.004224084688790168
119369,0.005765560725289753
119370,0.004459378013138248
119371,0.15840644174076765
119374,0.004001905321266781
119375,0.007151067548858499
119377,0.16558120673698778
119378,0.03440082691924453
119379,0.03129932310515441
119380,0.016787986367745648
119381,0.005071972086615479
119382,0.008886613996217738
119385,0.04766811832743148
119386,0.060493746658833954
119387,0.11136881120382418
119389,0.020744333160499232
119391,0.4210770876942869
119392,0.010141721317180486
119394,0.00876326870918441
119395,0.09554998843480496
119396,0.013438919434023451
119397,0.10643838495618349
119398,0.012702358487846602
119399,0.02266593403878743
119401,0.0048396275036238084
119403,0.06862892016421432
119405,0.0029481239036809816
119411,0.19874084765749914
119417,0.010538315253723245
119418,0.008449337160062558
119419,0.027292984526712468
119421,0.019874611259994866
119422,0.02668673136243338
119426,0.007271461476068822
119427,0.09326949270853234
119428,0.005360709182367676
119431,0.0030099221904436387
119432,0.0485764277491996
119433,0.005373215679623854
119434,0.0909189814508969
119435,0.05820059144053756
119438,0.19456282289156845
119439,0.03988610940377609
119441,0.010424907492688392
119442,0.005785744148477688
119443,0.0037720413313887652
119445,0.03974142704806698
119448,0.0075522566497731826
119449,0.00363914034999401
119450,0.05926780713791351
119452,0.2012451406454229
119454,0.004852248104228556
119455,0.00440228430983969
119457,0.00514565860502013
119459,0.014940270625122069
119461,0.008701694792069429
119462,0.010385008989857817
119463,0.008066263321274143
119464,0.0029860693270402257
119465,0.0028829389238138312
119467,0.0036653084197817904
119468,0.0033825440420516763
119469,0.12920919679471718
119471,0.003983201486138824
119472,0.015351145006073173
119476,0.004882067855704889
119477,0.01749419356202774
119479,0.05445204360745964
119485,0.0029377344711236137
119486,0.0771659055835458
119487,0.004594038265451024
119488,0.03459537651067348
119489,0.02031730940915769
119491,0.004286272548186434
119493,0.15954925524495547
119494,0.007121604924224645
119498,0.020885551861230835
119499,0.025455132179810686
119501,0.005121131272657747
119503,0.09949639604807047
119506,0.003977106521665086
119511,0.006080360573469212
119512,0.0034505207388737065
119519,0.03794417092113611
119521,0.22267640350787896
119524,0.0041110800625191275
119532,0.09391637306665239
119536,0.005238781865802451
119537,0.004663033408748682
119541,0.03005533523094095
119542,0.013078495551348743
119544,0.009189778163976065
119549,0.06751242499447271
119551,0.045768082521971835
119553,0.0039009116022861723
119558,0.2364664185317529
119561,0.005027120324937636
119562,0.09845426076195708
119564,0.006285651700785793
119565,0.0514097680064822
119567,0.003664983119667294
119568,0.059205457177664275
119569,0.0038968839983444335
119570,0.019163269717846272
119571,0.05279569325514709
119574,0.07116932431060465
119577,0.0102485359555913
119579,0.1371073154722101
119580,0.0232009498875715
119582,0.011005879309959169
119583,0.022333906429145893
119584,0.015172048831797414
119585,0.0064269560407424365
119590,0.002822991515948227
119593,0.005197216443707555
119597,0.037816174582006715
119598,0.008092297796618237
119599,0.033182166339302654
119600,0.005024108328716834
119601,0.04896064315619489
119603,0.003168104001807628
119604,0.003103570388165188
119606,0.008218024594640619
119609,0.007607390849907285
119614,0.002843853807926192
119615,0.13347259378473397
119616,0.032359861342301496
119617,0.00368125314385015
119620,0.02149570746014642
119622,0.007509578654745389
119623,0.03513311134847499
119626,0.00346201030454337
119627,0.00548321936913703
119629,0.034617996313142343
119630,0.0038442255564611278
119633,0.031447721219768646
119636,0.010533425324974286
119638,0.005782295715475665
119642,0.015497858445276107
119643,0.1727560287942314
119644,0.0029703957638979855
119646,0.016412726739203624
119650,0.005567006363276649
119652,0.0039897212774940485
119653,0.02148794265535253
119658,0.0073665602375842755
119661,0.15140075714206358
119662,0.015660018015036654
119664,0.0038939203526465087
119666,0.032849264788453784
119667,0.004207040115525608
119668,0.012202186987243952
119670,0.02981520490810459
119677,0.005040030116764984
119678,0.09522536867071577
119680,0.19033140728411704
119684,0.0040496697692876575
119685,0.016010934699690893
119687,0.014324356519815232
119691,0.01017828416078663
119693,0.003903412241511039
119695,0.00462847943516844
119696,0.027830732254318234
119697,0.032571740729673775
119703,0.01895130069594703
119704,0.0036050680514667435
119706,0.18367374275134107
119708,0.03906641647257054
119711,0.008286963138790121
119712,0.042611593355524044
119717,0.01288279608556351
119718,0.03616254134146844
119721,0.0038550403470936014
119726,0.003671907814563436
119728,0.11015864618582134
119729,0.0070946666518934675
119731,0.006117978178740382
119733,0.015485629397469594
119736,0.005355065233477051
119737,0.009322521619545244
119738,0.015362762409896391
119739,0.0054338081194514895
119740,0.1670088699962863
119742,0.013070710646353607
119743,0.006752915156954499
119744,0.00426783840638837
119747,0.2212387237844557
119748,0.0042355685852437566
119751,0.0029784144737362924
119756,0.06995296092543923
119757,0.015090304461794189
119758,0.0033296586808057027
119759,0.0036108300853897515
119762,0.020254206450703333
119763,0.03029386057339539
119766,0.009771120004395733
119770,0.055879784594462745
119771,0.014988834750578078
119772,0.15652990544860126
119776,0.0036813678467120113
119778,0.029288037966546603
119780,0.007861877116083146
119785,0.007249744302053568
119788,0.049058051639378056
119789,0.0206934165144822
119790,0.036021134168458833
119794,0.005189261651231844
119798,0.0061926316085352
119801,0.13031179612481628
119806,0.1234241776000593
119808,0.021577899224433143
119811,0.004519515946226024
119813,0.005832652478608417
119815,0.03924079668304226
119820,0.015747344833028358
119821,0.026092726083828087
119822,0.014371853425274047
119824,0.016286976416195302
119825,0.005070618669077362
119826,0.008764771876041067
119829,0.006088199488627255
119832,0.011297572467040868
119834,0.0035648276274957624
119842,0.23998188700860676
119848,0.0755116349945869
119849,0.08340703118997879
119850,0.05970833343531568
119852,0.004070352190398171
119853,0.0037693632007558967
119854,0.002929465334365981
119855,0.016838306816380537
119860,0.0033468980715326254
119862,0.013714951405489931
119863,0.15399044825495906
119864,0.03441598946889776
119867,0.009540763556025983
119868,0.04224779194905834
119872,0.02226084160689452
119881,0.0028855443973911836
119882,0.0693236327361195
119883,0.0036926339552277683
119885,0.02504162085199956
119889,0.033549229657763434
119892,0.003248296108399723
119893,0.042528605162959074
119894,0.018710197916081344
119895,0.007217415598869387
119896,0.06503253582114416
119897,0.2466899693807263
119898,0.004074185929324337
119900,0.19519983051572445
119901,0.11368431556101413
119903,0.004483584030677284
119907,0.022128502634985583
119909,0.02247967624493764
119910,0.04728087210489412
119914,0.007414766164308667
119915,0.00803088358792583
119916,0.005560661149752052
119917,0.008692964976313621
119918,0.014242208007370446
119920,0.059469421713380904
119921,0.0890167675760525
119922,0.21088035516530904
119924,0.005615854049938324
119927,0.0030452203476750276
119928,0.025800654766071733
119929,0.1920795882142341
119932,0.05099899430142912
119933,0.016809518139815915
119935,0.004119836247536932
119936,0.015700458239777924
119937,0.14942619605231022
119938,0.00295788659384323
119940,0.01007978861742758
119941,0.07575732065315209
119945,0.011646966694310474
119946,0.18105410552839704
119947,0.026092726083828087
119951,0.0036804378245866567
119954,0.007272209173713719
119960,0.00356899314499103
119964,0.0091739139728736
119965,0.02287814328307267
119970,0.19725003495865523
119972,0.005217685560151345
119977,0.003641651535818489
119978,0.22922243861911276
119980,0.005903200037160867
119981,0.011300874767197018
119982,0.0029000554373494938
119983,0.003351610842595786
119987,0.0069397936448667395
119991,0.011270886877522382
119993,0.030559361253968707
119994,0.010450085752606952
119995,0.0033575612304442763
119997,0.006483066520024851
119999,0.18381183685889976
120002,0.003981005435721587
120003,0.04516263795717534
120005,0.03272627260040269
120006,0.003598860651250297
120007,0.009520816153835855
120009,0.01506549392592694
120010,0.10492690315233048
120013,0.18661448480550413
120015,0.015912120835819478
120016,0.011697682623327618
120017,0.013917258459211112
120018,0.004197094536749772
120019,0.01466804658567441
120021,0.0062907900821449324
120025,0.004343846105865443
120027,0.225855464077078
120030,0.037364990955907576
120031,0.0037735894156322764
120033,0.002955787290645491
120040,0.09631124416800452
120045,0.15234453977699336
120047,0.025040978936628492
120049,0.004215763528793663
120055,0.0036500185508184266
120058,0.026092726083828087
120059,0.003810876693207367
120060,0.08078203508548128
120061,0.003945766441368613
120062,0.015335979465054333
120064,0.007078557180788592
120065,0.006913019011351502
120068,0.006914302351046061
120069,0.01133407226021181
120072,0.008446910768997062
120073,0.003761727495002452
120074,0.003814351685198097
120078,0.04985270129640289
120079,0.0030331329053406336
120080,0.006159108183867806
120081,0.08678687122974037
120083,0.029922494759573467
120087,0.07026189169717453
120088,0.19754204857688987
120089,0.00632308258374865
120090,0.004276168021894704
120091,0.004315427184518309
120094,0.04191651808423349
120095,0.002897506051692392
120097,0.006442554022046181
120098,0.18693545278726778
120100,0.01023065212134884
120101,0.012192212696676788
120102,0.007411588702132345
120106,0.004037628538679022
120108,0.050809187524725755
120110,0.1634506495451434
120111,0.003709896627307669
120112,0.008125705217019457
120113,0.004701514162098791
120114,0.010949512316256198
120115,0.003073365131848228
120117,0.0066778389986218096
120119,0.026092726083828087
120122,0.019778496326606377
120123,0.0034942662492724163
120124,0.0035455831816127085
120125,0.007789082735669128
120128,0.06005373611621258
120130,0.0062290024120186804
120132,0.10167208417861308
120133,0.026092726083828087
120135,0.006387420111413331
120139,0.006658366788451557
120141,0.009800155961551423
120143,0.024142806093811912
120147,0.010456433627607268
120150,0.035844014721292304
120151,0.01774514262844487
120152,0.13396987703274885
120153,0.0338392023799908
120155,0.021319988566315735
120156,0.007390384963693378
120160,0.04199774379607015
120162,0.004153014561351548
120164,0.021713174029217602
120169,0.003535467795194874
120172,0.040922600648425775
120174,0.003947734067142122
120176,0.008439423036618595
120178,0.009948404830431426
120179,0.011948150770426219
120180,0.24882205070787258
120181,0.007651959179731277
120182,0.04387771336024833
120183,0.013708733248252907
120185,0.013712831701625619
120187,0.00802553385811465
120188,0.19711166393435436
120191,0.02185271842573879
120196,0.046987413438045564
120197,0.006658413316894259
120198,0.007020485478711374
120200,0.0038628101457754507
120201,0.022577460355418407
120203,0.010534698418626559
120204,0.036471212248520915
120206,0.0035052496213379574
120208,0.004265888404889335
120209,0.21978885611634202
120210,0.11324836741841963
120213,0.004153235816578344
120215,0.007857196655143388
120217,0.028725517529252266
120219,0.07384613142463665
120221,0.0029426926783902084
120222,0.026092726083828087
120223,0.005942634375559151
120224,0.015435221677085652
120228,0.030435800261575042
120229,0.09027752442442354
120230,0.0037018455966785976
120233,0.004048597205199304
120234,0.01132971856890085
120236,0.11120103514883894
120241,0.023062361560920192
120244,0.003517632461404001
120245,0.009884635398341524
120246,0.002990910802047869
120247,0.016246094433778068
120249,0.038687078165260805
120253,0.0051637558601311355
120254,0.09869530505893588
120256,0.003245778703712828
120257,0.008933975058137554
120265,0.16958842238152425
120266,0.015335758302562027
120267,0.03573584970132891
120269,0.006763748048378936
120272,0.17397268955689135
120273,0.009903019831622464
120276,0.17121391333456498
120277,0.04682273196042337
120279,0.04718145075968904
120280,0.0040579727941367875
120281,0.0804601477435561
120283,0.011916383142311998
120284,0.15899413004544435
120287,0.011854752480073148
120288,0.005258505649845453
120289,0.022407274158435114
120292,0.10274186805475218
120293,0.04006301098201018
120294,0.022113845488172242
120296,0.0866455584666692
120298,0.004240498263787404
120301,0.010796880698711115
120302,0.08858065936554883
120304,0.014407929247901097
120305,0.006538673720239239
120308,0.0034278614477608422
120309,0.00410763351244224
120313,0.026092726083828087
120316,0.04792934321751866
120318,0.004443867426296989
120321,0.013263523992599526
120324,0.0035331662669350547
120325,0.012976282126122113
120328,0.008771765934160868
120331,0.01425205220788555
120334,0.048342790170449415
120335,0.0905608049931748
120337,0.20052124413288563
120338,0.004260346319942089
120340,0.015342077649636894
120343,0.15343035577017608
120344,0.0031304074082198303
120345,0.015360814053389838
120346,0.004838145257380597
120352,0.060026493147847394
120353,0.02157256006541705
120354,0.03561463388343545
120356,0.053057997033931555
120358,0.003591149745120359
120364,0.004123164823893064
120365,0.03834689175813501
120366,0.0168709475630176
120368,0.0037330533651711417
120369,0.016123470835985195
120370,0.011940411600007469
120371,0.008926542999220336
120373,0.2548141212384957
120376,0.007590797660003079
120381,0.0030016128725504415
120382,0.04743937974781082
120383,0.004246728652408504
120385,0.11286254547717015
120386,0.004375216137956363
120388,0.0036364214355511697
120389,0.12043357854928366
120390,0.10667675714353785
120392,0.0036051589429549375
120394,0.005613526217164594
120395,0.015953500190061094
120397,0.06688754645450054
120398,0.03367838341142283
120399,0.0042953298568839905
120400,0.040860810453004305
120401,0.0057341959630469565
120402,0.025706668561217866
120403,0.00989182929870732
120406,0.004412418676755478
120409,0.0035521497444848124
120410,0.04732804292199026
120412,0.006907907696304656
120413,0.1025014135589058
120416,0.003742800667298244
120418,0.002922524725781902
120420,0.19686680071885393
120421,0.03031369456920052
120422,0.01386481044039479
120423,0.035360252244283755
120424,0.01060240247736791
120427,0.00752747336109273
120428,0.007421535120494907
120431,0.008175711477792218
120432,0.01042293006838447
120434,0.03119928865429741
120435,0.019075455349139618
120436,0.007119134873725163
120438,0.004965428630561716
120440,0.02407912623886373
120443,0.016012412665814765
120447,0.02017826641093213
120450,0.05508476609090123
120451,0.14004704130653886
120455,0.012145260370599133
120458,0.06991390533508536
120460,0.1331864335662913
120461,0.025474440473759862
120464,0.018107599667517026
120465,0.00415072273775736
120467,0.20334419316510305
120470,0.00655745443062245
120471,0.030224532813754992
120472,0.016401226730452474
120474,0.08792182449549168
120475,0.034195573332453905
120477,0.008751671843060875
120478,0.013224843524878559
120481,0.02035183429585053
120482,0.04199774379607015
120483,0.0035813242112568795
120484,0.0722080177205784
120485,0.0036080054547915205
120488,0.08085188648453202
120490,0.0029719567148102895
120491,0.03191530470360554
120494,0.12536893174866412
120498,0.004880818127382601
120499,0.007898061728473477
120503,0.0035006647829123982
120504,0.011322880709218056
120506,0.14024733398742928
120507,0.00553280303466399
120511,0.10820916000558847
120514,0.03192268796085325
120515,0.0055372169403461275
120517,0.020511722686373447
120518,0.004202322373567742
120523,0.1647735976680608
120526,0.005948263929350177
120528,0.015091067657658497
120531,0.04240153980617509
120532,0.014421927564428522
120537,0.01206650370670185
120539,0.0035278584174196987
120543,0.015413064809319433
120550,0.004588331294550666
120554,0.022515708979193205
120557,0.003650766164851745
120561,0.002947720567906968
120562,0.007337213715424859
120566,0.01358187904671088
120568,0.21558710397885764
120570,0.027192575477688996
120574,0.033237475892481536
120575,0.0038143553336096275
120576,0.01893276189564035
120581,0.0039028124190459267
120583,0.031939967842259144
120584,0.02913295299451097
120589,0.003854853681124411
120594,0.013807901424612789
120596,0.03260487700465168
120598,0.003583179349539155
120599,0.049611408118686286
120600,0.016959575114073068
120601,0.20497980453691445
120602,0.005856555414128882
120603,0.06711851171980121
120605,0.011590079733622777
120606,0.07343516478688471
120608,0.007901509532245147
120609,0.002932710974063202
120610,0.21150591440211033
120615,0.004702129589181642
120618,0.034028433007624516
120619,0.0031534151116521074
120622,0.05836377978088451
120623,0.035942572334051966
120624,0.07084659833737623
120626,0.1920795882142341
120633,0.03646132481398132
120635,0.014222103374498422
120640,0.015109049457009988
120641,0.10889945282824533
120642,0.01717411274082927
120643,0.0036749412028880056
120644,0.04397751866267199
120645,0.008783123952673602
120647,0.004153040818008536
120648,0.0033165285973219957
120649,0.16271083159207203
120651,0.02349902328835625
120652,0.02779006313612325
120653,0.022165845032930724
120657,0.003513215320779995
120659,0.010344131824310645
120663,0.021592629264276377
120665,0.0032055348363045533
120671,0.04435083792128674
120672,0.0028961416133264782
120674,0.009560939334296331
120676,0.00880162747964001
120677,0.012882796993922094
120678,0.004343631769036841
120679,0.10320353624861858
120681,0.0170241365051079
120684,0.0038476636554043695
120685,0.003868864067280377
120687,0.014182188649834773
120688,0.005556280178808076
120689,0.03635451093763406
120690,0.010214262608873733
120691,0.007241638290992583
120693,0.005468499076788097
120695,0.002980290017293794
120697,0.014838614357039199
120702,0.024198911418931147
120703,0.026092726083828087
120704,0.006161183738128381
120705,0.021656593651164978
120707,0.043163485230574575
120708,0.0761820200762603
120709,0.022856179505270423
120710,0.009585011996487001
120711,0.005689668389032453
120712,0.005195841880340556
120714,0.014090196413584161
120717,0.031230787339640156
120718,0.028839717772721523
120723,0.13515976969689134
120724,0.0036500185508184266
120726,0.030243853127425602
120727,0.0075773649846611795
120728,0.026092726083828087
120729,0.013592160025834493
120730,0.06729880299502712
120731,0.02055704488943072
120732,0.012328595281964984
120733,0.007648935185162424
120735,0.0033139755371238157
120737,0.003776330600519637
120740,0.029628147684448512
120741,0.0038076720029293193
120742,0.021196800593360734
120743,0.004918471045201407
120744,0.009059630032973982
120746,0.0060495941411767415
120747,0.008184386212850581
120748,0.03013150632095024
120749,0.0038842872558870097
120752,0.21352882238024545
120754,0.0029451737353550704
120758,0.01221482784951788
120760,0.005624547340308879
120765,0.01879045174072066
120768,0.0035347715546086432
120769,0.03141627464771244
120771,0.007230931195254931
120774,0.024191261478993236
120777,0.008674265707913551
120779,0.01938054397835323
120780,0.022709679544010503
120782,0.0029840614344799673
120785,0.02073670986853217
120786,0.020404366079369116
120789,0.1863292817400462
120792,0.011697312558148076
120793,0.004753728949083677
120794,0.0037041029044288533
120795,0.06295622485174976
120797,0.026809650437253384
120798,0.003107736543110125
120800,0.019181265044040382
120801,0.032624332857014555
120803,0.14512388669041437
120804,0.04953175518519927
120808,0.004065702590835431
120809,0.10378770077449564
120813,0.015064800546007165
120814,0.012798798415164106
120816,0.00527227585425039
120818,0.23704263979615872
120819,0.0033511857383727926
120822,0.009861162423072342
120823,0.007447630153800756
120825,0.009673315595933235
120826,0.07626061910139936
120827,0.18005695948627992
120828,0.01291611942807081
120829,0.008041401410689366
120830,0.07901906298121103
120831,0.22100625640747146
120832,0.0764562064187209
120834,0.004191646609224259
120835,0.16086740817549305
120836,0.0030171151707607323
120837,0.1035767858419969
120838,0.1222566783551422
120839,0.005221874535712636
120840,0.009845173576422188
120842,0.011695202211248203
120845,0.0031021170700073816
120847,0.03125465599382153
120848,0.039131997234468745
120851,0.0035455806793484954
120852,0.003057646959282571
120855,0.011103515694827829
120856,0.011733732157590583
120858,0.01663628548083406
120859,0.02452801484436247
120861,0.027371951761473723
120864,0.00461119718400298
120865,0.2714132757011218
120870,0.004131963423830726
120873,0.004616819932342254
120878,0.02239451463774104
120879,0.0034706135610278526
120880,0.003556121066719957
120881,0.005392079717804354
120886,0.01584929992246751
120887,0.008442997022278746
120892,0.005778519609847971
120893,0.06225927670713004
120902,0.031007493481934642
120904,0.008001050213071964
120905,0.04381189547611685
120908,0.03192166313002129
120910,0.003825077689657292
120914,0.005147548403626201
120915,0.040609278011076215
120920,0.003991955587444503
120922,0.07966797682172967
120924,0.003987220724404444
120926,0.014707897829838779
120927,0.026847428924488763
120928,0.04702182204725338
120929,0.00551955592897795
120930,0.03838373562043611
120931,0.01398139805450999
120933,0.019455620564167043
120934,0.004553535101652863
120935,0.011692432397760933
120937,0.09595793862639132
120940,0.10301426340789427
120942,0.10978062002308396
120945,0.02804321979984236
120946,0.04472548268759239
120948,0.00861901706524798
120949,0.03594639936320028
120950,0.19711166393435436
120953,0.0033136839769135878
120954,0.006945017996521249
120956,0.029514665918817646
120957,0.004916342285550014
120958,0.0036189869767910663
120961,0.02929668669913065
120965,0.005461646822956627
120969,0.0037188280734952728
120971,0.002908628759083191
120975,0.05681985472428264
120977,0.025040978936628492
120979,0.02106036585087757
120980,0.039253508079661874
120984,0.0037323994126862133
120985,0.016785699432893784
120986,0.0034872885877783016
120989,0.03204529609344612
120993,0.004345997192831162
120994,0.003022839661776941
120996,0.009511645291422916
120997,0.01410780345290776
120998,0.004999093248207028
120999,0.06404425275420053
121004,0.005429896247121581
121005,0.015567483029693812
121006,0.04085189144103983
121012,0.026092726083828087
121014,0.18693545278726778
121016,0.03459537651067348
121017,0.04303595816107787
121018,0.05316800864173494
121020,0.004408580907739583
121021,0.0030462551067490505
121023,0.010247294223728588
121024,0.0068294611819362736
121025,0.0271217076915911
121028,0.09851091561456675
121029,0.0037768485510809276
121031,0.015606515726720931
121032,0.195363523947264
121035,0.09851064907215076
121036,0.006446227999310237
121038,0.00296076997705421
121039,0.0030807968012659015
121041,0.0035430934275941365
121045,0.01565539196916256
121046,0.04739017977416122
121047,0.0062620594809242895
121052,0.01495712483542875
121053,0.003452968138955292
121056,0.007646546619992913
121057,0.008010663195889141
121058,0.05799926385859361
121059,0.048135560100060586
121061,0.005260504085984294
121063,0.003420495046113614
121064,0.012193646912416886
121066,0.010552919179521558
121067,0.02775211145433231
121068,0.020823302897512407
121071,0.0028921801787129397
121072,0.005537164859055072
121074,0.034930850127236804
121079,0.060864001167856535
121080,0.004978998480108123
121085,0.0071430124954615605
121091,0.014112267023669313
121092,0.23437299674857848
121094,0.024796703457135912
121095,0.02803962404256562
121097,0.0048965917092847954
121101,0.004021430294311497
121102,0.08066832853599636
121105,0.0330032205071415
121106,0.030148819574498
121108,0.003939016232347794
121110,0.011728883069947592
121112,0.0034340439726603354
121113,0.003718131271011349
121114,0.07272898174004831
121115,0.006035695436847435
121116,0.06583934169329868
121118,0.006340296962143092
121120,0.003955903847357211
121123,0.010213716875682774
121127,0.00508428432646105
121132,0.03152074638873576
121134,0.007411193879225581
121135,0.012705812287544868
121136,0.018629761387342868
121138,0.010169821738392
121139,0.022841846827271584
121143,0.08486478413933543
121145,0.003215422159867927
121148,0.11075277657451628
121149,0.02368389953939346
121150,0.09783093580683186
121151,0.008706395547039544
121152,0.13265266363953337
121155,0.16237507694423536
121156,0.011854378697329136
121157,0.1247301926881969
121158,0.186262581546591
121162,0.27629381137776415
121163,0.012515481770410257
121164,0.022041534640016416
121165,0.002932710974063202
121166,0.0090886289259174
121168,0.05108731724807048
121169,0.026092726083828087
121175,0.006897085319724594
121176,0.009903019831622464
121177,0.01652772545092491
121178,0.020903776096145427
121187,0.011881829598293533
121189,0.0037540099962727717
121191,0.0040147555686568725
121193,0.0038811754705281674
121196,0.0033728480008981135
121197,0.00889635793919521
121199,0.0040390475770310874
121200,0.22492168541830587
121201,0.0049289839914894214
121202,0.006914366092253584
121204,0.006318027997737139
121208,0.05868493059920604
121210,0.01152487899660009
121211,0.06837372704163557
121213,0.015408079736597627
121214,0.0032432428458905246
121217,0.011070218131508476
121220,0.0032981705513974455
121221,0.0037591308589024403
121222,0.011723140710517681
121225,0.024838992874615735
121226,0.0033383092160905138
121229,0.009531396736852308
121230,0.013431765292381331
121231,0.004581506812000473
121232,0.04760323760209634
121233,0.015558209303195684
121235,0.002995568707805892
121242,0.012534727524294053
121243,0.0034242585604474106
121244,0.10285429218449842
121245,0.003581853201798897
121246,0.03434251468609091
121250,0.00599454096088255
121253,0.0037694367694789998
121254,0.2241851019136683
121255,0.029542679435031912
121256,0.024712883682424996
121257,0.003276129139367731
121260,0.029396026884950924
121262,0.009442388439476321
121267,0.002902448093169993
121268,0.0029562452086513242
121270,0.030688807847626867
121271,0.033088520836401014
121272,0.038382742354017216
121275,0.00597397118908533
121276,0.005565069528413727
121277,0.004288907540039386
121278,0.015740868815868433
121280,0.05279569325514709
121286,0.0040012865687989695
121288,0.010825427663711133
121290,0.021780751981422354
121291,0.024383561355867823
121292,0.003123521658789401
121294,0.011033902026341727
121297,0.0028741629480740216
121298,0.003359502648417573
121300,0.005308689226439689
121301,0.0060537813914089645
121305,0.0074602293825716945
121306,0.02563140864272985
121307,0.009288398936268682
121311,0.0039439566554838835
121312,0.005656167100701684
121315,0.020598379575071993
121317,0.017741371531487218
121318,0.01007788588929773
121321,0.004302056658985251
121323,0.06658225384720243
121325,0.002892002289968084
121328,0.09385282239187782
121330,0.009166905205810356
121333,0.20060656991536527
121335,0.0051537011664055474
121336,0.005943957396360805
121338,0.0035432507329532033
121340,0.05737387996275768
121341,0.0030646674048810303
121346,0.013191905830372962
121349,0.014640148165579864
121352,0.06256095636891182
121353,0.009008136850251562
121354,0.003515887120756783
121357,0.06662053725984728
121358,0.013563035483385161
121359,0.12866485399271174
121360,0.004482647379993802
121361,0.2568625142487725
121366,0.009264140327469625
121368,0.05950761803347566
121372,0.004770436041759999
121373,0.016526403071080466
121374,0.05279569325514709
121375,0.004519244924658551
121377,0.038003594347140374
121379,0.003939899570671783
121380,0.007584188798297592
121381,0.01847646262745175
121382,0.014876585494051449
121383,0.010227264079306823
121385,0.013042391203512351
121391,0.03839769658991139
121393,0.004378770388803494
121396,0.016002954592599778
121399,0.0031952489159224017
121400,0.015539330908455912
121401,0.02143025958959199
121405,0.01486224067081701
121406,0.012648867824042597
121407,0.04869401639507663
121408,0.222591042251084
121409,0.021037425948528626
121413,0.018789928207985824
121414,0.013009757705241728
121415,0.004359988183661022
121416,0.003528260046316946
121420,0.036799621919871905
121424,0.0028593834969565615
121425,0.020947746101457776
121427,0.004820553491189772
121428,0.007041957918784247
121429,0.004875984066498931
121432,0.0107259116150036
121434,0.010513301599475717
121435,0.011993650676308589
121438,0.002984753728661673
121439,0.0047456647797029725
121441,0.0043070587908717916
121442,0.019623493464388162
121443,0.0033645020485499185
121446,0.00457981937387992
121447,0.013465224376506024
121450,0.003656476897348826
121451,0.07230928577570173
121452,0.004010436894465442
121455,0.04686617413703687
121458,0.02273780574733542
121460,0.00881081056459016
121464,0.0248891947284816
121467,0.014187415624256662
121468,0.003703673560905221
121473,0.04565883971190878
121474,0.0074953665062680065
121476,0.01861362802742811
121478,0.10517579666190585
121479,0.2531387549281256
121481,0.003346923552318278
121484,0.019044274726960745
121485,0.003035625083900236
121486,0.06651862489193404
121487,0.005543005004841561
121489,0.027963217310333476
121490,0.0051632127970407515
121492,0.004593834923111622
121493,0.003270491871824423
121497,0.08812784037902177
121498,0.0275284912266355
121500,0.03307618349689315
121501,0.005415260011001554
121504,0.007073894862476225
121505,0.0068662864516560425
121511,0.013073381338017656
121512,0.007304649252362884
121513,0.11500694087690484
121515,0.012523505511820522
121517,0.062135449930933576
121519,0.03662157431889294
121520,0.1375285821433463
121523,0.0031310997112725496
121524,0.011606477167127222
121525,0.0034874058987407752
121528,0.21688297224709713
121530,0.14290171556914885
121532,0.10605169569386885
121535,0.03322322823313107
121536,0.004730397979536005
121537,0.10344129083672744
121538,0.006912645304750922
121540,0.004427693740504797
121541,0.003798458237035775
121544,0.010518553641646021
121547,0.006028990471379146
121548,0.054148360378839924
121549,0.03434069448795653
121551,0.00407573004443125
121552,0.011857951237128805
121555,0.020978210275067445
121559,0.013075039918981846
121563,0.006908870216862271
121564,0.05175938780170162
121565,0.04834287941641324
121568,0.0038601173411161784
121569,0.00295418674670485
121570,0.012913109265297758
121571,0.010724688503667772
121573,0.0028962002865241918
121576,0.017684545726261925
121577,0.00856950090852988
121579,0.013526327129399239
121580,0.00518816644745592
121582,0.19548161858429836
121587,0.24419837903189587
121588,0.0028858683563942134
121590,0.08237670761747612
121591,0.034473112501438107
121594,0.008353636469555392
121595,0.007238103029763852
121597,0.006286497039868168
121600,0.02248106939858892
121602,0.033801546736196154
121604,0.0031849154690485656
121606,0.007070055765756755
121607,0.07592553438727673
121608,0.017433391586113893
121610,0.004044474656457201
121612,0.006582038422086264
121613,0.003735476605406871
121615,0.004178251822089271
121616,0.01098839645659145
121618,0.011158337198204929
121619,0.0034773506139544725
121620,0.011309954823908229
121621,0.005163766746365375
121622,0.022174300077075677
121624,0.02406841577755734
121626,0.003149762190096727
121627,0.013061037323799365
121628,0.04900644552091878
121629,0.020159521671293083
121630,0.00603268021981885
121633,0.003476099138672069
121636,0.003009312352448813
121638,0.004423574479907526
121639,0.010007391195159174
121641,0.018168868607378562
121643,0.008848503057761744
121646,0.03458562412161575
121649,0.003564404877875554
121650,0.011836922710483202
121653,0.014115961397626935
121655,0.037123782414933124
121657,0.11746192757674756
121659,0.08701324974118843
121660,0.024902646596716257
121662,0.0037377165083749535
121664,0.029340692160339497
121665,0.007303556268638903
121671,0.04660496252512447
121673,0.0860702453224243
121676,0.006464950741938746
121677,0.0038109111941010596
121678,0.026092726083828087
121679,0.06836095523612551
121683,0.006559812330687204
121684,0.21390510526184744
121687,0.012974770795901721
121689,0.24540299556006753
121690,0.24031186003641233
121692,0.005604123358939166
121693,0.0034958889740093345
121696,0.006034712568128971
121698,0.0075340727777498135
121701,0.009160455348108767
121702,0.017441319783988146
121705,0.29537776590564574
121707,0.019775059934342736
121710,0.004216132484874175
121711,0.008730216926890985
121713,0.003974340331461896
121718,0.0028357586076696493
121720,0.003344926796495161
121721,0.028447467207930847
121722,0.07049337408764694
121723,0.004254807162517116
121724,0.019097967366518323
121725,0.0036214801770720257
121729,0.027214009140186866
121731,0.0029063357884439975
121733,0.006762295706306927
121734,0.007702445652218809
121738,0.0038847850397440006
121739,0.0032360349497245213
121743,0.0033544015831965777
121747,0.014258253584898758
121748,0.015627383506472168
121749,0.0514083973605218
121750,0.0029999798144792525
121751,0.0037470258398835726
121757,0.0033608720969134157
121760,0.026087216774281528
121765,0.012831444251566237
121766,0.010103538541950625
121769,0.003618172352057756
121770,0.0072136355950434645
121772,0.0046909562466901575
121774,0.023954382752987884
121775,0.011293750592261108
121776,0.004084116721221021
121778,0.007401398501660356
121779,0.013999500885583263
121780,0.00673676829422837
121781,0.0031864170399408124
121782,0.010857952731140395
121783,0.008779065862761597
121784,0.0144493272094291
121787,0.0049948303056982155
121789,0.01829208117116133
121794,0.0629685106968679
121798,0.1122618073070625
121804,0.012552102701157506
121806,0.060462791609348136
121809,0.20439117161929585
121810,0.013473517738759835
121811,0.01631660816074719
121814,0.02500830397638452
121816,0.003034343380452278
121818,0.1921716384759631
121819,0.02884565763498221
121823,0.01650940544937312
121824,0.03817664612950283
121825,0.09381296737185162
121826,0.11693017256458764
121827,0.08064102123363727
121832,0.11094540549185888
121833,0.07182236000956696
121834,0.010895344734267877
121835,0.019106407356943435
121838,0.003037004116280323
121839,0.10023073485310666
121842,0.015329623906746458
121844,0.016712697709025403
121845,0.006401550254158087
121846,0.018718754571923863
121847,0.12644693387632377
121848,0.0520557278652173
121849,0.0033578137830615907
121850,0.008443685806818469
121852,0.006332798894045926
121853,0.1973495941119234
121854,0.197917980147981
121857,0.004547585277464867
121858,0.005936678773206175
121859,0.004334375288377609
121861,0.003879006799723488
121865,0.006983922664347054
121868,0.02853046592874678
121870,0.01840048651945469
121872,0.028757220051895925
121876,0.07428803710783391
121877,0.03619331272320658
121878,0.008155955065319048
121880,0.12435282085468945
121881,0.05411285698084169
121883,0.017149264659784995
121884,0.0038313148539047743
121885,0.1696861358804694
121887,0.09746232774175015
121888,0.04926737556054686
121892,0.04145691331014685
121894,0.009480652078057445
121897,0.003801901628932602
121899,0.013294226218366895
121900,0.15620550713709572
121901,0.0037691730705665893
121902,0.16121120387006652
121904,0.04572655474507014
121905,0.0029901172950550863
121908,0.06406758698620531
121909,0.004343250141801048
121916,0.003979463517284394
121917,0.003862192017371788
121919,0.026636799281294025
121921,0.004123604809618633
121922,0.004161059132691003
121923,0.06785990841415324
121929,0.0030866991653917407
121933,0.02082594237376287
121939,0.011191643395741772
121941,0.07714453183426241
121942,0.12536893174866412
121943,0.0035741910901966804
121944,0.007850327643245558
121946,0.08925279274195547
121948,0.014177524809834162
121949,0.005063461499018992
121950,0.2237138777330918
121951,0.03965261840934198
121952,0.003041894616623194
121953,0.004197166100369299
121954,0.005038411709914883
121959,0.0036322059405727012
121960,0.00765596406237583
121967,0.022389804041598276
121971,0.0029878173629078976
121972,0.008813596977974313
121973,0.08893214992536923
121976,0.006111097925217989
121979,0.029339495262762097
121980,0.0035396294178803656
121981,0.0036463031582209576
121983,0.28149087784778704
121987,0.004694040263626049
121991,0.019855513888078487
121992,0.00986986166827894
121993,0.0029451737353550704
121994,0.0028894198179848386
121995,0.014133947364604348
121996,0.01644743497129918
122000,0.017231859841815553
122001,0.011083603834763806
122003,0.007654346456876847
122004,0.0038484415517904876
122006,0.004375007321618894
122009,0.3292765747894943
122010,0.026684380242160657
122011,0.002914929218877542
122012,0.0028370216086337574
122013,0.014116320334752883
122014,0.008931108822234057
122015,0.014665889731900491
122017,0.0035540714990632337
122018,0.03974986669410828
122020,0.007350794389026482
122021,0.2173842180692959
122022,0.004271834659029444
122023,0.026092726083828087
122024,0.08177022616563438
122026,0.0038149105167597577
122027,0.013582219193180207
122029,0.005799410010619527
122031,0.010883880442536104
122033,0.01881946446175929
122035,0.14737006258632512
122036,0.2481153401626719
122037,0.010276135221210748
122040,0.005058145002444274
122041,0.05629216851051908
122042,0.14580270647014273
122044,0.004052266919785321
122045,0.0038178168864181636
122047,0.005619545084509867
122049,0.01077526774219187
122050,0.01159019603872309
122054,0.02413364712658654
122055,0.007820805737378471
122057,0.014372289917836425
122058,0.021523603503644406
122059,0.04477999351531354
122060,0.007008731574020291
122061,0.015201267865193898
122062,0.013908523284902595
122063,0.008627013963048578
122064,0.09919645457080899
122066,0.1874530437387234
122069,0.0038742648781038514
122070,0.0036650391977386025
122071,0.03999324333226354
122072,0.003591053081410888
122073,0.015476586452370288
122074,0.0029451737353550704
122077,0.007221730415429174
122080,0.07063415517301845
122082,0.009421425726143389
122083,0.004338082383723829
122086,0.032261282957761366
122087,0.03452649790697734
122088,0.017500998928208847
122089,0.01279698856263018
122090,0.011735643946212125
122092,0.04082150196311245
122093,0.004354343292061111
122095,0.02658018066042763
122096,0.08520303223113106
122097,0.0893758573749658
122098,0.03862702778727357
122102,0.022082697552427064
122103,0.12628190540079193
122104,0.004135040887015523
122105,0.023196918650561893
122109,0.1900743440869086
122111,0.02982319239719315
122112,0.009940860730557688
122113,0.003715644557890816
122116,0.041867173209571014
122120,0.1641294757408107
122122,0.011417811949157848
122123,0.02472235017230453
122125,0.08669375319897357
122126,0.004320510644988769
122127,0.11619541868094886
122129,0.003815147559774694
122130,0.03882289798254569
122134,0.007274071359463006
122135,0.04559823164970034
122136,0.003446672993035435
122137,0.008111430657587954
122138,0.003034146100997252
122139,0.042053959286048125
122140,0.07393249270650595
122143,0.0036340383527390645
122148,0.003409281605613505
122149,0.011526203766925638
122151,0.008990928855267638
122153,0.026092726083828087
122158,0.04618727912376596
122161,0.0065517183744626
122164,0.0060135963845855105
122167,0.10402603605602077
122168,0.006747127814510325
122172,0.009189962069235188
122175,0.037140696842600275
122184,0.014128827534177194
122186,0.21930485110666595
122187,0.008289803821326547
122188,0.009903019831622464
122189,0.005529901985048599
122193,0.018672258717629373
122194,0.032554516291035396
122195,0.03459537651067348
122196,0.03165899058234025
122200,0.024396990248054414
122201,0.039845657181849424
122204,0.005674525290427916
122206,0.01070762002555157
122208,0.00354090335523716
122209,0.00507416360882147
122211,0.05684717525545043
122214,0.007185090823915498
122215,0.003998052542725766
122217,0.009583188125242014
122221,0.01382826563799637
122225,0.0039012991266591532
122226,0.008732683464804127
122227,0.0034556640416649924
122230,0.018306758872444474
122231,0.002928420379850446
122232,0.1627092716873645
122237,0.014708847595358067
122240,0.025637399295536982
122241,0.0037178384701503408
122243,0.0033946667805019636
122245,0.014134800680608376
122246,0.02086607353011815
122247,0.012514862690547567
122248,0.0030626790091401834
122252,0.004179642213998842
122256,0.0045832488977749246
122261,0.1800304554249709
122262,0.062923983019909
122266,0.00510146837084722
122267,0.12555216297450938
122269,0.018527667516249773
122272,0.0038540749909311348
122273,0.06466296355390853
122275,0.015329985111614824
122276,0.003403501294046864
122280,0.1689533422907286
122282,0.003127075217514939
122283,0.00376058558608011
122284,0.03829574520701478
122285,0.012878570082631964
122286,0.004170768035781688
122287,0.005216444680825443
122288,0.002914437020920672
122290,0.0035223029782258017
122294,0.025512834157497173
122295,0.025811832526939305
122296,0.031198048097949047
122297,0.16285751773810808
122298,0.0036651576655744467
122299,0.03137543875906788
122301,0.382915393838594
122303,0.011829408196283081
122305,0.011539572563427131
122307,0.017408707058020004
122309,0.06818836751838349
122310,0.20612521649372767
122316,0.13839273255133233
122318,0.0044418471591718784
122320,0.02842145176279871
122321,0.040847360895824116
122326,0.09997512449941268
122328,0.003514307578157967
122329,0.010519442254039474
122330,0.03163976455366921
122332,0.02699094062974203
122335,0.049869137872576116
122343,0.03911366580870265
122346,0.03992824508997043
122347,0.003970409042757611
122348,0.0033507062627910903
122351,0.004090551866597075
122352,0.009035773770505384
122355,0.008736716020809308
122359,0.00919653261265336
122361,0.06312116311035672
122362,0.05358012851130919
122365,0.004592778774132571
122370,0.005149175724377397
122373,0.003513337271535928
122374,0.005837488706683879
122375,0.045664357083416963
122376,0.01460044160271134
122377,0.008382414182857421
122378,0.014882348934075817
122379,0.015642591675850005
122380,0.0037810402981409766
122381,0.014845719534583763
122384,0.007408698937772978
122386,0.01706590178878107
122389,0.004266463692546345
122390,0.03232947884219347
122391,0.028207801400820062
122394,0.0028874735859648866
122395,0.009569097360048337
122397,0.003229613946322199
122398,0.02553161023733766
122400,0.011322246439117493
122404,0.17717718620238654
122406,0.05924975919811172
122408,0.032249815340811276
122409,0.03459537651067348
122410,0.1708317824473088
122411,0.07890322536647222
122415,0.08641667788917999
122418,0.01378333171280804
122419,0.16343603578362773
122420,0.008704143421697669
122425,0.00293676003022335
122426,0.037005011494179965
122427,0.003718131271011349
122429,0.1592754544743753
122430,0.004487008358229888
122433,0.005146917773110885
122435,0.004999382364114951
122436,0.009423648180235498
122437,0.004322039036328678
122438,0.008570368529022637
122441,0.0032839656581986646
122444,0.002890207764473604
122445,0.007777018413659767
122448,0.005095136120379608
122452,0.12920919679471718
122456,0.006048281237547828
122458,0.0029478976580591377
122461,0.006177718081794815
122464,0.08501780198325855
122466,0.01436475689565824
122467,0.1771974842253553
122468,0.005847378069306078
122469,0.024888175563060846
122470,0.0031342591605667495
122472,0.005364397321264416
122473,0.04052733327899884
122474,0.003197886062766112
122475,0.007604135087565088
122476,0.003948342192110534
122477,0.0036275166695826245
122481,0.0038394898186669447
122482,0.06074851383891406
122483,0.01765949081058475
122484,0.028077340062592313
122485,0.008206936065131508
122486,0.00501845804355361
122489,0.10629616600993118
122490,0.030096886868005223
122491,0.07393249270650595
122493,0.004904352554166097
122495,0.004215665090561952
122496,0.003861736821197665
122497,0.0069397936448667395
122498,0.03576705591011376
122499,0.041210997725071585
122502,0.01106509855964211
122504,0.012265727995951613
122508,0.08925707094128729
122513,0.0330720551918699
122517,0.03764030208796976
122520,0.1712209623502572
122522,0.0035217637328513914
122523,0.004335062353295411
122526,0.006842072131537555
122532,0.0053465727616635265
122537,0.03677234739128062
122539,0.19648132376964186
122542,0.015599822327190767
122545,0.008018666406039114
122546,0.012615536799348405
122548,0.01032561202613919
122549,0.010611043758979945
122552,0.2031772801384915
122557,0.009386560635073813
122560,0.03817958442406239
122563,0.04937208847394587
122564,0.005546774627385757
122566,0.006451575645502421
122567,0.04213141520030014
122568,0.005280618559266858
122570,0.014520872840183064
122571,0.02647316774579853
122572,0.012882604138986288
122574,0.007272375897387658
122575,0.043916099140835815
122577,0.04957442667388433
122578,0.004179642213998842
122580,0.004775278150073502
122581,0.013742917018074802
122583,0.020167585876852436
122584,0.0030293948875164036
122589,0.03469221964592411
122591,0.04015132501441363
122592,0.060601934244079406
122593,0.029903404610323717
122598,0.05906189095224773
122603,0.01027382364187667
122605,0.005868408179611561
122607,0.003520531875103696
122609,0.04550798067206054
122611,0.0037124880473176744
122612,0.0409512094606932
122613,0.004235121319382362
122615,0.01364380419835167
122618,0.005199091996834915
122619,0.00352474308823953
122621,0.09721789011950338
122622,0.003019084617034221
122623,0.0036927287540728243
122624,0.003966497691531101
122625,0.003625668066010913
122627,0.005451564702831175
122633,0.033929032929399354
122634,0.00984864327240325
122637,0.07504864205675608
122639,0.005561248617038383
122640,0.01619845800640306
122643,0.01098600655640484
122644,0.0076063412971375905
122645,0.005633854163703672
122647,0.0038081771070612594
122649,0.00773318018682146
122650,0.0374347155117402
122653,0.009777355588885877
122657,0.023310980705437377
122659,0.10794545228227909
122664,0.02643588972410719
122665,0.003931525501923742
122668,0.0506925795973618
122669,0.04675132726059661
122671,0.002934104378351559
122672,0.01592667828777511
122675,0.16289684358906056
122678,0.08928080719855051
122683,0.026092726083828087
122684,0.003995015793388045
122685,0.20991559735597232
122686,0.013977211218858109
122687,0.22749695704362446
122688,0.003515481303516288
122691,0.0038790828124604074
122693,0.05463870105256833
122696,0.012724123126232795
122697,0.19961882204133805
122700,0.004663840547423331
122701,0.004930247758908974
122703,0.05860134688436552
122707,0.003960499000526946
122709,0.02370847019051369
122710,0.22939651142302034
122713,0.11305444658957815
122715,0.07391253089909153
122718,0.0750641050982807
122719,0.22192957160137647
122722,0.004881984749785402
122723,0.005937139027291477
122727,0.02339824212174369
122731,0.0030392658529557015
122732,0.004810581959866476
122735,0.032030735662577206
122741,0.0642665591274288
122744,0.03689510593545151
122747,0.01872773702790041
122748,0.23296189670085113
122751,0.004617600926206592
122754,0.12222570086167535
122755,0.03184626503541749
122756,0.14949763239903396
122757,0.011873310584976817
122759,0.11437799796513365
122762,0.005524731454938124
122764,0.004206743036236803
122768,0.0142149817453602
122769,0.00876014200818318
122770,0.03118301777006128
122771,0.07690089853572761
122775,0.006696543144078768
122778,0.023579973468314225
122779,0.18246797209984622
122780,0.002914452270293246
122783,0.07682577971782223
122790,0.0032766781284896862
122793,0.05645236464512193
122794,0.004229192011062746
122795,0.012652409576650807
122798,0.00529102841700437
122802,0.0037498974864966467
122803,0.0104872923298063
122810,0.009281607402503186
122811,0.21487753976064955
122812,0.005541037538937144
122815,0.009039558836151752
122817,0.003301386795869719
122818,0.1674277490665676
122819,0.018282057940041462
122820,0.005209865729755448
122821,0.01439563367488361
122822,0.06886998525057952
122828,0.015457455075573981
122829,0.07323190495529272
122830,0.017566519000298573
122831,0.01378339388961078
122833,0.09239429374245733
122834,0.017447368548113247
122836,0.03432331425578495
122840,0.01578526501414984
122843,0.008139320497365704
122850,0.026092726083828087
122851,0.01278811914082956
122852,0.005083082243324696
122853,0.007847558013330045
122855,0.04413129269394235
122856,0.021559327041265425
122860,0.026092726083828087
122861,0.00870178573478424
122862,0.034361137356230476
122863,0.002938545355120252
122870,0.005483125334840591
122872,0.004830286407730102
122873,0.015008884129455988
122874,0.00819629641486909
122876,0.008844438567547032
122877,0.08127084170690857
122879,0.005909384605179784
122881,0.003714682758975152
122882,0.00800517972992083
122886,0.004012920848390685
122887,0.09353775987591531
122891,0.025040978936628492
122892,0.025398822299123824
122894,0.021679355038449005
122896,0.1708317824473088
122898,0.08832515118975062
122900,0.2864914038615646
122901,0.011140689608884397
122903,0.008078505015994665
122908,0.008904271214077487
122910,0.022779357853380613
122911,0.0036941663810170686
122913,0.006857049937147709
122914,0.026137886343734734
122915,0.004049374527439636
122916,0.0184986744765581
122919,0.004418557852529683
122921,0.009875587778026433
122922,0.006947485366359626
122927,0.0034504163089751905
122929,0.03137348107935229
122930,0.006818685263135172
122932,0.042534857177577844
122934,0.003588257150585951
122935,0.025194941350462224
122936,0.007802344063770547
122938,0.005133948323995442
122940,0.003637672013200822
122942,0.06119913960221213
122944,0.03626187568741207
122946,0.03563473398931717
122947,0.0037336352026389004
122948,0.01628050702124622
122949,0.19306523692150887
122950,0.028684850515866056
122951,0.032559064512049034
122952,0.027193335129440572
122954,0.01875379280340231
122955,0.2511096339964135
122958,0.007148104735214317
122962,0.008218024594640619
122965,0.00397842409125575
122966,0.04037028982955263
122967,0.006452949172582943
122971,0.011718531990085861
122972,0.008155449575449178
122973,0.28677669299170544
122975,0.004397678457178279
122976,0.0033808934515159707
122978,0.009031594956650587
122979,0.1934647707389905
122983,0.0412760096674921
122984,0.03513427149724009
122985,0.006065980843704468
122986,0.0038550403470936014
122988,0.004093201619169858
122995,0.015584830798818174
122998,0.144899147146484
122999,0.0318238259728826
123004,0.010126266805238015
123005,0.02301362235512829
123006,0.009290853573142615
123010,0.2891726175543706
123013,0.03668666470998526
123014,0.04087579133964057
123020,0.009399683617306878
123022,0.005300051386977927
123023,0.005572642824888059
123025,0.04144921215194428
123030,0.004057629322030345
123033,0.0037929551607428645
123034,0.19874084765749914
123035,0.02185173397852578
123037,0.03888968223702257
123038,0.031230714805856687
123047,0.040684113356091546
123048,0.008351009478476728
123049,0.16169537924684552
123051,0.009386269617977522
123052,0.0396174458169273
123055,0.0057849463269011945
123057,0.00847634884647082
123058,0.05683563986989706
123060,0.004627660426386901
123061,0.007185792764365358
123064,0.003439931140954277
123066,0.0036947244423086337
123068,0.01891178859319538
123069,0.012575833118968805
123071,0.008178085730129174
123073,0.04075673252977298
123074,0.0037470258398835726
123075,0.03459537651067348
123079,0.005838075033460524
123080,0.10679402209771693
123081,0.11184476848299632
123082,0.2725486171021335
123087,0.0034994283691625
123088,0.08863861515437645
123089,0.0147151490211264
123090,0.003155930068380404
123091,0.0034525657855414456
123094,0.01528741788634529
123095,0.01601024570006229
123099,0.00418682945821185
123100,0.01651002071073143
123102,0.03083989904960366
123103,0.005464170707733633
123105,0.011044192437361856
123109,0.006900554259126317
123110,0.07192581278721992
123112,0.17533465056353995
123113,0.005628887775010375
123114,0.0030099190033361506
123115,0.11378936050239494
123118,0.003301876071176962
123120,0.0386460135003929
123123,0.1973495941119234
123124,0.015013791221182992
123125,0.15454497075486137
123126,0.009291516607183404
123127,0.00788039438159679
123128,0.006473914895005338
123129,0.006751545550967783
123130,0.0230784292011786
123132,0.04859183816919873
123134,0.0030151867045493104
123135,0.009247830568070744
123136,0.04514724774144953
123138,0.004197019837499945
123139,0.0043493207302506805
123141,0.21954929319576863
123143,0.04199774379607015
123144,0.003324019610088263
123151,0.022436421909136813
123155,0.006912413745351347
123156,0.003441313169735896
123158,0.005417500136235138
123159,0.003699939831675004
123160,0.13199248632855698
123164,0.00970297784063109
123165,0.04934306080430832
123167,0.0501819792105698
123168,0.0058815024389198296
123173,0.02424914101994165
123174,0.0035038120475026583
123177,0.0039976618967896855
123178,0.02201896569540839
123179,0.009194619064913014
123180,0.26927810753943393
123185,0.10701118145431358
123187,0.013007738420110406
123188,0.01413204866933153
123189,0.06215389375701254
123191,0.06420217410477397
123192,0.18722257724701463
123195,0.043803519937619176
123197,0.16291808836959923
123198,0.04708564515520083
123200,0.028177795601380482
123201,0.015371351153753697
123204,0.0035191418530279225
123206,0.003766839497239955
123207,0.0037036104464791887
123208,0.014764499560949287
123211,0.16181036360447645
123212,0.0032373888548210667
123213,0.005374823660264729
123217,0.0034125271796319047
123220,0.02148170550148628
123221,0.006030428101609515
123223,0.14475982811790875
123226,0.007469967684540544
123227,0.03422941329515295
123228,0.07426959493660484
123233,0.004026558458908473
123234,0.0038207419483054566
123235,0.008586893228460032
123236,0.00612342670221188
123237,0.004408318795606902
123238,0.021965220692916537
123239,0.013522388367609732
123241,0.04199774379607015
123242,0.005558308892204153
123244,0.009006764452091165
123246,0.021262011883818467
123249,0.010253194080093493
123251,0.023329541275295226
123253,0.002864181389653681
123256,0.04252897243913497
123257,0.020670346227383816
123258,0.010553912000634899
123260,0.0040992481265333695
123262,0.06975794019390212
123264,0.06411129902231928
123265,0.004030163493423744
123266,0.00966129822765643
123267,0.005177888360521686
123269,0.030310537553669782
123270,0.004479671711655723
123271,0.13363971542092984
123274,0.06498889458560536
123276,0.004364158254109233
123279,0.004770117482585823
123280,0.05213031909663217
123281,0.004626363067557298
123288,0.011637424590433609
123289,0.0034749238395504114
123290,0.06312541509463755
123291,0.11630045211172549
123293,0.04420745674813995
123294,0.002831078367222252
123298,0.04710979755460385
123302,0.01688867016151256
123308,0.007853240112223915
123309,0.21468827052083503
123310,0.011889476132876645
123315,0.028661369614783657
123322,0.04726955354576549
123324,0.004995630527720341
123325,0.015357421106420978
123330,0.013044409111841094
123331,0.005939149208403182
123332,0.005732450865186581
123333,0.00308915953272728
123336,0.007198463092204215
123338,0.2530604134233286
123340,0.0028716245082845288
123341,0.003600244065205022
123342,0.009400534886940714
123344,0.008286311140035512
123345,0.013625915249382151
123346,0.0033211737859249447
123347,0.2599267940844892
123348,0.020134739573738666
123350,0.018243217939393715
123354,0.041143670499607744
123356,0.27839577910202584
123359,0.01020531379424465
123360,0.004575787426483143
123361,0.06824710395575546
123363,0.007969638769073856
123365,0.004454406613955686
123370,0.498046781496997
123371,0.03308037091364729
123373,0.005348201750873055
123375,0.01088406746936118
123376,0.0043164596557967476
123377,0.004835413761951195
123379,0.004128499415439818
123381,0.03732475827800167
123382,0.01800960843635011
123383,0.04474461755565139
123385,0.0029838855677190245
123387,0.007498403108978433
123389,0.0034773506139544725
123394,0.006341818632241787
123398,0.0763874496292805
123399,0.003463807115278635
123400,0.01413187405802094
123403,0.02000277068393195
123404,0.011733189743373605
123406,0.03459537651067348
123409,0.0038489514378732387
123410,0.008544749237279615
123411,0.0028511571899104706
123412,0.036039656976930914
123414,0.07116907787211242
123423,0.006350722634662952
123424,0.03144971589892021
123425,0.03064731041836549
123426,0.0036144615994769666
123428,0.057390885767762655
123429,0.009878036104492177
123431,0.009712718939023073
123433,0.033047787587029226
123435,0.05358246112415028
123438,0.1735718617042917
123440,0.018677611745203156
123443,0.006692552526291164
123444,0.18758806699744615
123446,0.21513597390519026
123447,0.04439255691328651
123448,0.03137879629284463
123449,0.25835550621746844
123450,0.0028829383470949277
123452,0.0038604960210558356
123453,0.006370513654566962
123455,0.09934032487200142
123456,0.0053649538976433065
123457,0.0037792875806462187
123459,0.0257936911137095
123460,0.0156184652220251
123461,0.0042302446014833755
123463,0.008794714959111919
123464,0.0037326244865393795
123465,0.00792246687586388
123467,0.0028637702941398404
123468,0.0039660048996083734
123469,0.15509915791253492
123470,0.004288524453046175
123473,0.00367383472215683
123474,0.008478588163702235
123480,0.024849435456199602
123481,0.08776179999103785
123483,0.027464608284837818
123486,0.007521065737149428
123491,0.003597432139484292
123492,0.008961342409320765
123495,0.02231192517151003
123497,0.0039144791468556156
123502,0.004541135903331065
123505,0.011472875270660335
123506,0.023041534907015923
123508,0.015523565335886462
123509,0.022288797650746317
123512,0.010609084266227429
123513,0.03885484732213179
123514,0.033103392630982754
123515,0.09591030885742675
123516,0.00483201572446337
123519,0.09559247883315242
123520,0.004731186406819623
123521,0.023262226599418397
123523,0.007380176378571585
123524,0.008405984345999672
123527,0.09537397915637844
123528,0.05520377516319711
123531,0.08944673925693039
123538,0.020207578488058146
123539,0.03475616940842699
123545,0.17121391333456498
123546,0.10686863506654773
123548,0.03433495845532366
123551,0.003860692691683229
123552,0.009201448035058206
123554,0.010870388399459129
123555,0.01515132461133862
123556,0.0030549613973922906
123557,0.03611967313236175
123561,0.10454584060556794
123563,0.005455038483287407
123569,0.026092726083828087
123570,0.1920795882142341
123574,0.010919596433550251
123575,0.014393627126792518
123576,0.00815506409199712
123581,0.012843671384047297
123583,0.00409943917780513
123584,0.05453561591988755
123586,0.009482731238992832
123588,0.008480395012254907
123589,0.00661496257394616
123591,0.01515129847999164
123592,0.06830845716498392
123593,0.13219621659870606
123596,0.003527001984927409
123597,0.004812757627410333
123598,0.053271682422714114
123599,0.010711267426478554
123600,0.0034228073283551668
123601,0.009400834713691738
123602,0.035893394618252326
123603,0.013292463995504723
123604,0.006946154999094772
123605,0.0042420134675718365
123606,0.0427409985000447
123607,0.010172730572405624
123608,0.0987028369827807
123610,0.002885921615901898
123613,0.003584851490529185
123614,0.007954728252548815
123615,0.012863340593053881
123618,0.060231289174515444
123619,0.04427491487060765
123623,0.015080275288724068
123624,0.09930950478145502
123625,0.04658266986222139
123627,0.03220586454944764
123628,0.06768879381405918
123629,0.024268084747332594
123630,0.004454289187282848
123631,0.03560142177229043
123632,0.1723130156475042
123635,0.003042741724966878
123636,0.0350749247808107
123637,0.0033442214926478597
123638,0.00416696804061578
123639,0.04694193031822554
123641,0.050793559998096004
123644,0.005326582952636519
123646,0.08068978661787032
123647,0.028876176551980673
123651,0.03828310388998694
123655,0.008220426901372946
123658,0.12880172902698905
123660,0.008082971066516769
123663,0.005373295823466261
123666,0.012902331825570547
123667,0.0037538200882288922
123668,0.020757133444750383
123669,0.07641053493956208
123674,0.0029457160712911376
123677,0.003902249494103305
123679,0.033330799756060986
123681,0.0029354221741267404
123682,0.002967238526388044
123683,0.0032828248314533265
123684,0.07592786342285898
123686,0.0162177180191244
123687,0.16079502461487954
123689,0.2130622212409043
123691,0.014415525550845007
123692,0.1736493097781073
123699,0.012882035649047238
123700,0.003923663722281234
123701,0.0877458920042728
123704,0.004176671653965159
123705,0.026092726083828087
123706,0.011532271525811655
123707,0.004399735065460835
123709,0.020912570861688653
123710,0.015487687995243818
123711,0.013105418210340747
123712,0.09323289522993591
123713,0.07464489979405073
123714,0.01591801512259627
123716,0.015656934551346167
123717,0.02475470971731257
123718,0.1901975138098663
123722,0.050832726571177524
123724,0.005793388466263711
123725,0.07897542251177152
123728,0.044612512196807
123730,0.004955464523022996
123731,0.004089649872744687
123738,0.0029771674223464024
123740,0.03925223306038953
123741,0.003638564766463247
123742,0.009169422801035087
123743,0.00400511458527039
123746,0.16366954071183493
123750,0.0035084863376621746
123752,0.01931866901039642
123754,0.012687369036498398
123756,0.10792125867418995
123757,0.00410109546495565
123760,0.006930778930391487
123762,0.014202066489707817
123763,0.019103299126922515
123764,0.004672947146060225
123766,0.004211597002763632
123769,0.009008510285500091
123772,0.00842471345485484
123780,0.004144219178538335
123783,0.038747632179764735
123785,0.009632574089304888
123787,0.005603684847376489
123789,0.02107732700953107
123790,0.01024426576409122
123791,0.10431736862174898
123792,0.04387132020847896
123793,0.09930912802881452
123797,0.05515935795789795
123798,0.003843544019639282
123800,0.0046272736512282045
123801,0.014784799746306108
123802,0.005965734299361804
123803,0.023550716399883747
123804,0.012171006240271589
123806,0.014420996587367202
123813,0.04571743172449875
123814,0.06323879246413062
123815,0.014857723437091512
123819,0.026092726083828087
123820,0.004388898851280653
123822,0.006591498919165001
123823,0.0032596691604614733
123824,0.12662565229219885
123825,0.10232894503632502
123826,0.03423678505079454
123827,0.051001450574275894
123830,0.01603248610475014
123831,0.07923830595330539
123833,0.12680805268923703
123836,0.007476569350323255
123842,0.004040523723216686
123844,0.020909365467030736
123846,0.025540657182641188
123847,0.0710847463433047
123849,0.011360975852887239
123853,0.0037367423570884104
123857,0.00423820633993145
123859,0.04567962320514182
123860,0.004245140731665647
123861,0.008771116492337501
123862,0.002893393733849841
123866,0.008719096997772043
123867,0.008599663656246724
123868,0.05111426297634374
123869,0.006149717302595334
123870,0.003646536089908035
123872,0.010247279033883805
123874,0.003038867367521223
123875,0.2721606591658384
123877,0.004427580530082607
123880,0.015274929011444066
123881,0.025041460341729646
123883,0.22709278098138222
123884,0.004889247160791904
123887,0.030360236903622623
123888,0.007675629275146664
123889,0.02277385616072204
123890,0.008917964337246538
123895,0.0069071833114252015
123897,0.003729037568414929
123898,0.11754578170631669
123899,0.016660295599168477
123900,0.1015265614009209
123902,0.023436563790846764
123903,0.0037678739723059494
123904,0.004592066061538584
123906,0.0029787429472698016
123907,0.0063217870096500955
123908,0.003126401009051552
123909,0.23073509466523753
123911,0.00403888355583715
123913,0.0031097446618475856
123916,0.017151669911968898
123917,0.037707174987892465
123918,0.02568795203720212
123919,0.011906851854926561
123920,0.12310322436032095
123921,0.008566122883531204
123926,0.025335519828430825
123927,0.0029639564179202325
123928,0.0540496923182451
123931,0.019339207615452363
123932,0.16922623748346693
123935,0.022384488018861653
123938,0.02241969141451442
123939,0.004641295083654853
123940,0.17364165507133458
123943,0.0034504753321099005
123944,0.1848240400611871
123945,0.008751784706766685
123949,0.3302557413469812
123950,0.01894647637804686
123952,0.005406614631683653
123953,0.0034997212851310025
123954,0.006653071671102056
123955,0.07736740405905551
123959,0.005560039783174763
123960,0.007224734372819161
123966,0.05146685687048
123967,0.006517033216641027
123971,0.1036422219283612
123972,0.0038555080283450218
123975,0.012679072915094671
123977,0.005644909488735131
123978,0.010441789879275102
123979,0.0033350343612948436
123980,0.007214499130740326
123981,0.07329214523755039
123982,0.0028750320383945684
123987,0.004416576976369922
123988,0.005150953392865454
123989,0.0030137835705862964
123991,0.004300155586916811
123993,0.08077429438169226
123995,0.009890759929013886
123996,0.0175850695941923
123998,0.010078673482234306
123999,0.06948240230424596
124001,0.044496589673630585
124002,0.203921912460003
124004,0.003920200033759972
124005,0.011834649847020526
124007,0.04925687845244405
124008,0.007935896402411846
124010,0.005008130117139786
124012,0.012833394245934136
124013,0.08083370907256633
124015,0.008326177700821034
124017,0.07575732065315209
124023,0.006451121574460919
124025,0.030334461442803894
124026,0.013826928444325214
124027,0.02024591105997886
124028,0.015240725286481677
124029,0.024707928081984774
124030,0.028915463478098175
124032,0.010237752765447425
124033,0.0058777500359209044
124035,0.014935214809379418
124036,0.031903947185944005
124040,0.05197723470464461
124049,0.06931310559527529
124052,0.004111463963059305
124055,0.004984774796106862
124056,0.01413203566957043
124057,0.08842082875018722
124059,0.002888003761877942
124060,0.06291848826228225
124063,0.003732252113608893
124064,0.22192713567841377
124065,0.003802172602154658
124072,0.27314232922255727
124073,0.06800284844854342
124074,0.08220707713708335
124078,0.003241337809879357
124079,0.095986708869505
124081,0.01729456420036048
124083,0.003952513687552056
124084,0.006726720379584918
124085,0.015578137143098343
124087,0.021602011229918585
124088,0.02397869513486813
124089,0.1004377060293192
124090,0.020991405444919342
124094,0.20497980453691445
124095,0.26632007102839866
124096,0.034033212755052444
124097,0.0033474527264779484
124098,0.002907992289822752
124099,0.00849268748958561
124103,0.05427664178134304
124105,0.036489397810366565
124106,0.00717355729216441
124108,0.005689014078760882
124110,0.008767053791360765
124111,0.003600195307610311
124114,0.03947560522823717
124115,0.10768858334941886
124117,0.08361159039238202
124118,0.00699726293213865
124119,0.01059337328617971
124121,0.029778786021811998
124125,0.0035358000496455697
124127,0.002882752013648642
124129,0.010533515343938673
124133,0.03972499986734111
124134,0.019623696292624847
124136,0.0029435345198087015
124137,0.003581964568812587
124138,0.004431803710197218
124139,0.0037943023445854264
124147,0.006898269565646621
124148,0.008263028156412673
124150,0.004074205098097614
124151,0.04664107228816091
124153,0.009011710238562606
124155,0.05457128954739873
124157,0.0271089460827411
124158,0.03938593900122644
124159,0.003266614327223763
124160,0.0028466678244536215
124162,0.011323154717911916
124163,0.011292638389323349
124164,0.007674175379908046
124165,0.005989589489884645
124167,0.014417133161434404
124168,0.02253573508899416
124170,0.013848451265110797
124172,0.008763058560692458
124178,0.08766489152015089
124180,0.003800524245514853
124181,0.027085723055114405
124183,0.15719917010470466
124184,0.1017637105546928
124185,0.006246901368124961
124187,0.005329121312001816
124188,0.07601448858375366
124191,0.21055303221686567
124192,0.005499686258310763
124194,0.009257678494076063
124196,0.03858309184363862
124198,0.032099786491506126
124199,0.003966013364424842
124200,0.008780008021542753
124201,0.0789687265821919
124202,0.03681417024558053
124203,0.004574480002730036
124204,0.04597169789119561
124205,0.029491924802940935
124207,0.0047438199895669326
124209,0.016653011895514866
124213,0.008974715623267713
124214,0.007366402491548212
124215,0.025515925326039225
124216,0.13743653809846898
124217,0.0146013645219483
124219,0.010229144707454835
124222,0.1116236800289681
124224,0.04784696297415721
124225,0.21988399114123594
124226,0.10020445792022915
124231,0.010536780520700121
124232,0.024262140337859037
124233,0.00900499409657151
124237,0.015007400757340961
124238,0.05516243778863386
124240,0.003830104570195828
124247,0.04892970331394363
124248,0.03459537651067348
124250,0.006120787143261384
124252,0.009386226437766584
124255,0.014675331716832671
124256,0.004617108865213052
124258,0.08378195633608282
124259,0.0035378686324014923
124261,0.23058614352642556
124263,0.002838561044947868
124265,0.0037414683969656955
124266,0.07575732065315209
124268,0.2047576605145419
124269,0.18701143131087083
124274,0.0031821198953557884
124275,0.04094403010461437
124276,0.0035250722211687714
124277,0.005327276027291953
124278,0.03491717268395863
124280,0.0289073648547212
124283,0.030150703523213317
124284,0.0030513228067264807
124286,0.006748848391516788
124288,0.025297348716479266
124289,0.007185090823915498
124291,0.0029322228095225444
124292,0.026092726083828087
124294,0.01944695226760435
124295,0.040237845433383435
124296,0.01263680462224491
124297,0.07445369139480879
124298,0.042402861445133014
124303,0.05400435226134289
124305,0.03585002530388937
124306,0.007745630859265074
124307,0.010290001585201648
124308,0.023516293781635268
124314,0.017097851621173204
124315,0.15652990544860126
124317,0.005992211498008775
124321,0.024355433063013406
124322,0.021870988635575753
124325,0.010553303398815746
124327,0.02381012470988589
124328,0.06982781064125017
124329,0.13761574239297963
124331,0.038200539305504634
124332,0.012951991706731966
124335,0.01399781304426306
124336,0.0032594000781655907
124337,0.0047886461521712866
124339,0.007730031654448144
124340,0.003631244302885948
124341,0.009351070014157947
124345,0.22086760704311315
124349,0.003728847298718899
124353,0.003549174318516737
124354,0.0040749772633330815
124355,0.024309531940884806
124356,0.08030145339597164
124359,0.007013478390507586
124360,0.010140389899790457
124361,0.003784878063372612
124362,0.01065815229221132
124363,0.07385066057183483
124365,0.018863538986489462
124368,0.028686698864074767
124369,0.10618387582370065
124370,0.03740761130210783
124371,0.0030259649115126305
124374,0.0029561490723636744
124375,0.006560565822910298
124381,0.005022201620046809
124382,0.07198914960459504
124384,0.0058011935422190505
124385,0.030991951696876692
124386,0.1708317824473088
124387,0.009896329118050676
124388,0.0663237606531846
124393,0.05850151767775217
124394,0.03582255850771013
124396,0.00367740841691684
124397,0.004183646814016959
124398,0.09260432438499769
124399,0.004081507455764281
124400,0.3520345753118435
124406,0.004758470804851614
124407,0.04247650576285247
124410,0.0032908687755586236
124411,0.0035435531412038
124414,0.015606374961433713
124416,0.17920011918610254
124418,0.0064553583520557106
124421,0.009803990361051748
124425,0.004922956389892506
124426,0.003479721279139202
124429,0.011697648359138587
124430,0.012926161863803921
124431,0.0238739238005812
124434,0.036243184902799826
124438,0.005999602030691732
124439,0.006448208049766098
124440,0.005450805659011928
124444,0.009871939197887855
124445,0.14671465234942915
124446,0.008477626259736618
124449,0.17077363652760394
124450,0.009011581310799405
124451,0.037742266022583744
124455,0.010130314026697236
124456,0.0031474601510951107
124457,0.006747127814510325
124462,0.010205719671693838
124464,0.04610182909036178
124469,0.006657784212682165
124470,0.0058977135326111745
124472,0.2407186233976567
124473,0.14737006258632512
124478,0.022632170029071506
124479,0.20541130210865738
124481,0.17805659630578818
124482,0.18574149653696284
124483,0.003631967630727061
124486,0.04980083779349383
124487,0.19874084765749914
124491,0.0042022660070897295
124492,0.18792230172379262
124493,0.2354590442156916
124494,0.0496226685189612
124497,0.026092726083828087
124501,0.003929888109888099
124502,0.015648774842115062
124504,0.02959639517954707
124505,0.03426535184792703
124506,0.06380926894516992
124508,0.005826141896513615
124509,0.003757347181782848
124512,0.005669515106737772
124516,0.0901862322220708
124517,0.009895306213865633
124519,0.003933700187371423
124520,0.02867062307774902
124522,0.09437846606490527
124527,0.008815905820421887
124528,0.01320111980805085
124529,0.0030293948875164036
124531,0.003575368583146639
124533,0.0029241989439008275
124538,0.010073661918164754
124539,0.23014370361521458
124540,0.03530636131650924
124541,0.03853328142681508
124542,0.0035018915385289615
124544,0.0035696541171755278
124546,0.07132937943800347
124549,0.11703679089731737
124550,0.11543497670766374
124552,0.004327110222609261
124553,0.03526854608065772
124555,0.003711140223327335
124558,0.0036329370352697985
124559,0.005784647104980964
124564,0.008374806176178503
124565,0.003761900964210658
124569,0.026092726083828087
124570,0.003552790281081511
124573,0.026667127856453497
124575,0.08268932019932615
124576,0.03648941537369006
124577,0.053616402463494396
124580,0.009161607473708016
124581,0.005530536279952899
124583,0.010511526308365582
124585,0.011441512620294816
124587,0.012166119360874673
124588,0.010289823124821072
124590,0.0028832018740796075
124591,0.0035797801019648045
124597,0.05753351836141369
124598,0.01707804543237693
124599,0.047107791952328296
124600,0.025264321095521486
124601,0.01540784873325867
124602,0.01546404899187177
124603,0.0057540921903534836
124604,0.007136651718462802
124607,0.0038217614556352135
124609,0.02176136219892445
124611,0.03632476460392699
124612,0.19984745882839722
124613,0.0037682640040560453
124619,0.00829615040626635
124624,0.0042620010145186715
124625,0.00864860047296242
124627,0.012878497435262478
124629,0.015408223765114092
124632,0.0398533722935554
124633,0.0059893695937058376
124634,0.0254783196153714
124636,0.006905819628393902
124637,0.005215088403926375
124639,0.035733456314127665
124640,0.10264721416982531
124643,0.23042737712889103
124647,0.005234702096951427
124649,0.0034636983909400185
124650,0.015783274812499314
124651,0.0036791114527500945
124658,0.007607390849907285
124661,0.0032054173343868883
124662,0.009597866494523521
124668,0.005786347794551296
124670,0.014989567707674808
124672,0.08200036813571465
124675,0.03718808058704405
124677,0.013593211036468641
124678,0.04918716699395266
124685,0.028046670665581325
124686,0.12632158108612837
124687,0.03127875446756398
124690,0.00637506480536685
124691,0.21722759185400783
124692,0.006786717183060222
124693,0.00568780270524424
124696,0.044312461641718655
124697,0.004931930381951838
124699,0.0031595020741295296
124702,0.03436158571405878
124703,0.004538952406218377
124704,0.005609270064507595
124706,0.005411828035672962
124708,0.013462688388639392
124709,0.0059762674867042545
124710,0.08080125115458531
124711,0.015655684642650845
124712,0.01789757891473024
124714,0.20033640660769877
124721,0.003922248085919698
124722,0.034620393629530635
124723,0.059954262562863486
124728,0.013715098269880722
124729,0.01752391300310968
124732,0.022064245127084586
124733,0.003532167968965301
124734,0.005265323527748734
124735,0.005458440857204237
124736,0.15492018684895528
124738,0.0033817948119991927
124739,0.003539519503688296
124741,0.11533715537018675
124742,0.034238715681547384
124744,0.07363652927665609
124745,0.006183984808689038
124746,0.02926724081327477
124750,0.2181149184360144
124751,0.006055105318674677
124752,0.013732342850343176
124755,0.003572985347006374
124756,0.015104611383338363
124758,0.03261739468307815
124759,0.04199774379607015
124765,0.018539627113097486
124767,0.003932270189889108
124768,0.014134723120534515
124770,0.024012452781828
124771,0.009583453662991872
124773,0.07519449858215305
124780,0.00296599618632518
124784,0.01755042919724475
124788,0.008263028156412673
124789,0.0672670135800772
124790,0.07435440413379216
124791,0.003926387802111683
124794,0.004707754040297906
124797,0.012761231700928636
124799,0.03094429259792753
124802,0.0029437900063710503
124803,0.02970327613400133
124805,0.05092541636574846
124806,0.009617775857306336
124807,0.03169804795241577
124808,0.011733880820627688
124810,0.01214901799457251
124813,0.0437945231276769
124814,0.019877498399588855
124818,0.004288611336664801
124819,0.0039423066661100695
124825,0.1050331507843578
124828,0.004621219715896794
124829,0.003565614576562009
124830,0.010830073087589332
124834,0.034324917113007516
124836,0.002933674738104511
124841,0.026092726083828087
124842,0.004022673456541883
124843,0.00664655456497407
124844,0.002846050336249603
124847,0.03206454470067479
124850,0.017673187849323226
124851,0.003519185832199345
124853,0.0036659477021511043
124855,0.023038890534325437
124856,0.0792350792275946
124859,0.007464163211511145
124862,0.0029911646080344394
124865,0.016421302576422922
124866,0.027131348177825955
124868,0.05683563986989706
124870,0.07528207448117001
124873,0.026403059586763405
124874,0.003711556686713361
124875,0.007884211459685776
124877,0.07249129957838174
124878,0.009031718277963494
124879,0.004869954511948009
124883,0.003955530948559341
124884,0.012737982114825406
124885,0.005733718000940151
124888,0.1712209623502572
124892,0.02984059790991803
124893,0.32290396110960634
124894,0.010349366056692516
124896,0.010285608322119487
124902,0.006587212687713744
124905,0.0038674994383556907
124906,0.0053565693196773395
124913,0.15125231304208242
124914,0.01958323624898636
124922,0.01198476489883737
124923,0.004392220798824496
124925,0.08966783527574239
124926,0.010142661086223366
124927,0.00368633561208034
124928,0.04370146580973441
124930,0.007891866245084875
124932,0.07432614082970208
124933,0.05801265802426847
124934,0.0033661111361218653
124935,0.07531882258465994
124938,0.00375861626304249
124940,0.04345346260286227
124941,0.02459322367807501
124942,0.004898913931475899
124943,0.005436476819264504
124944,0.01548737496735711
124949,0.0035648819298067878
124950,0.010172773993556846
124951,0.033747318708792856
124952,0.012884049579419514
124954,0.11796062678706813
124955,0.006319372772234648
124957,0.007275177260504015
124958,0.0041251015836687105
124964,0.010879519310774901
124965,0.15409648737504417
124966,0.002882950739783424
124967,0.004199951190061953
124968,0.005814738691514897
124969,0.003271813542743508
124970,0.005785389489923941
124976,0.0038232550694498805
124977,0.027657447457619944
124978,0.020024464526779088
124981,0.006182601762476611
124982,0.022681493188364068
124983,0.0030780935844153005
124984,0.0036142043401542925
124985,0.0939747236299814
124986,0.002967100825540764
124988,0.2410520124171894
124992,0.008255295601799774
124993,0.0400082185230534
124995,0.17351473335738554
124996,0.009763568343817343
125003,0.06892949856577615
125005,0.027871403019868377
125006,0.07044321521524274
125008,0.008000517683835277
125009,0.0035605172965469415
125010,0.02501029803337959
125013,0.008667027448970585
125014,0.0793488446703647
125015,0.17005593853794976
125017,0.03681953765415289
125019,0.04810579415524824
125025,0.006627900683404885
125026,0.003921365845794064
125027,0.006184404008698878
125028,0.08938827997939557
125029,0.024297482159569228
125030,0.003883430301269598
125033,0.1921144839424609
125035,0.12440493879987333
125036,0.01658610609639278
125037,0.15076624063089458
125039,0.007978959441916414
125040,0.32355779495519776
125044,0.003763147932569446
125045,0.03459537651067348
125046,0.018165048631419652
125048,0.00892330464247499
125049,0.007400446506535283
125050,0.05203194178891831
125051,0.36600702063472074
125052,0.020002676743896847
125053,0.03120794803882402
125057,0.04420844737564424
125060,0.013145495272042179
125061,0.014228199703162336
125062,0.004119338195716328
125063,0.01910568495730061
125064,0.009046778002413816
125065,0.01507805495052028
125066,0.00309992774358676
125067,0.006181978880349186
125068,0.0346186216889504
125069,0.004970382343316922
125070,0.003946885305259702
125071,0.09782354044827378
125074,0.0033019511243561708
125076,0.00372495087503541
125077,0.005068539624879658
125078,0.008283146095612237
125079,0.003357226677072882
125080,0.022157260350729072
125083,0.03163907999810987
125086,0.024259707827434675
125088,0.025583015928172293
125090,0.009947084408254106
125093,0.15652990544860126
125095,0.004098506667440966
125098,0.1727560287942314
125099,0.006095637650442341
125101,0.03537393867651154
125104,0.07768192874930649
125106,0.044010171089815815
125107,0.004259888255897602
125108,0.22882966329635657
125109,0.004146616685000407
125111,0.13266341143254076
125117,0.193997827725872
125118,0.0045994841813375
125120,0.017169341738381316
125121,0.027606807080611966
125123,0.11080752450592578
125124,0.003001890772655601
125126,0.0038943193603575223
125127,0.21454520925084372
125128,0.003592249797538835
125129,0.030733018123574672
125133,0.013424487960882407
125136,0.01465312486229745
125141,0.036490106888405274
125142,0.004127708811009613
125146,0.02552192326692841
125148,0.004836266635805977
125149,0.047808976209413115
125150,0.1767022435138391
125152,0.01715097634410482
125153,0.006919661060265717
125154,0.04204115636953632
125156,0.06390100564323797
125157,0.02650458769129312
125161,0.0037432673087542424
125165,0.00654512499208794
125168,0.005503639703078712
125169,0.006569713838275364
125170,0.1387381457318057
125173,0.026092726083828087
125174,0.003782892372104181
125175,0.006906667645613874
125180,0.0030544840062616957
125181,0.00523620148912063
125182,0.008482070598090957
125184,0.009175157816107758
125187,0.047099435299198855
125188,0.08297832134370986
125189,0.002935628170301889
125191,0.0957285123856357
125194,0.30287905400267723
125195,0.0029464947190848225
125197,0.2313052877879347
125198,0.004340167293200479
125201,0.005183213619644317
125202,0.22880485946106838
125205,0.0033350550235064285
125206,0.034046646725580124
125208,0.1633425215662535
125209,0.00425308317893919
125211,0.01291782706182055
125212,0.0075911038163459215
125214,0.0037824750351192577
125215,0.0029673397543668067
125216,0.0034362811661893147
125217,0.003965046588440963
125218,0.02750469273886742
125221,0.0034070825753882436
125224,0.036471212248520915
125226,0.004107849411660593
125229,0.2279911304753907
125230,0.046137369934461395
125231,0.02125624646826697
125232,0.12969571762361196
125233,0.019150647924807897
125234,0.006499442343078365
125236,0.0028885381726106436
125237,0.07368431513256364
125238,0.011994359932283174
125240,0.01966575657712401
125241,0.03895710289161411
125245,0.01643981133972497
125248,0.04011984381730563
125249,0.03726523030028486
125250,0.11902772802715127
125251,0.005570171640002058
125253,0.008768909965929583
125254,0.030059503787984377
125255,0.027588906290405984
125259,0.02125594155824493
125261,0.20612521649372767
125263,0.0051756402950062525
125264,0.014507730982430274
125266,0.003792177729845148
125267,0.0057886347640017195
125268,0.014702967658401237
125270,0.003635515685261759
125272,0.03153089234854132
125273,0.011842287502212324
125275,0.03519493713803164
125277,0.0036653084197817904
125278,0.12268291935755997
125284,0.004730143672461426
125287,0.010290683945686547
125288,0.02702267086667944
125289,0.02576719078089033
125290,0.0031450763486587986
125293,0.018472053436668207
125294,0.025473718036914388
125300,0.013647363310532304
125301,0.027788819484871885
125305,0.003887890146499881
125306,0.017436244200786898
125308,0.005532316107251301
125314,0.21353055268897797
125315,0.005384417591232267
125316,0.007155778058582191
125317,0.023571580734037468
125319,0.026092726083828087
125320,0.0411112069988323
125321,0.005594329768088957
125323,0.0058850020792849496
125325,0.010078732579368394
125326,0.16291808836959923
125327,0.003101856240837553
125330,0.006850593330530923
125331,0.013106770885972093
125332,0.003447065040283756
125333,0.0036052056572732118
125334,0.47533411132758213
125335,0.06321014153792985
125336,0.03692148495820036
125337,0.005242070333841074
125340,0.006476193529535354
125342,0.005275785619862644
125344,0.0348615361867814
125349,0.07899481628640906
125351,0.05736046771104723
125354,0.008427873399734751
125356,0.004149621548543167
125357,0.004280816620049398
125358,0.05139468959124068
125359,0.01575319807517787
125361,0.040923462444425435
125363,0.24882300838491067
125364,0.00438870033094713
125367,0.0040438303291125965
125369,0.017080207577183412
125374,0.02875814611533601
125375,0.002965280287014102
125376,0.010672584514337289
125377,0.0035391217184381047
125379,0.01539481597949481
125380,0.1815525407312379
125383,0.0034219926221332277
125384,0.0072719839060231784
125385,0.01150679919099751
125386,0.07345881071130728
125387,0.009890557209804387
125388,0.008737414440010124
125390,0.008973611133028369
125393,0.035189656041308304
125395,0.2016972441558971
125396,0.17038606259937633
125399,0.0036088567321696696
125403,0.22745589236866254
125405,0.005715927601224437
125407,0.0035869723635794173
125408,0.030653483547505134
125409,0.008768458492963772
125411,0.03155265364938636
125412,0.022293826422025178
125414,0.015141741624728726
125417,0.03408227868128904
125419,0.17545950709263633
125423,0.005180897402640404
125426,0.00780468275740919
125428,0.1378931885969424
125434,0.04222639016356718
125436,0.0041215158625173606
125438,0.045416898867250526
125439,0.01582790694572769
125440,0.003550981586123812
125443,0.010959838697411758
125444,0.0902623770367488
125447,0.007737027549937354
125448,0.010052384604361347
125449,0.0195910436175839
125454,0.006850516203524168
125455,0.01413478373199312
125464,0.006430740426742279
125465,0.004155916004234559
125466,0.026092726083828087
125468,0.025476612484857657
125469,0.003681001379469593
125471,0.016353159139152557
125472,0.0042982971795056885
125474,0.013639865605319271
125477,0.21859061390867685
125479,0.0036131168212482677
125482,0.015066157035954743
125486,0.031239013988583912
125487,0.06684288726982188
125488,0.018134195555800845
125489,0.016773581053477357
125493,0.04260322805977693
125494,0.006767330707116615
125498,0.0035326643973139136
125501,0.010703877702353582
125502,0.03862480126876764
125503,0.007274380527953177
125504,0.00503480328616426
125508,0.2377039926115579
125510,0.1611257559306004
125513,0.0037639487022076154
125515,0.016302919115648542
125517,0.0876110042014865
125518,0.02571698093590745
125519,0.009852550501263702
125520,0.07416366302430756
125521,0.02771305873412897
125523,0.004212762766493825
125526,0.012025984596529614
125528,0.003173825930806476
125529,0.007909420366003218
125530,0.06530262232795513
125531,0.00394658506187242
125532,0.03190860936727669
125534,0.037989265555521234
125535,0.0033075929025050414
125536,0.14075309808655487
125537,0.005193776382860997
125540,0.03630861405923298
125541,0.005249693229544001
125542,0.027976831327500236
125544,0.01391683205953072
125546,0.009727650736527153
125547,0.006875174192881843
125548,0.004166699059551402
125549,0.006930223463167726
125550,0.021265436345058297
125553,0.02812560963563993
125554,0.006054312662527375
125558,0.07481231208829206
125562,0.005332807517802331
125564,0.009784212083865934
125567,0.17533465056353995
125570,0.005428541151811298
125571,0.021040852409158102
125578,0.0037025251302460573
125580,0.23353959467941235
125581,0.04429132913309121
125584,0.003707351670506154
125586,0.008439396983073702
125587,0.009729418479752732
125589,0.022678947815418547
125590,0.007845394303174788
125593,0.0091598730491487
125594,0.012104332225967705
125598,0.043971900716192974
125599,0.003874164664229846
125601,0.20052124413288563
125607,0.025040978936628492
125612,0.004602649515034158
125613,0.004475744364322938
125614,0.04298954112601946
125615,0.21323205867715195
125619,0.0032545072809232714
125620,0.01490630566124525
125621,0.011747039618067438
125622,0.16228561622051152
125625,0.004433165307149976
125626,0.005958725944491345
125627,0.2648602220288364
125628,0.10405667543233972
125629,0.0038059717889039188
125631,0.047745340413268535
125632,0.0048096510749638935
125634,0.1564812757296684
125635,0.047152127960465993
125638,0.08762633987234622
125639,0.04784696297415721
125649,0.21033082233773187
125650,0.09687873938223163
125651,0.0392592965092066
125652,0.011857262241403327
125656,0.012814366132247998
125659,0.01371400219414245
125661,0.007083622936010006
125662,0.06592667295357761
125665,0.015151230139157144
125666,0.003923272329236848
125668,0.14394423306771698
125669,0.0036680231253888537
125670,0.002940607063858681
125671,0.010366340158999272
125672,0.01923435429860837
125674,0.07225922383885124
125677,0.04548154238884551
125680,0.0034998674728042704
125683,0.16229148449392383
125686,0.2325534344502853
125687,0.18693545278726778
125689,0.009890509601911002
125693,0.0035250590629736333
125694,0.003824306627438893
125698,0.012417372500476347
125699,0.007845816955686152
125700,0.00695005939854136
125702,0.034574684357060265
125703,0.017176337476292446
125705,0.01859480513638925
125706,0.0160221722936461
125709,0.061436096017124485
125711,0.05683563986989706
125712,0.20267059992460026
125713,0.00538621768627341
125715,0.02068080913944117
125716,0.009128886119736031
125721,0.005400782828284346
125723,0.009874795305171704
125726,0.003951706585406701
125730,0.06702561817200949
125737,0.005869799771343899
125741,0.02664512383272772
125746,0.05462472789149928
125748,0.010553289556692632
125749,0.00988279187527003
125750,0.007346693834634979
125754,0.009878755443388449
125756,0.007991727913322578
125760,0.04755378465092622
125764,0.09528488485225355
125769,0.004280093380871
125773,0.18699004524296456
125774,0.008809258266404964
125776,0.011448927548772372
125777,0.012811601620428456
125778,0.018164457195754335
125779,0.004018756138921113
125780,0.004153761861506024
125782,0.18076410622791217
125783,0.0029507681538594403
125784,0.005472076096610594
125785,0.006642397136759466
125787,0.014274674821893952
125789,0.002967525691679126
125792,0.15857994050966281
125794,0.0035705747692038083
125796,0.006263501521737316
125797,0.013678368060680336
125799,0.03486183245061436
125801,0.0040789268237181545
125802,0.00515015734784861
125803,0.040087807071789036
125805,0.005024584296928254
125806,0.014312105491236021
125808,0.004404048085640639
125809,0.03796366084107879
125810,0.011541217025783757
125811,0.2003396239162728
125812,0.004013703419952322
125814,0.003424503432350858
125815,0.21333616379534381
125818,0.01934084771896908
125822,0.07067277985009923
125823,0.11760477534243541
125826,0.005936073886572646
125827,0.009574963575504084
125828,0.042103408526097015
125829,0.00527642161281552
125830,0.004448549013453303
125831,0.0035244571905193285
125832,0.025356198196235226
125833,0.015510317586432428
125836,0.04427548550958189
125839,0.026092726083828087
125841,0.006550350991510309
125842,0.030958892173018757
125845,0.01553648126339944
125846,0.0041707785928629965
125849,0.015563173663779944
125852,0.0032113653686931336
125853,0.0408783271211288
125854,0.003879337351210113
125858,0.00334257174065234
125863,0.02927037080072294
125865,0.007411588702132345
125866,0.014684073115006082
125867,0.004579453510379686
125868,0.09982326099368886
125870,0.005478301105687065
125872,0.08464376037770588
125873,0.013711778173195313
125875,0.0038428886865018467
125877,0.18151745737306596
125878,0.005637871897706844
125881,0.04374920992911488
125882,0.010983591412034765
125884,0.010800345202458003
125885,0.24887532963048545
125886,0.0038236907436426733
125890,0.16634094249606893
125892,0.22013370343817315
125893,0.006063133711779655
125895,0.06940109715178135
125896,0.003934861610087657
125897,0.02767064011471159
125899,0.04676182855536773
125900,0.014722267036097945
125903,0.004200800583184069
125904,0.00877627756963025
125906,0.03582097984183805
125907,0.07452565673165627
125909,0.003904070447052536
125910,0.006496175526423954
125912,0.24136233225602813
125913,0.026092726083828087
125915,0.025348742026412234
125916,0.12536893174866412
125918,0.010595974396544043
125921,0.0032531911563986526
125922,0.026714714296493847
125923,0.019416938100939703
125924,0.23448345586559693
125925,0.050088280573574666
125926,0.04892760940124687
125930,0.0064492410883787345
125933,0.006951913543174326
125934,0.03440469474737153
125935,0.026092726083828087
125937,0.0035687294599538095
125940,0.05262985568827226
125941,0.0938259036963391
125942,0.00727635559843331
125948,0.023047820333997684
125950,0.23736987403120752
125951,0.0034909348361598057
125953,0.006765315713088851
125954,0.016985103954612866
125955,0.004872659898063722
125957,0.0032550110898023183
125958,0.008846225814008431
125960,0.011743912378737875
125970,0.003459460184388176
125975,0.06144330573552064
125976,0.012059042491742918
125978,0.0038223520613615957
125981,0.05770536152580341
125986,0.010177350903948149
125989,0.04850855661715656
125991,0.003658743195488861
125992,0.011821667598748158
125999,0.11908891304299886
126004,0.004901841614937489
126005,0.003079420888648894
126006,0.0518339532627727
126010,0.005361685978149894
126013,0.006439684244648431
126016,0.0029644772968615493
126018,0.03697317230368754
126020,0.028550088560565033
126021,0.010931452609903462
126025,0.006577894276351263
126027,0.1849373622165977
126029,0.012767057195217051
126031,0.22241727895925875
126032,0.00534622726140164
126033,0.019215713413602842
126039,0.11952301738092348
126040,0.005744050656428925
126043,0.05840057741273622
126044,0.28652872004215924
126045,0.00346176527199216
126048,0.032761170944055895
126050,0.04430336208352787
126052,0.0076317984005140815
126055,0.039136321061431945
126057,0.00291123261036248
126060,0.0061416048324548075
126062,0.003543316719539908
126067,0.17750284915972292
126070,0.01644349813490923
126073,0.04664794043967675
126075,0.011877785980745553
126076,0.007607390849907285
126077,0.01818278264981603
126079,0.0029527656694742764
126080,0.040225842066918385
126083,0.025703680447887005
126084,0.005429786823230061
126085,0.008399654980752893
126087,0.030933057381363732
126088,0.012801204347908225
126089,0.18903452288304945
126090,0.008480539816840252
126092,0.17317973352829258
126094,0.00877161602144686
126095,0.005128948189230548
126101,0.007240164724905115
126102,0.003923663722281234
126103,0.005419282731016347
126105,0.007774675008262246
126106,0.008861860436107606
126109,0.008266075620828277
126110,0.00444913060400816
126111,0.019556610579496942
126116,0.035693063959206885
126118,0.011841145228857161
126120,0.10127751464002388
126121,0.003374802371966752
126122,0.0038997963941738807
126124,0.003135475945405271
126126,0.0893741505373651
126127,0.24205642296694446
126132,0.004391611948761698
126139,0.005633486067852149
126140,0.006046386644857324
126142,0.0030650615076722987
126147,0.28020546933097895
126149,0.07311998833630962
126151,0.021274167985106947
126152,0.0037945166744699603
126153,0.03750513786469358
126154,0.11675491474446398
126156,0.1767022435138391
126157,0.003611728623058163
126160,0.22282415589729124
126161,0.015219548073968263
126163,0.004647611728095739
126164,0.06107643614654114
126165,0.003183241492877527
126166,0.0157168175009582
126167,0.10172697115858216
126168,0.08686896429703597
126169,0.028400867826488634
126171,0.1767022435138391
126175,0.003914676845531624
126177,0.0032557907139716263
126181,0.004380491324140353
126182,0.004867124243010264
126188,0.003567189491811851
126189,0.007679609497633822
126193,0.0037753842317639736
126195,0.003812977768131886
126196,0.010226393721063006
126197,0.008699743633108844
126198,0.027606966759726705
126201,0.004290324798958428
126204,0.025040978936628492
126206,0.004597207853813052
126210,0.006769870867835073
126211,0.04870580323551973
126214,0.10345371334062606
126217,0.009278462088338263
126218,0.0046919947565895815
126219,0.006878090934433341
126221,0.005590188623286732
126222,0.15234453977699336
126224,0.014394447153324262
126225,0.004956025367188608
126226,0.03812590535576358
126227,0.0038140892184221715
126228,0.11222649660508872
126230,0.046939951040018524
126234,0.00775045232142361
126239,0.012151862364624419
126241,0.005926537778928875
126242,0.19711641895799317
126246,0.003994525550519173
126247,0.21469545358764408
126250,0.05183612308787942
126255,0.030128654313894058
126259,0.01854069967503752
126261,0.00827577578940947
126263,0.008507881921476038
126264,0.003274676031730405
126266,0.0896367273104665
126270,0.0038959036403790714
126271,0.004442608611190133
126273,0.033597458147286145
126274,0.012841257896494793
126275,0.004829387837503754
126276,0.045976816058262863
126280,0.002894912050399665
126282,0.007662999413221954
126283,0.00514897898948189
126285,0.023018977573985567
126288,0.00421034614754594
126294,0.022362672970124044
126295,0.002992950064366214
126296,0.1183562679244055
126297,0.08579267813305054
126298,0.005029231595962471
126299,0.0417919871769227
126302,0.006854943497907001
126306,0.0035794886539334946
126309,0.0028412870530633294
126312,0.05337716872659663
126315,0.0044445226231779825
126316,0.01710334967341351
126317,0.0038527791998553087
126325,0.0028697340383750493
126327,0.007580579475903591
126330,0.04969805929655432
126332,0.0037000328484142458
126335,0.06304644935099656
126336,0.006342331145828144
126337,0.004345618956963504
126338,0.11744918544641315
126339,0.030606358656805728
126340,0.012835403816163866
126341,0.09021223233211392
126342,0.010248381473556131
126347,0.02706253431586143
126348,0.008244190581689875
126350,0.08354798072964235
126351,0.06477753266454468
126356,0.18892003174205502
126358,0.16494124092756826
126360,0.2300549823381997
126362,0.002832543057007188
126363,0.013989556260054475
126364,0.1462410963482733
126366,0.04535968885685049
126369,0.014496356199486169
126370,0.007927851652797543
126373,0.06041924688449441
126374,0.015300984586558136
126375,0.009786513148396923
126377,0.008302717707525446
126379,0.005601956176046882
126381,0.04309688166051696
126382,0.0035385569926533684
126387,0.01135205862727085
126389,0.012670898311030885
126391,0.0029558147071474996
126397,0.002948667667606092
126398,0.005009891997418435
126399,0.24452219039318407
126400,0.02564991215287125
126401,0.003769576849404794
126402,0.004368918898434534
126403,0.06704969670440962
126404,0.05736435495357869
126405,0.002852524484810975
126406,0.0035356881436015954
126407,0.038869315062772705
126408,0.005209902949069936
126415,0.07332850225884936
126416,0.004573118795728949
126418,0.003637892410593356
126421,0.022678947815418547
126422,0.004224069395332755
126426,0.0036939615096266143
126428,0.006026173272416168
126430,0.0029411234602297934
126432,0.03036164909401123
126433,0.0041836252562181125
126434,0.03806988354521583
126437,0.006332364970341756
126439,0.003940170135830352
126442,0.017846662982012602
126443,0.018249665768426133
126446,0.03300588710077499
126448,0.155132169871847
126450,0.005496555483781711
126451,0.038659890350538496
126452,0.0028742278765755344
126453,0.010242808953129182
126454,0.013066220141476344
126455,0.003107997816848479
126458,0.11298472942886233
126459,0.03516014604031143
126460,0.21778262857566102
126463,0.004142538673398464
126464,0.24709734939369785
126466,0.27493508886844253
126467,0.04413150191303038
126468,0.026874269445233242
126469,0.012487446830447658
126471,0.0038108173463761805
126473,0.0038880440144439974
126474,0.005243881404064785
126477,0.04215557425807349
126478,0.002994109630849551
126479,0.008315508306400083
126480,0.01232993530328765
126485,0.004472087168190683
126486,0.003647079544790043
126488,0.00578300447699279
126491,0.2362924621652407
126493,0.011064863654149135
126494,0.06808373816739623
126497,0.02792882746769265
126498,0.003945375168469344
126500,0.0044215408881951405
126501,0.0033158391788597166
126503,0.01354960029819547
126506,0.014680597492802113
126510,0.03525048916303398
126513,0.024298831255130857
126514,0.011841501636254878
126516,0.010702618661157744
126519,0.06476845911165546
126520,0.012444461190439841
126523,0.07755452325716376
126524,0.027225096314655892
126525,0.10464812484883299
126527,0.0035891617720193057
126528,0.004212997021768957
126529,0.00900478110287771
126531,0.006464883012074404
126532,0.004273517147170685
126536,0.008673764164305932
126537,0.05780528192241372
126542,0.0036869666536062913
126544,0.01420992254375305
126547,0.011427987971465254
126548,0.006723528306952361
126549,0.2556146327265298
126550,0.005533378528603774
126551,0.004005444055423209
126552,0.04619980741233386
126553,0.004251331569978675
126555,0.011133014436722516
126556,0.17821328825911664
126560,0.0032442276998896325
126563,0.0048370556990361075
126565,0.0032638435049359483
126566,0.005122923864652077
126567,0.0072684151630538285
126569,0.23841463131660703
126573,0.17563720703071695
126574,0.017481104029657007
126580,0.1305926704516507
126581,0.11750190696304322
126583,0.06090496292998117
126586,0.22447430582193778
126587,0.019306602893861546
126593,0.21050393145396784
126594,0.2272390693921582
126596,0.014649636987842484
126597,0.03894688773957936
126598,0.02323040727085712
126601,0.10336906740835344
126602,0.038749471738552636
126606,0.007081828522837181
126608,0.008957922994760332
126609,0.017950847011891844
126611,0.16114553962339873
126612,0.03660025388255718
126613,0.0035978432573611253
126614,0.003546239484055323
126615,0.0045976039051557
126616,0.03829582941596969
126617,0.004501631090047512
126619,0.028035694883622477
126620,0.006065351755962215
126622,0.006858959960056178
126625,0.03524445164599392
126631,0.09443151324348806
126632,0.02007615623969765
126633,0.14771687105815418
126636,0.016537500873038635
126637,0.0033201309437196785
126638,0.0048018352416664195
126639,0.0029146015529041332
126640,0.04641338241371587
126643,0.006170340692388524
126647,0.00369235647445609
126648,0.009946752681724404
126649,0.030083888975266624
126650,0.06649892925650691
126651,0.08529269109563255
126652,0.23684930296871115
126654,0.004101402367118838
126655,0.20319245788077758
126660,0.10905379041538191
126663,0.004210833571173656
126665,0.013488098290358526
126668,0.00323924389478301
126670,0.005971692878222776
126674,0.20198901424745141
126675,0.004624068815093377
126676,0.009077517492875562
126678,0.30201036329906333
126679,0.004234237607833475
126680,0.17340602759089255
126681,0.008290558004513381
126683,0.01091580422558435
126684,0.04446533784624993
126685,0.01111138047356011
126686,0.3352264614294895
126688,0.00367085244204221
126689,0.029773341905215734
126692,0.040917628894839374
126694,0.10597998497997047
126699,0.18667641443758182
126700,0.0038320142524875516
126701,0.21045535738760196
126705,0.020818401362355975
126707,0.03642158569393139
126708,0.0031728931933728034
126712,0.17440753187857974
126713,0.17809540107327157
126714,0.01307703933532495
126719,0.204939143552383
126723,0.00817306834506077
126726,0.06647005821498767
126728,0.07813642818166323
126729,0.03468992184508349
126732,0.013635753346222301
126734,0.0076298923833061465
126735,0.008510074761795485
126736,0.006438002722781919
126737,0.005195854399126107
126739,0.19981833832547832
126740,0.01700252345915589
126741,0.03257403227040625
126743,0.025011572785029006
126744,0.003118221459738237
126745,0.024919818256807516
126746,0.02784962261987605
126747,0.03975039898110659
126749,0.003393495751531861
126751,0.14862771630879662
126754,0.008316932738814306
126755,0.002927239755507466
126756,0.003215517165658151
126760,0.01813197668885645
126764,0.013646404201534902
126765,0.019306680285307493
126768,0.024896539219268956
126770,0.013527236653452119
126773,0.006014444891257007
126776,0.06847138853029908
126777,0.003550898904650828
126779,0.006165352716252144
126780,0.002991028613764253
126781,0.19846498127578252
126782,0.03651155787595579
126785,0.003955024534151164
126787,0.011218218035333667
126788,0.01276096065405675
126790,0.01991227601784353
126791,0.018434476293805818
126795,0.16634753600627977
126796,0.003730497256766692
126797,0.06039762040358994
126801,0.0056761452296618525
126802,0.06817137960967981
126804,0.03140882854481333
126805,0.003507988712167655
126806,0.01335584941672345
126811,0.002884989021725453
126812,0.1708317824473088
126814,0.015498321014542788
126815,0.011597254932168299
126819,0.025666982196241632
126820,0.038632118565708966
126821,0.0046640910273545695
126822,0.037634766180792104
126825,0.011475438888267785
126826,0.003813511153776989
126828,0.1727560287942314
126830,0.07943888378152739
126831,0.15918282260189387
126833,0.003433006146963993
126834,0.22978569376873664
126839,0.12771640428110087
126841,0.23962017023442442
126842,0.004549364678823669
126843,0.25875746592018883
126844,0.009861656144230001
126845,0.00406657616292195
126846,0.006242373893864054
126848,0.012052765447134793
126852,0.0037914405417041933
126855,0.03504175024344986
126862,0.012567381119993748
126866,0.003310171085700012
126868,0.010984295865162646
126871,0.02984422454619177
126874,0.031427690128482476
126877,0.007924120981581559
126879,0.006919150880189721
126883,0.026092726083828087
126884,0.03388320851929129
126886,0.0035921748079776857
126888,0.015296329887187472
126889,0.04738872017293787
126891,0.004310379898992789
126892,0.021084753964371736
126893,0.004449693530333316
126895,0.0038407257281606677
126899,0.0058348182855681085
126900,0.09812228905864548
126901,0.044108116387200885
126903,0.00316124328035221
126905,0.0036293604769999308
126909,0.005425405348555632
126915,0.015655322782534762
126919,0.002982855435430791
126921,0.003707219632237739
126923,0.01200160496192673
126924,0.014955880991046656
126925,0.0030880017704668526
126926,0.21119325716268372
126927,0.14021727338189993
126929,0.0038865458036160087
126931,0.004621579401424106
126932,0.02076727304387133
126933,0.009528296426392403
126935,0.00427326590526834
126936,0.003019490023431972
126937,0.029139292827629552
126938,0.002992052502835048
126940,0.004177124927705978
126941,0.0060393175693812745
126942,0.027522535310000283
126945,0.06004604527822721
126949,0.004354430290851424
126950,0.008113834178568818
126953,0.003684895580351316
126954,0.07735583013978949
126955,0.005071114065319489
126958,0.010836076755918566
126965,0.02857939034751489
126967,0.21047728270824717
126970,0.17134523327872975
126974,0.04609362910386072
126978,0.018620994690071054
126981,0.0043920491121291205
126983,0.025943623703027798
126985,0.015561353547486818
126986,0.17501803186207118
126987,0.007084112319794855
126990,0.05003182335592141
126991,0.011196877974835977
126992,0.008068608302742867
126994,0.015131100750918414
126998,0.0029577740801460676
127000,0.03965755752676352
127001,0.10684292747875769
127006,0.03446471039015673
127012,0.013014868626176212
127013,0.00986727787432141
127014,0.17291809792775187
127015,0.023383954462244356
127016,0.04869521654585582
127018,0.17340602759089255
127019,0.008295735516399862
127023,0.0036774025013216263
127024,0.03753346193172923
127026,0.009948911819780668
127027,0.1686600087677993
127028,0.014969150327048854
127029,0.046105226839484634
127030,0.023682617091603835
127032,0.025020674469063073
127033,0.013305414921913691
127035,0.08018269063530138
127040,0.005389404691824629
127041,0.12723500728890236
127043,0.014109166634505248
127044,0.004574109027193525
127046,0.008550051979490492
127047,0.004468138634920533
127050,0.004389949951791438
127051,0.09902676445331937
127052,0.020420577039876524
127055,0.1727280032085678
127056,0.014133200971085105
127058,0.012125181097969971
127059,0.12636703546632902
127061,0.006039115969338549
127063,0.04543160231125561
127065,0.017571756830629226
127066,0.03429527023927307
127067,0.0059365646089250814
127068,0.1015265614009209
127070,0.0040940225158663576
127071,0.005303495943223733
127072,0.0035600846970659295
127074,0.022696733397889607
127075,0.0036293604769999308
127077,0.015196895714463362
127083,0.0040041249746950525
127084,0.016131312642937292
127085,0.02766912255503296
127086,0.010718934807232123
127088,0.018376367761516462
127089,0.005575921668985129
127090,0.007702350673011623
127091,0.04048410449184168
127092,0.01747109845204046
127093,0.006552545959062185
127094,0.0042466244348099745
127095,0.03459537651067348
127097,0.022121863397477667
127101,0.003745008986845127
127102,0.18073493254882841
127105,0.003616402387206362
127106,0.0030050562961415994
127107,0.006264410435454716
127108,0.0070877361839500564
127109,0.2341330607711149
127110,0.022127194164429532
127112,0.18262026874302076
127113,0.014705153391505377
127115,0.03924784781542479
127118,0.004823725989687386
127119,0.00328573132042623
127120,0.00876807654834746
127121,0.1647735976680608
127122,0.02267766244319559
127125,0.034047051217337206
127128,0.09686439311496685
127131,0.02195610158416042
127132,0.03488717446531191
127133,0.164772259347212
127134,0.01523363226252164
127135,0.03039936354232769
127136,0.007172326464646379
127137,0.06242692722607799
127138,0.0034327333179799456
127139,0.029811866691176133
127141,0.00791953610455873
127142,0.004938529195981938
127143,0.010095562889456207
127144,0.003169102245733121
127146,0.010085482215049095
127147,0.01024800926562059
127148,0.0261269470104504
127150,0.007844990372810756
127151,0.007355430795865751
127152,0.006806858674174383
127153,0.022678947815418547
127155,0.37082055386597884
127158,0.02108432307978358
127160,0.1829832759679425
127163,0.010594407959591599
127164,0.004163950834048935
127165,0.012304539584106211
127166,0.15508986163506064
127168,0.09173189762830958
127169,0.019026292043392817
127170,0.01024888012514706
127172,0.07037540996374093
127173,0.026092726083828087
127176,0.2289004736701619
127179,0.003926634779539826
127180,0.012836563053591325
127181,0.03104770957288926
127182,0.005451519502989047
127183,0.012984854078859012
127185,0.09052145301157517
127186,0.007619271528748873
127187,0.0037655411919643223
127192,0.004766575645376913
127193,0.004059291628405921
127194,0.0039918970167640115
127202,0.015299117802634273
127205,0.03887068359115048
127207,0.23555657968401716
127208,0.0038713266564681754
127209,0.0030955023792449033
127210,0.030161288290888145
127211,0.008480937060907245
127212,0.004507350988976216
127214,0.009106152958479143
127215,0.0064977590789902845
127220,0.0538261024873358
127223,0.003804183690099012
127227,0.012427262848347003
127228,0.0029887054415329824
127229,0.014642217801120207
127230,0.1867065885335927
127231,0.07993393150841209
127235,0.025565912402468253
127237,0.04280244040586615
127239,0.13481011235143298
127240,0.006913265715952449
127241,0.004387394827283222
127242,0.07220015106227523
127243,0.01657282236204884
127244,0.0037151972876005037
127245,0.02811302872957705
127246,0.04860687268193378
127247,0.0034395202677262203
127249,0.004911365747264596
127252,0.00883327480376123
127254,0.0603490630938173
127256,0.003927921623383339
127258,0.0038895114181051963
127259,0.004770061165522721
127260,0.00364446591686663
127266,0.03257231924240805
127268,0.01679103473605197
127269,0.07078726641093674
127270,0.013026154316331575
127273,0.011206982307998315
127277,0.12106930267502228
127279,0.07575732065315209
127281,0.03630303914090774
127282,0.003615954134313045
127288,0.04359164629831974
127292,0.22805733889705762
127294,0.1629294097017475
127299,0.0038405218809675185
127301,0.0748046358222901
127302,0.009186571833860858
127303,0.02145150920397372
127304,0.0033491355349010337
127308,0.039906343995955586
127311,0.08178211923638944
127315,0.012205031882847292
127317,0.0634246796632675
127318,0.1924425451307233
127319,0.009731869397362621
127323,0.22202890705039424
127324,0.10136357473142957
127327,0.0029890963632731755
127328,0.004078540935396896
127332,0.2078378292310095
127333,0.16273462161954474
127334,0.0058893296177917305
127336,0.006067540213596708
127337,0.002941618325783068
127338,0.041920488682600274
127339,0.13855966025205643
127340,0.010674571312902888
127342,0.015599986286701544
127343,0.009896141723004511
127345,0.02863403828716855
127346,0.01549653612039578
127348,0.2016972441558971
127349,0.0040360789983964725
127351,0.013459548601948248
127353,0.00372082136397276
127354,0.10725295315378204
127355,0.016751266778697337
127356,0.03707224777952258
127359,0.015954103512253234
127360,0.0037788606036807597
127364,0.2591740117072712
127366,0.03375162160279596
127368,0.0034550139637089974
127372,0.007251110875408404
127373,0.023935230060573524
127376,0.014711540173300775
127377,0.003797124934336977
127378,0.05851833865736786
127380,0.005439242978266666
127381,0.07002761972164194
127383,0.028871162180698507
127384,0.20296781275973183
127387,0.009903019831622464
127389,0.00511032118044348
127391,0.0069397936448667395
127392,0.23075974612570813
127395,0.0027977237657016833
127399,0.003991027876906294
127400,0.003444559602282054
127401,0.01481628415568435
127403,0.04773564415101839
127408,0.026618977779825855
127409,0.0034958040644186414
127410,0.0042562061294372155
127417,0.2070044748820969
127419,0.005292564107116985
127420,0.021445389488043667
127423,0.003083945171122071
127424,0.004133034597720469
127428,0.006564745981258331
127430,0.012734472376212789
127433,0.002826813562548322
127434,0.004413524854648797
127438,0.026712374295729757
127439,0.07705985496937637
127440,0.016829394117025043
127442,0.003072550828118619
127443,0.02845540065448371
127444,0.008974450987323898
127448,0.005560690814986677
127452,0.004664368452775023
127453,0.21643495427498782
127454,0.003876563438479643
127457,0.1006255581940765
127459,0.013056170502684566
127461,0.003497486128793172
127462,0.0442481352399683
127463,0.08084129002816351
127464,0.2036034631051316
127465,0.10369924188935209
127467,0.004361338227229695
127470,0.003569464379750564
127471,0.014791672463921251
127472,0.16979202671093208
127473,0.009061694333662369
127477,0.015223306193357536
127478,0.018191426347756213
127481,0.003414037968916961
127482,0.11656435835825064
127483,0.09273596651569205
127488,0.007091550278209574
127489,0.01354469469257885
127491,0.00414751808756768
127495,0.08509551828336795
127496,0.02854731779658498
127497,0.0034665683597276055
127499,0.08435056037983531
127501,0.0041138590219584135
127507,0.11463436512031676
127508,0.004197094536749772
127509,0.011393567535969255
127510,0.003675196572806737
127516,0.16689703610487835
127519,0.004762462485413641
127521,0.005247968545532554
127523,0.006578608946664104
127524,0.01958222017312557
127525,0.006055143176620689
127526,0.0028525979360185297
127527,0.21528964122056848
127529,0.008125688641064601
127531,0.030623692542169276
127532,0.0230625658994438
127533,0.02833400990879163
127534,0.14377493340988967
127537,0.008902492468511039
127538,0.0029216772743630814
127540,0.034975283639004394
127541,0.0036922765242698905
127546,0.003269194954706131
127550,0.1424511264090538
127554,0.00882215843932561
127559,0.003617180473120788
127561,0.014841956324310625
127562,0.009157235938668743
127563,0.13294203534928592
127564,0.003023462599898464
127565,0.12447986167429434
127566,0.08275624948513086
127567,0.003131032522445825
127569,0.011296000446525685
127570,0.009053953972198513
127572,0.08250747817183061
127573,0.0899030834709661
127575,0.008527891235822694
127578,0.004144781767409736
127582,0.022142940926096706
127584,0.085547739660653
127585,0.011523207472581854
127586,0.05636944141975425
127587,0.00518821722260869
127588,0.003226552348121182
127589,0.0049386509996824784
127590,0.021451156464014215
127591,0.04596595323159022
127594,0.03156193747353902
127595,0.08347345001033629
127596,0.009361111345944148
127602,0.005084944887111098
127605,0.10275818268803283
127606,0.00935914897786589
127610,0.026092726083828087
127611,0.01583324740895789
127613,0.04957040220906997
127614,0.006390523141594582
127617,0.005148071337958201
127618,0.03288875598567789
127619,0.05279569325514709
127620,0.1928118107655338
127621,0.04804742347460761
127622,0.2045267949809698
127623,0.015656934551346167
127624,0.0076995069860603
127625,0.004132593751219568
127630,0.09870576047227302
127632,0.007981972984259289
127634,0.003391975298622494
127635,0.0034894332830257306
127636,0.019403208008690893
127637,0.0051291031935766646
127638,0.10522196739697588
127639,0.026092726083828087
127640,0.06092105663826221
127642,0.003858151879595175
127647,0.013870372901236072
127648,0.005522751403216104
127651,0.006574540584355774
127653,0.09713269310187189
127654,0.019258784650529503
127655,0.014095632983570965
127658,0.003764978587379562
127660,0.0042932263340991214
127664,0.003668793516718218
127665,0.09410621884651735
127667,0.010282382896667393
127668,0.01948686864355994
127669,0.03351223913333436
127672,0.01371452608046585
127673,0.009852741600645224
127674,0.014220865385476395
127675,0.03825945999642039
127678,0.006629382335150869
127679,0.16969409776595182
127680,0.07719586811982432
127681,0.006539603602998504
127682,0.0036308235001643084
127687,0.004995621474361157
127688,0.00987209092430446
127689,0.0029978965420905876
127690,0.0034592832830574716
127694,0.003995015793388045
127695,0.0050873773688911075
127698,0.005880926368486785
127699,0.026092726083828087
127701,0.003664097803702842
127702,0.1988976841213675
127704,0.0029098405577673465
127705,0.006080090022766514
127706,0.014389135458992027
127707,0.004082524061656733
127709,0.01647826314340376
127710,0.004506842483411817
127711,0.24340097704742067
127713,0.0717277377092148
127715,0.05068403469271818
127716,0.013240835046127115
127718,0.0031574440039057665
127720,0.009456087100584468
127722,0.24349351570956182
127724,0.06687643508575891
127725,0.0110498501559599
127727,0.08204576003021796
127728,0.008142256327031744
127730,0.004238001289608588
127731,0.0029340393705996125
127735,0.006228701245240573
127737,0.019529735551621564
127739,0.032440839320113546
127742,0.009047561459136275
127744,0.026092726083828087
127745,0.024119039145755323
127746,0.046087469175819074
127748,0.008263028156412673
127750,0.03010325813614564
127755,0.057047724685156495
127756,0.003640959457566508
127757,0.009165519792691807
127761,0.002836461437747408
127763,0.003548712605010596
127764,0.1489697947214856
127765,0.0354855728211452
127767,0.07519519489698663
127769,0.05573440464361489
127771,0.00928977449002439
127772,0.2001050115294066
127773,0.0040959701003902655
127775,0.04210168803582204
127777,0.0028846166777295444
127778,0.010716460836197903
127779,0.013663722542445845
127780,0.0035473367072954352
127782,0.0328336752141524
127784,0.0037944876447738793
127785,0.03112124862078443
127788,0.20033640660769877
127789,0.011283585927555654
127790,0.0028453068651632584
127791,0.03197201778246638
127794,0.018926479303657838
127796,0.0036829708259857354
127797,0.00307007153569242
127799,0.049879109666213936
127800,0.008351104814286326
127802,0.04445767131167154
127803,0.0029066576771901295
127807,0.0789813375760709
127808,0.02806144273191705
127809,0.010527480320989019
127810,0.02996795812458329
127813,0.2165348193099379
127815,0.004123604809618633
127816,0.004741056680383701
127818,0.009896270152501406
127819,0.003848965929623083
127820,0.11564275293271106
127822,0.0037160712813971717
127824,0.03467359790664677
127825,0.012894004543247743
127826,0.004790043411470968
127827,0.009474551486265506
127829,0.01899544028834165
127832,0.0034822599537206456
127833,0.24907746484022944
127834,0.00776212604633829
127836,0.004154992238991892
127838,0.01044206621945772
127840,0.040311751367589035
127842,0.11813833313889799
127844,0.005835875657800257
127845,0.12266991479618748
127847,0.004341951809499688
127849,0.018612026127781543
127850,0.005207955991257491
127851,0.03913536088970432
127852,0.010053481022245778
127856,0.007319986583831312
127860,0.0035002442082662797
127861,0.014878769373158235
127868,0.016440033565950845
127869,0.14228993994786873
127871,0.042733331656111574
127872,0.01175627885111256
127874,0.0031028366786548947
127875,0.014209522127314507
127876,0.014577174977819955
127877,0.013929955692549567
127880,0.00507381807760778
127883,0.0037904340393276653
127885,0.010312019507549217
127886,0.10688325272656499
127888,0.1817863795564042
127889,0.04133096844909767
127890,0.004599446782092698
127892,0.03472094568932959
127893,0.027486257557544736
127894,0.011137511853081284
127898,0.004591187752644657
127902,0.07287199485778714
127906,0.003997945185481601
127907,0.0279183728391156
127909,0.08510336854039621
127910,0.021071837078065904
127914,0.0036929674774571577
127916,0.003214281965794037
127921,0.0034340785055670254
127924,0.003434566184464149
127925,0.0028456165978050897
127926,0.022915429152617902
127930,0.0038581688185875458
127931,0.0035527952981608125
127935,0.004266316262223269
127936,0.003206691165239896
127938,0.03900780669906822
127939,0.004003126498926735
127940,0.02686543175801292
127941,0.08796945098375729
127944,0.02559388351981125
127945,0.05279569325514709
127948,0.03872752557739258
127955,0.09666725490909134
127957,0.3116573801995212
127959,0.011468520520988693
127960,0.008364656539025508
127961,0.09443482750796774
127962,0.22401021943979596
127965,0.01960801701455919
127966,0.021593549356333286
127968,0.22676834137397164
127969,0.006761857667198875
127970,0.012805841558035474
127971,0.045474260169143486
127973,0.028234364854481785
127974,0.03144994018983977
127976,0.006537600802414029
127978,0.009288398936268682
127979,0.1727560287942314
127981,0.00384258722539793
127982,0.005973580990325142
127983,0.06086947219773781
127984,0.050756521290366674
127985,0.00393150593670852
127986,0.05460702043333237
127988,0.003514214318964954
127991,0.010247979238287543
127992,0.18605950962399384
127993,0.0033177066609801848
127994,0.008865192705825295
127995,0.004423260983787227
127998,0.036455731649452865
128000,0.1771974842253553
128003,0.00420014970890504
128005,0.0036308235001643084
128006,0.08034143731343692
128007,0.2122418326241904
128009,0.013637607759757723
128010,0.004060207605955226
128012,0.11291745640300709
128013,0.005504699173559564
128016,0.004956606143398067
128018,0.00834461328226681
128019,0.003764086607446818
128021,0.026092726083828087
128023,0.08967757516029756
128024,0.06119834551857529
128026,0.038894422932639575
128028,0.0048679044207348724
128030,0.004262516906280697
128031,0.026092726083828087
128034,0.004008356537523963
128036,0.09934013999937182
128037,0.030405811777173122
128038,0.005241838097982271
128040,0.01830658335044297
128045,0.006820879537372639
128049,0.007263810584803144
128050,0.009487221121074627
128052,0.014572386282771703
128053,0.058432503646331305
128056,0.018366292340142424
128057,0.014372073028269679
128059,0.08580511072635584
128061,0.06845655606745704
128063,0.04205293607375576
128066,0.028996962243245425
128067,0.003297895133360338
128070,0.0062174557552931425
128073,0.07889202915490567
128074,0.0029139383627733223
128075,0.19985020143793306
128077,0.04323574698940971
128079,0.007795610106042793
128082,0.006698377725472101
128092,0.005131464349822155
128093,0.005532314137086431
128094,0.0029460449114374213
128095,0.04192608554518052
128096,0.004066414602010185
128097,0.13794961286194932
128098,0.19438607438051106
128099,0.009958107807362178
128100,0.15507537102380123
128101,0.019518014643684006
128104,0.005810197209037762
128107,0.10649282933091928
128108,0.03905531257334605
128109,0.011733159211914557
128110,0.006278086007549198
128111,0.004467701032910511
128112,0.1749333966783676
128116,0.043539530349060426
128117,0.010103095463000233
128118,0.028241648248770134
128121,0.017607354768220295
128122,0.0862043222131357
128123,0.009911588490818942
128124,0.003681771535635079
128125,0.026092726083828087
128127,0.026204571604636084
128128,0.07604130493342894
128129,0.0371982167168511
128130,0.03202252507126421
128131,0.010768487512743348
128135,0.08890581248477329
128139,0.016239711996938373
128140,0.0031855103195508544
128143,0.015759512678282652
128144,0.003642464855742731
128145,0.008231270462308081
128147,0.0034459295098070897
128150,0.14737006258632512
128152,0.014136251713472674
128153,0.00314624854641905
128154,0.025040978936628492
128159,0.01045500294088116
128161,0.011158756589138192
128162,0.018835816066699127
128163,0.12850724156628182
128165,0.016431497239211605
128166,0.0117125374201475
128167,0.0999543357811386
128168,0.08135839282916185
128170,0.003461765705747943
128172,0.003405695220847221
128173,0.054750872583807564
128174,0.06162360879848969
128177,0.013358728867520583
128178,0.00516807520206214
128181,0.003542698088846266
128183,0.005765216497416529
128184,0.0075455454668122545
128185,0.028676354487595163
128186,0.03396251198493868
128190,0.0039713645858290205
128196,0.004981439915527687
128197,0.009870028810382764
128198,0.004690133324282026
128199,0.02627015656864523
128204,0.00387131894750253
128205,0.014504509255731166
128207,0.13894955161698222
128208,0.01350286751949656
128209,0.06793329211855736
128210,0.038184923631179674
128211,0.011296476745875883
128212,0.004518468680767325
128213,0.2426445724873789
128215,0.028652481458832993
128216,0.004103403386731543
128218,0.15900070624213816
128220,0.006567306232683028
128221,0.0709943165427614
128222,0.020356500747182624
128223,0.00555755819306853
128224,0.010735722273266562
128225,0.003213142669837478
128226,0.01076285214295076
128228,0.282482772817049
128229,0.006590883410665912
128230,0.17441218548322987
128231,0.011232643525219401
128232,0.09450606619499803
128234,0.07439870574894288
128235,0.07192563209678561
128236,0.026734082430895985
128237,0.007004678484063689
128238,0.2575583875884712
128239,0.027184761645999762
128240,0.0033657562174324025
128241,0.026092726083828087
128246,0.016034938558326405
128247,0.010765966886783544
128251,0.04585677232540519
128252,0.0133139508599108
128253,0.0036378300509159345
128254,0.1661347614530185
128256,0.008354068896917633
128257,0.004306666262329558
128258,0.021970449541331854
128260,0.0984769424602007
128262,0.21162050662309945
128263,0.003727596447096845
128266,0.0038438418960850726
128267,0.005207143571096458
128269,0.1771974842253553
128270,0.10601898865208523
128272,0.11468524289378285
128278,0.0035002503931204475
128279,0.004408964201872721
128280,0.011828864050644346
128281,0.1771974842253553
128282,0.004083702898573128
128284,0.006250595503171841
128286,0.01838879027284415
128289,0.14970023475487274
128291,0.004165129579528724
128294,0.03523988784265433
128295,0.027691913928566427
128299,0.00371832447182688
128302,0.00311076910899446
128306,0.010958391889177552
128310,0.012001370867524284
128313,0.006524992539053518
128315,0.2245999168136555
128317,0.005201942106501654
128318,0.01200408090932287
128319,0.029119848833401813
128321,0.02060452584053704
128322,0.08510219120841736
128323,0.003896837027965333
128326,0.0275885121235901
128330,0.042657063619208915
128335,0.1620973118716191
128336,0.036340999026477895
128340,0.0028719973532676194
128343,0.016287612327661155
128346,0.05683563986989706
128347,0.003444956927035589
128349,0.0036232929428218525
128353,0.05415010745531188
128355,0.01330717048349753
128358,0.0032335159245317
128363,0.026092726083828087
128367,0.04638925084829405
128371,0.0048870392039014315
128372,0.13694599027308663
128374,0.015988824070353472
128375,0.02709533769213378
128377,0.07771546883508477
128378,0.021274366201098287
128379,0.016102653628695257
128380,0.02301554546676863
128382,0.004541748863411173
128383,0.22502005134973985
128386,0.1687127627922884
128388,0.021568221464356063
128391,0.005441811871170362
128393,0.047436225056653396
128395,0.05654437262721091
128397,0.04851895161442272
128401,0.017131999119317082
128405,0.046939368443841355
128406,0.07861574574935704
128407,0.034553106099170214
128408,0.003764789022335854
128417,0.03206734158588806
128420,0.017407635701590894
128421,0.019889343900631778
128422,0.006234718609459914
128423,0.013014976400594963
128427,0.0035380441942587243
128428,0.060809563567594455
128429,0.004433008393580576
128430,0.006290966927583481
128431,0.059924351290047764
128435,0.03105789904731972
128436,0.003884463572780137
128437,0.09826466358124154
128439,0.008782878659317527
128442,0.02304154226533683
128444,0.02157697172276595
128445,0.004434579275664601
128446,0.03639156323459879
128447,0.008732859454283216
128448,0.048335742287131396
128450,0.004365552266890516
128451,0.00376655093305224
128453,0.20811891852865108
128455,0.0033868819033323104
128456,0.04915382375802537
128457,0.003117847732843545
128459,0.019273175704363082
128461,0.020770247725492626
128462,0.005228611627486488
128469,0.010026736389907151
128471,0.017997769280728514
128473,0.044356857919143775
128474,0.008501363410619115
128476,0.1309204771192928
128481,0.03459537651067348
128482,0.005795583306393241
128483,0.0053749885944770785
128484,0.004716680845720008
128486,0.06605854717865672
128489,0.003374962831601605
128490,0.006393823559027458
128491,0.11524607452267173
128499,0.026092726083828087
128500,0.0034001922268159074
128501,0.0071048685944660175
128503,0.22502275566859786
128510,0.14132936592437903
128512,0.005517185371274376
128513,0.03691753494819255
128519,0.057203983057095086
128522,0.024069986987658717
128525,0.023800478565995514
128526,0.013044834694185667
128527,0.0037386024066339606
128529,0.09337081290835993
128530,0.0029128598036645467
128533,0.022324082355296367
128535,0.028145688819376808
128536,0.007643387035444429
128538,0.056884507750482545
128539,0.004866123993004164
128542,0.0037960894994127086
128543,0.003666199719435188
128544,0.015176221132123788
128545,0.012510846679483668
128547,0.030619142091333425
128548,0.003496275417143101
128550,0.005709290230522161
128552,0.0029637415432725847
128553,0.003780455462578413
128558,0.013669433568175559
128561,0.010449260968950203
128566,0.007516994488379423
128567,0.015432306617889155
128568,0.005049799499232159
128570,0.0031761841473413465
128571,0.18347994389543745
128572,0.007091081725163191
128573,0.004042885180332719
128575,0.015240764273613459
128576,0.17912178783173252
128586,0.02146412860885838
128595,0.018761518218365778
128601,0.008529850881577306
128603,0.009895994109596962
128606,0.0032682194562365123
128607,0.003986005259692642
128609,0.23241821582452232
128611,0.03311282580031846
128612,0.10542774096989924
128616,0.0063592359132908826
128617,0.03584057426332412
128618,0.10349206762449872
128619,0.057496863640074475
128620,0.015420016139136858
128625,0.056024879828783354
128627,0.004646415584256808
128629,0.004816583694903627
128630,0.0044112610255416275
128631,0.04275740206717227
128633,0.003795367909757338
128634,0.0047462103637647335
128635,0.0036977184197404963
128638,0.012814762222844342
128640,0.009429485054367854
128642,0.006648932839794311
128644,0.0030108479174356085
128646,0.027115626890588922
128647,0.01394228814584017
128649,0.003795224542076715
128652,0.007981014141717112
128653,0.007138464104302994
128655,0.009583354717418576
128657,0.09540584171975351
128659,0.17638045995446008
128663,0.0036649731999643083
128664,0.1426367602458895
128666,0.029288808813101263
128669,0.0033844837425200517
128670,0.003077830980471439
128671,0.011147601107280984
128673,0.022361699993242813
128675,0.10772127554794121
128682,0.02856468479010078
128684,0.039055839388219805
128686,0.03462073086741818
128687,0.20052124413288563
128688,0.007091769673294199
128689,0.29088328655585155
128691,0.02157075899726366
128692,0.01842451558136474
128695,0.010592596169002818
128697,0.005268591557560882
128698,0.21419016113581854
128701,0.08661343934300021
128702,0.003997994229181401
128703,0.03692003973611667
128704,0.09135568058225599
128708,0.0114351083150817
128709,0.004013768498055768
128712,0.006766342643517781
128714,0.04411996833472852
128716,0.003736967094004466
128717,0.024028356530472545
128722,0.016020206604079323
128724,0.23055230175672795
128725,0.01014330627930306
128726,0.021899078948237744
128727,0.0965542175347084
128731,0.009092877397039302
128732,0.007031206063401425
128733,0.12247115993259942
128735,0.061617179196590856
128739,0.027282322411416576
128740,0.009691204213962945
128744,0.20501559901932145
128746,0.2949511500864638
128748,0.010225474257454034
128754,0.030122254674454185
128755,0.00921124513293127
128756,0.014350507014342527
128758,0.02296770350818927
128759,0.02276727488901399
128763,0.003505284013287033
128766,0.026092726083828087
128767,0.005676355400040109
128769,0.00979431701790539
128773,0.008742152221757324
128774,0.003954528346893222
128776,0.00414324329804919
128777,0.01583698343273473
128778,0.22676834137397164
128780,0.005842144040813448
128781,0.02559657316864892
128783,0.003417349793202228
128784,0.010144589815284544
128785,0.01112936098664085
128789,0.13518159441165528
128791,0.0029537221585000176
128792,0.03459537651067348
128795,0.008345511920995892
128796,0.07231814853078698
128797,0.014194845211654044
128799,0.006837051028873468
128802,0.0038573713819796173
128804,0.054747051484247716
128805,0.0038323785606700403
128809,0.017269938605138136
128810,0.006010799044892758
128812,0.08863814810988423
128817,0.0307963975712591
128818,0.030450280983787156
128820,0.09414618539511739
128821,0.003543522296169121
128822,0.010183904656228582
128823,0.0036240628112161792
128824,0.05634008815350192
128828,0.004170253312546246
128829,0.008776566064989803
128833,0.004363016856584884
128836,0.003518758847841987
128838,0.007590776576093312
128840,0.09506807478142952
128849,0.026092726083828087
128850,0.003553589338293243
128851,0.025380818208556036
128852,0.009852520528912638
128853,0.04548404041124729
128854,0.276863993826852
128855,0.006937571539303453
128857,0.046875789562138344
128859,0.004549955247947947
128860,0.07330327701801864
128862,0.02125323264574675
128866,0.004217574127560887
128867,0.008348161248179223
128869,0.008084359867051
128870,0.006698927282462672
128871,0.08606152598379485
128872,0.009441549163904219
128875,0.007540428701387104
128880,0.23367682641281246
128881,0.290784021138305
128882,0.05683563986989706
128883,0.01551353324310975
128890,0.01013041592578883
128891,0.016900900662977027
128893,0.006174938782504251
128898,0.24833041081070997
128904,0.0038636073171895804
128905,0.01464912821194665
128908,0.013303763736791407
128909,0.01210170665820268
128912,0.07780866339277981
128914,0.0032309983291148666
128916,0.20011679212746053
128917,0.007036244050309293
128918,0.022048721482368926
128921,0.027096407584297967
128922,0.003932336154870373
128926,0.20530260663125527
128928,0.005280028984383195
128930,0.010506148678421472
128932,0.021672489942126106
128934,0.09084243851351549
128936,0.0047758491935418835
128937,0.00724904450163526
128938,0.026092726083828087
128939,0.019536597426987785
128940,0.013973669805220726
128941,0.018178194408367623
128942,0.04815956529010268
128944,0.003508352501203727
128945,0.002987115983167108
128946,0.023636047286841693
128948,0.015520742576309159
128949,0.010831788105650494
128950,0.003167466624584242
128951,0.04406012528901614
128952,0.1647455208932993
128953,0.03709120440931868
128955,0.00441197380221328
128957,0.017202412202194053
128962,0.0215931966120652
128963,0.03965504364610364
128965,0.27387740448129516
128966,0.005132633409187444
128967,0.25050860951367454
128969,0.027034580847582045
128970,0.003469170907025752
128973,0.009791904915409825
128975,0.0035202761231824154
128977,0.23424687067973593
128978,0.005830280876119759
128979,0.017346791854448547
128981,0.01566389567654761
128982,0.056600974422265006
128983,0.02509968837475426
128986,0.0035643537735961114
128987,0.12926357533062896
128988,0.031142257657291544
128991,0.007758543793728854
128992,0.049854813962977626
128993,0.014334771352103494
128994,0.09808044376751728
128995,0.0034779073763706006
128996,0.03493527865352001
128997,0.00673638328873338
129000,0.003509408555215193
129001,0.051445659151663325
129005,0.0032864868143947417
129006,0.026092726083828087
129010,0.028471268307417644
129011,0.00703410926641634
129012,0.012487735569953876
129013,0.21781625644022246
129014,0.005455937531727718
129015,0.008994115013426068
129016,0.04130951623248002
129022,0.013089925870393277
129023,0.009456531366822288
129025,0.003328186209126994
129026,0.19713725026620246
129027,0.006286727118737502
129030,0.01877898303550341
129032,0.021651912847698178
129033,0.20775036794224053
129035,0.226308078121757
129036,0.01025183202272096
129037,0.00637709796463238
129038,0.00354855557537543
129039,0.0037049744243974653
129042,0.0034635205347221983
129043,0.004024496274750389
129049,0.19711166393435436
129052,0.00938656287451215
129053,0.003132684144690438
129056,0.016348506880904314
129057,0.009882806854338894
129058,0.024204011711657335
129059,0.005713296742334489
129060,0.005085858399371034
129063,0.14173496963722695
129069,0.013872013699281411
129070,0.026092726083828087
129072,0.0037648040699556494
129075,0.022193740751077072
129076,0.04722524505341059
129078,0.004409989019573928
129079,0.006489141257940795
129082,0.06679502885130194
129085,0.022463451403744734
129086,0.014040891930649144
129087,0.005509506205061131
129089,0.031770898567906006
129090,0.02281770537481128
129092,0.012778836466534929
129096,0.07170711680602317
129097,0.018916054403074683
129099,0.003957237705122272
129101,0.014717228226624949
129104,0.003661640550898175
129105,0.003499397422557921
129106,0.006438901120617459
129107,0.006712701925952091
129108,0.014029709251029216
129114,0.0430154767310854
129115,0.1599575021180176
129116,0.11916186365512725
129117,0.004965214667123106
129118,0.00539744544132872
129119,0.05279569325514709
129120,0.054470564222976886
129123,0.010195997117633509
129124,0.2015866868774047
129126,0.003241973157851275
129130,0.045669228217455074
129133,0.004308519373713104
129134,0.2017997968587227
129135,0.04160926994056372
129136,0.004097037412066627
129139,0.003804703025035633
129140,0.0037812447082866143
129142,0.05284080449879802
129143,0.23525269544751512
129144,0.003960392732628975
129145,0.0033619990301604493
129151,0.003991868059242681
129153,0.021545307859946277
129155,0.003671795947636432
129157,0.030599641685553514
129158,0.022062491008503465
129159,0.023998897538097055
129160,0.09322109569667328
129162,0.018387428905022693
129165,0.005222763220217415
129166,0.003743637613124547
129167,0.07872179221547762
129173,0.02004402711771344
129175,0.013241022822358913
129179,0.024363758513282964
129181,0.004273202270964281
129183,0.15125681783831665
129184,0.011924944886404096
129186,0.0469745011082097
129187,0.0423480354426883
129189,0.003652217377798233
129191,0.02178079073705596
129193,0.2411487442904661
129195,0.00288166493073672
129196,0.0029932898018791942
129198,0.0715227210954321
129201,0.013025857706684518
129203,0.058616251955830014
129204,0.07393249270650595
129208,0.020049478817302055
129211,0.005491124900590311
129213,0.10807101407503525
129214,0.03613503874524317
129215,0.04466969628474276
129217,0.00344255086270606
129219,0.0038754505587956967
129220,0.10746940234951492
129221,0.004387204663373664
129222,0.008469716287216678
129224,0.004187763140754697
129225,0.03799113741051323
129226,0.008850926872954456
129227,0.014755129923007645
129228,0.003954915467905799
129230,0.009948887221075337
129231,0.01409556418358569
129232,0.012013860795291277
129235,0.003597159879130389
129238,0.14758768909459005
129239,0.03013177099090825
129241,0.021284920899909642
129243,0.0029808433730636303
129244,0.007609075550500288
129246,0.0036500185508184266
129249,0.003707219632237739
129250,0.1674277490665676
129255,0.03920225251258773
129256,0.005973347097235777
129258,0.03708136836368569
129259,0.09058254704193525
129260,0.04649021880060861
129262,0.0037380971306237415
129265,0.20057954399703914
129267,0.003984430601336965
129269,0.026092726083828087
129274,0.004644391781902551
129275,0.022497834442981535
129277,0.002979479674305627
129279,0.01412812708677808
129281,0.05159733445218084
129283,0.05930852072397496
129286,0.0038424975060597057
129287,0.006257479022324192
129290,0.0036607282231919357
129293,0.05123532259934599
129294,0.20587777239401578
129295,0.00777619430688298
129297,0.26756995583504006
129299,0.017323244676098214
129301,0.026763342784264975
129302,0.06125953598621043
129304,0.002947261769466672
129311,0.005851648816080954
129312,0.004861930066656115
129313,0.10008901832918324
129315,0.003956070801691507
129317,0.2519697081915345
129318,0.0034895083652748187
129319,0.022750231531217118
129320,0.005038735574948584
129323,0.2225697651919605
129325,0.04022816458712979
129326,0.003943471655186586
129328,0.00404601782414079
129329,0.030433994319904237
129330,0.016513567883406573
129332,0.17471477301622101
129334,0.024986674257784974
129337,0.0035482309533066735
129338,0.0027810893616870293
129339,0.002892083399845034
129340,0.12395037114295505
129341,0.2195977354672596
129342,0.005982167821931363
129347,0.09702607260913718
129348,0.03994905352419506
129349,0.005253483828725425
129350,0.005501592387018698
129353,0.003543838572319198
129354,0.008051949183541558
129355,0.013249789348683053
129356,0.004501405892927965
129357,0.003007262442838716
129358,0.025040978936628492
129361,0.004385698704023884
129362,0.017296608445240905
129364,0.029852366362353857
129367,0.006654629419817086
129368,0.05083856065490606
129369,0.007299132990130166
129370,0.10386260296931375
129373,0.09128752704852076
129374,0.06492003569790787
129375,0.008142662894560188
129376,0.009197806375366883
129377,0.012878557051137754
129379,0.015504211962658759
129381,0.003974387330373472
129386,0.007234644533383797
129387,0.018164310350062607
129388,0.05118166950448727
129389,0.009903019831622464
129390,0.19527076637220991
129391,0.030300286399089497
129398,0.044635470754083424
129401,0.007214086623365727
129404,0.010904983351493652
129407,0.10142988720172266
129409,0.014226605251938022
129410,0.005851648816080954
129413,0.006252455480362055
129414,0.011176116834134884
129415,0.062923983019909
129416,0.014721218731535299
129420,0.0033649939642967
129422,0.09349260041334066
129425,0.06383490688868047
129426,0.0031283360026996016
129427,0.04711838708918624
129428,0.005336136624146083
129429,0.23139686450902944
129430,0.022585407035927763
129431,0.02425020060141281
129434,0.182182142396544
129436,0.01836161514602941
129437,0.007653347148081244
129439,0.005350299024289847
129441,0.030132053159968565
129446,0.005421615831024557
129449,0.022425735542886342
129450,0.004128328175888238
129454,0.004924947863950281
129456,0.013356694986308409
129457,0.17689560377807492
129461,0.04538720292793487
129464,0.003530052350121416
129465,0.007524488419746317
129466,0.05689429608914672
129467,0.08091906359954237
129468,0.22245554658453537
129469,0.003775674795992246
129473,0.005151133545808628
129474,0.08026308948642576
129476,0.008938309015213732
129477,0.04215949146776503
129479,0.008718522912164564
129480,0.05210848562876929
129484,0.0037487140931972435
129486,0.009195467737621952
129487,0.008445446655722484
129488,0.044122403494693666
129490,0.006698347125949142
129492,0.01183181604256057
129493,0.0038472893612479723
129495,0.006622661798350141
129498,0.0058265817327288185
129499,0.023152536157340257
129502,0.29275945064651526
129503,0.25426695620009526
129504,0.016745988006157692
129511,0.003977821480315951
129512,0.004893886751613178
129513,0.005240262384197754
129514,0.21828018119174844
129517,0.18869800658163274
129518,0.0030057014582098207
129519,0.03404478234509979
129520,0.02381704368639876
129523,0.044117541298514446
129527,0.016605713650730738
129528,0.003973868446100868
129529,0.010205226879324352
129535,0.02146331260806486
129537,0.0059386376814276436
129542,0.008599556797198938
129544,0.010553312471784954
129545,0.0037686944603345274
129551,0.003542530599033381
129556,0.0028923430804604936
129558,0.003003260666511655
129560,0.022907079207937227
129562,0.010827909013614445
129563,0.026092726083828087
129564,0.002934062916736549
129565,0.0039358351310160265
129566,0.010324393244684002
129568,0.009332272316357927
129569,0.007386130935916457
129571,0.10331896455302512
129573,0.01354204400987788
129575,0.00916796972276704
129577,0.010005493265518339
129578,0.18257252311185812
129580,0.003121879348089813
129581,0.0915889883892472
129582,0.014114422471883084
129583,0.046659018932826084
129587,0.06462039943486723
129592,0.011603495705076997
129594,0.012789356620305397
129596,0.0035000730564749625
129597,0.011393012368568855
129599,0.018126102909788312
129604,0.003800495198140106
129605,0.033359819132880185
129607,0.013224821859699684
129611,0.016213510840690625
129612,0.04199774379607015
129613,0.0684546579046413
129615,0.2132225657616968
129616,0.003593272863335834
129617,0.026978064692976082
129618,0.00924171606633736
129621,0.04250034207051014
129623,0.01860026373836345
129624,0.003021098246397853
129625,0.005124863158209723
129627,0.003910790386464274
129631,0.004200223874459839
129633,0.005472033041180547
129635,0.004919996326278633
129636,0.006377022797745136
129637,0.021154199433415614
129646,0.0039028124190459267
129647,0.07810420989369393
129648,0.026092726083828087
129649,0.050187901830538575
129652,0.003579770821970847
129653,0.004930718413396562
129654,0.0052070242916880775
129655,0.003923663722281234
129657,0.003950719612936852
129659,0.2204376226259184
129660,0.0037241398142785222
129661,0.18782580841260418
129663,0.006413825923184925
129664,0.014272705953241318
129674,0.03492829301414046
129675,0.029136610807250437
129676,0.00518228843295068
129678,0.004206549414810777
129679,0.028271870630311238
129680,0.02288357670036117
129682,0.0112831409789014
129684,0.44817036065045446
129685,0.011910754807246153
129690,0.008775464644649119
129693,0.1522012235097112
129694,0.0030341274266492343
129697,0.02171475277458179
129698,0.02024050605240094
129705,0.006578553738517493
129707,0.014484249109756854
129708,0.024480680235958754
129709,0.03953424857268592
129710,0.1623513227657851
129715,0.17015738327916127
129716,0.005432294701504758
129717,0.042976145864548634
129718,0.07975537403949637
129721,0.0145613762401624
129722,0.0035782366344427902
129724,0.11483295976061418
129725,0.005834547581202537
129726,0.025040978936628492
129727,0.0315827314774511
129730,0.00943065143841668
129731,0.024619409805285493
129733,0.012665060080903835
129734,0.004952668389117881
129737,0.07169738327707255
129742,0.024310585669577757
129744,0.039113911253586466
129747,0.0035854220613302386
129749,0.1584659108142801
129752,0.1767022435138391
129753,0.006369029040925963
129754,0.006762127896977136
129756,0.23151377741990115
129757,0.0038990944061001592
129761,0.029179828724188728
129762,0.004301692648260472
129764,0.01360993707581418
129766,0.0057893632790340325
129767,0.009895102089334135
129771,0.012854070398889816
129773,0.012923565082231943
129774,0.24410633860046885
129776,0.004762492700669765
129778,0.00893468126888719
129779,0.058886621104312226
129785,0.020628410500535974
129786,0.023284412251209252
129788,0.06177560527908166
129789,0.08051006195143824
129793,0.10175145306323075
129797,0.10214685457447259
129798,0.008943911419164206
129802,0.005519501919107697
129803,0.02011846181924903
129805,0.06833411067243178
129809,0.0037345353018495863
129811,0.003760770619529624
129812,0.0052639981704420994
129813,0.18225094285195498
129819,0.03268431548838195
129821,0.002856319000057462
129830,0.09684205171255493
129831,0.00827555793441153
129832,0.006872214460110281
129833,0.0038026223752877343
129838,0.0087040905050443
129840,0.014681614864104879
129841,0.0033383718831574024
129844,0.136429215782603
129845,0.004909573213499615
129847,0.026092726083828087
129848,0.003762509697456699
129849,0.009415674472548914
129850,0.15652990544860126
129854,0.004211717740131072
129855,0.0048373473218857365
129861,0.0035580763298308374
129866,0.0037283662747513826
129867,0.008527410407758718
129868,0.0063202457657992595
129869,0.008132065662783272
129870,0.026092726083828087
129871,0.004445224189755231
129872,0.19541955160547106
129875,0.03640821847943219
129876,0.014480783087597784
129877,0.004306069954484782
129880,0.004305724778176638
129884,0.00996939824577712
129885,0.024263314179074572
129886,0.004203021155200254
129888,0.008325212421833615
129889,0.0577266751879203
129897,0.018913322080463698
129898,0.13115665280566838
129899,0.03806778024286933
129900,0.0034557787707719992
129901,0.04977947150601332
129905,0.059337758545650515
129910,0.05057920080111792
129914,0.00422015488275733
129916,0.0037629169329172502
129919,0.03159605805472992
129920,0.04863172030531435
129921,0.2074855949025238
129922,0.010939079689896629
129923,0.0187295245010451
129925,0.19295170701222938
129926,0.060343252023643615
129927,0.015548529451110236
129932,0.008784949580163138
129935,0.003846060035201632
129936,0.23964876260479656
129938,0.0037480205587282402
129941,0.023249590502409045
129942,0.021714822212750146
129945,0.02426335656672783
129948,0.009348594304621387
129950,0.014764499560949287
129951,0.03465804987543783
129953,0.006429994921887693
129954,0.03627871402267819
129959,0.011877888831570512
129961,0.03638040854845974
129963,0.040829297727381114
129964,0.006190482299450745
129965,0.010513803497726302
129967,0.019846198239557404
129970,0.003430544886923458
129973,0.064020189749942
129974,0.004089800182601652
129976,0.005912247382854591
129981,0.014005928646475105
129983,0.003627578558451443
129984,0.011871689610557623
129985,0.002863651020447574
129987,0.031143462360686307
129989,0.03740974485578699
129991,0.003776231136908306
129992,0.004110757880672057
129995,0.01412879977322542
129996,0.012313834729627944
130001,0.01918937549882524
130002,0.021420966681682946
130005,0.031543217577577116
130006,0.014112531233510594
130007,0.16951601686332823
130009,0.0038247468183382105
130010,0.014994442274300855
130014,0.006561783051378516
130016,0.13564109700832874
130017,0.012786433391929107
130019,0.015657691365446244
130020,0.021529480149222638
130021,0.022329145265783425
130027,0.019676896903278004
130028,0.06704618804019953
130029,0.03408202794488566
130031,0.06963701448702288
130033,0.03622724599853321
130036,0.025305045075545207
130037,0.02825694157536309
130038,0.06165253018493153
130041,0.05817262209582232
130042,0.004499745893635126
130044,0.005577607563422982
130046,0.003918194885635263
130047,0.006569530043315224
130050,0.002886724397790617
130052,0.013107606342045906
130053,0.0375224325360131
130055,0.004533763711043558
130056,0.02922305662589548
130057,0.05504539741236546
130063,0.006798172959169639
130065,0.003671287040027459
130068,0.007304992794769705
130072,0.004492431097335745
130075,0.09371890748249279
130076,0.0053323492495382235
130078,0.03312013847485265
130079,0.00817609991289831
130082,0.004206781348585413
130083,0.003625668066010913
130087,0.012089614257083168
130089,0.024948926828674056
130093,0.007081238064401071
130094,0.012657612020191536
130097,0.0033039672429139573
130100,0.005670844985072324
130101,0.017853074632678455
130102,0.003551341623213249
130104,0.018178194408367623
130108,0.0034387538032799904
130109,0.02413208182866608
130110,0.015127420627259929
130111,0.0036071940469809558
130113,0.004684526211132116
130115,0.0038343394623400894
130118,0.01162258526335758
130121,0.11029613015765695
130122,0.0034641235076017652
130124,0.00952452702512649
130128,0.0028325659645220525
130129,0.01647115958757704
130132,0.06094458363218541
130135,0.011834153600176681
130136,0.023323801422802017
130140,0.008752729897785689
130142,0.0035118830477614427
130146,0.003766183957571661
130148,0.005275078950791501
130149,0.0028847976503462327
130154,0.005645560455606505
130156,0.007528082291615562
130157,0.009272694268435067
130159,0.0035387348366895184
130160,0.011003836405858529
130163,0.006283890016183815
130166,0.014462623105495847
130167,0.003126921977378286
130168,0.006339762961320561
130169,0.0049465423943771325
130170,0.0034633804185375604
130178,0.010773080583504567
130182,0.0036394628492364507
130188,0.22397412018031668
130189,0.003664682129728368
130191,0.026092726083828087
130195,0.01023616479305005
130196,0.08643978000500062
130197,0.01358024240417838
130198,0.013923991233264647
130199,0.029532056706556155
130205,0.02316534680541329
130207,0.33237373639725887
130208,0.0632825097376846
130209,0.003055283717826366
130212,0.08922535292357067
130215,0.003907184639723318
130218,0.026092726083828087
130219,0.003696336723514111
130221,0.02995458587989019
130222,0.08064845491667845
130225,0.3652249283063887
130226,0.12124430758500353
130227,0.02593928910421532
130229,0.025927084027986075
130230,0.007024327302422972
130232,0.038869626953837354
130233,0.03465426869595155
130236,0.0073131564355317655
130240,0.014373297818614782
130242,0.14500202327051998
130243,0.04270306148472593
130246,0.0029357480081156836
130247,0.014657979004262654
130249,0.0036679267318410784
130252,0.003554934008118839
130253,0.014715500383625802
130254,0.042357634966311224
130255,0.017416637917226866
130256,0.002942773910295647
130257,0.03126958996041914
130260,0.034223189843965954
130261,0.004459437716426106
130263,0.13534356137460693
130269,0.025040978936628492
130271,0.03884908175045194
130273,0.09244019345985269
130274,0.03459537651067348
130277,0.017794004875150947
130279,0.031051845668904475
130280,0.035179457913459666
130281,0.003687970800207807
130282,0.009754679886845464
130287,0.027473758808409406
130288,0.01337169944587779
130290,0.005723764095484747
130291,0.014344107369168455
130293,0.037469450711121934
130295,0.003993406214279022
130299,0.008257017996297864
130301,0.005053615470721832
130302,0.006634934833378799
130304,0.004837216662734272
130307,0.02148949666387207
130308,0.031180901706507173
130309,0.003576896720215919
130313,0.15179162969151289
130315,0.004133942412154584
130316,0.1920795882142341
130319,0.008255295809346511
130325,0.005168914934019827
130326,0.004434563119455847
130330,0.035216928609164144
130331,0.01073007079592575
130332,0.008768493158046965
130337,0.023881654435073108
130338,0.00818912760514648
130339,0.003541874227413178
130340,0.11667303138535863
130341,0.05334817665300434
130342,0.07957978630778276
130343,0.12394292338359653
130344,0.0038808223092604093
130346,0.025045346542443846
130347,0.005086871495626091
130348,0.00835838216487093
130349,0.0033599255096504006
130351,0.007348555481204911
130352,0.009395443974010063
130354,0.005227106034617382
130358,0.003198819068058498
130360,0.10586974582554778
130363,0.0038636073171895804
130369,0.24357273567113044
130370,0.0029906878055663043
130371,0.004669890057121967
130373,0.005792180510306774
130380,0.004853471486242122
130381,0.0927057237654268
130382,0.014112069831053327
130385,0.009462723186192644
130387,0.00459007525143191
130388,0.006873333505412958
130389,0.011647862478766634
130390,0.004063388343870343
130391,0.037772742733146306
130393,0.06691724542951927
130398,0.0029137202408074906
130399,0.03118602300739569
130400,0.00426621421686544
130405,0.008308295290150935
130413,0.22073316072116794
130415,0.19302690985569315
130416,0.03458614468111265
130417,0.004746313522211172
130419,0.009070575491546084
130420,0.0037011907147656855
130422,0.07356740517614214
130426,0.003946002957063049
130430,0.019288637363346364
130432,0.018927221273474164
130433,0.003820124499412572
130438,0.003161402393370001
130439,0.030792602167272302
130440,0.03318793877444948
130444,0.0802678414778468
130445,0.19190403757619368
130446,0.02120424325103478
130448,0.04092965151319367
130449,0.12381658609646588
130450,0.032311989077279425
130453,0.010211580854904171
130456,0.009913759892594895
130459,0.00878323139721161
130461,0.003963360537369462
130462,0.006457139715700269
130464,0.016483508531866763
130466,0.034042535617760966
130470,0.06559749085568334
130474,0.04470082124299666
130476,0.0032330172433747985
130477,0.0041202432468855485
130480,0.020281374178038745
130481,0.003586240463745798
130483,0.003478213435993064
130485,0.06043421478177184
130489,0.002953973450199279
130492,0.00755489267965382
130495,0.09962772778356954
130497,0.1630574611831568
130501,0.006025054013103262
130502,0.004089017532316072
130507,0.03939512503773221
130508,0.003547289056225035
130514,0.16169537924684552
130516,0.04142066491755432
130524,0.005636079357590863
130525,0.09559305426133104
130526,0.0036515270622731813
130530,0.07121814489117625
130531,0.003650050362793037
130534,0.009515592725316087
130535,0.009998085078204018
130538,0.13733593649916276
130542,0.021673643872815198
130543,0.23198152023391425
130546,0.004506395557774672
130547,0.003650606804900109
130548,0.09398877682665346
130550,0.006134438550845998
130552,0.003800083915549436
130553,0.01020098332984695
130555,0.00656909113592985
130556,0.005439295713656804
130558,0.003155203668336331
130559,0.010129371774167548
130562,0.055325530193102664
130564,0.003704356620342422
130565,0.06039018861120497
130567,0.0036364783906237775
130568,0.0611495697379999
130570,0.003584661085694868
130572,0.018744908542146704
130576,0.034029935049726595
130577,0.008711021131069412
130579,0.005884672521087961
130582,0.004342629186975598
130583,0.0035947156203468347
130586,0.013786406757601581
130587,0.07536132246645989
130589,0.019033064074129954
130591,0.1920795882142341
130592,0.007356788452924249
130594,0.003413536925577218
130597,0.0034492145012923027
130599,0.003919560284717286
130605,0.24186924827374498
130606,0.0083127710003072
130607,0.16670790666264584
130609,0.15014523160193355
130610,0.34502609287825103
130611,0.013342195827487751
130614,0.004038397752941105
130615,0.07269717155425826
130618,0.004567092500899271
130622,0.026092726083828087
130623,0.033248656058454125
130624,0.07452848383923734
130630,0.016815647582997358
130631,0.0034256124884393647
130633,0.04087446841344264
130634,0.022513141453162078
130637,0.018749707840131365
130640,0.01419078081162504
130642,0.009454458695363875
130645,0.14545616137769904
130646,0.012810225552210194
130647,0.027479721246541973
130648,0.010236794048323474
130650,0.010642753177134161
130658,0.00380365493363177
130660,0.014708987552327833
130661,0.012241813298100318
130662,0.19248852241377218
130663,0.024618523212381987
130664,0.09911891855979924
130665,0.1779070531174008
130666,0.015234079701332176
130668,0.003975697136050747
130669,0.011079553250753868
130671,0.0043579617966588305
130675,0.03910934208035367
130676,0.03678723239086883
130677,0.0028155548545074132
130678,0.21473200385422925
130681,0.004324363719535743
130682,0.002975337023357211
130690,0.007851446342701568
130691,0.006426715685179156
130692,0.015297070658034418
130693,0.012617884010930681
130695,0.2455467488803909
130696,0.010714419230690206
130699,0.01421587308675724
130703,0.047369821851744466
130707,0.003471499276517945
130709,0.0036654556173175185
130710,0.10942855473349156
130712,0.00302146979272033
130717,0.022070106254489238
130718,0.004388898851280653
130719,0.012463606761087953
130721,0.030129844056894582
130728,0.004829989518342499
130730,0.00941200059519299
130734,0.018085824326276253
130735,0.031187923333608397
130745,0.0035820206757531097
130746,0.17906065030122162
130747,0.025266119946711046
130749,0.003540414235147182
130751,0.023964848953038968
130754,0.009087547988368897
130756,0.0288929861259658
130759,0.05279569325514709
130760,0.002848567237552313
130762,0.019415531842887364
130763,0.006583532470901654
130765,0.006869972044258356
130766,0.0306757876382569
130768,0.08396457691053134
130770,0.024952625606526318
130771,0.002878283180639033
130774,0.029229585549090588
130775,0.031128451315013402
130777,0.10019209788987772
130778,0.006846055444312772
130781,0.10913925918633738
130782,0.23067189335766464
130783,0.003115106474720187
130784,0.0038837296242868985
130786,0.06043996400363743
130795,0.004540953121834434
130797,0.22125029883413033
130799,0.216866550276097
130800,0.21408445711189802
130801,0.008826776868156833
130802,0.06263503799671316
130803,0.012508689919038567
130804,0.026092726083828087
130806,0.006070232227288833
130808,0.03459537651067348
130810,0.015330394457151265
130811,0.1626589084607203
130813,0.1952506373164503
130816,0.028232568669043213
130818,0.17171029974177057
130819,0.18693545278726778
130823,0.010535058140051559
130825,0.06248291526680917
130828,0.007554273490411914
130832,0.01781279282004851
130833,0.046162319860857504
130838,0.24866033546772798
130839,0.014567644337811346
130841,0.004890273918454317
130842,0.003303965589329772
130843,0.0063082543360049445
130846,0.024841486953210024
130849,0.004123604809618633
130850,0.07071654087117803
130853,0.002960222944811913
130857,0.019915401658705135
130859,0.003133134904420502
130863,0.0032180278462408374
130864,0.03333672157140524
130865,0.01186009518383181
130868,0.005259279021200627
130869,0.00366641167080482
130871,0.02161698415272425
130872,0.04408216336575326
130873,0.014164217684810833
130875,0.026717047512431542
130877,0.048289226028401
130878,0.21403144670134105
130879,0.08906978507920187
130883,0.014988712550992574
130885,0.011475049509374072
130887,0.004041224646208854
130889,0.07532409854611255
130891,0.0028337226989582757
130893,0.005063062465026048
130901,0.012954344347390232
130902,0.08518397008376674
130904,0.003640123716025487
130906,0.007241579435060447
130907,0.016954240432366263
130908,0.004054672351555062
130909,0.0029226490551031168
130910,0.005795479337860884
130911,0.03928725564882187
130916,0.008307309363600657
130917,0.0038803707860709073
130918,0.01927581079098805
130919,0.0028906599066669657
130921,0.005202105599993262
130923,0.0034861846290021557
130924,0.007097029259707193
130929,0.08002637491208864
130932,0.09390855207646624
130933,0.037467818515210985
130935,0.06887073754216129
130936,0.17853614429891038
130940,0.012138405755874753
130944,0.01960077286259032
130948,0.057570883654678384
130951,0.008903051611434811
130955,0.023457782778426313
130956,0.009639175092305715
130963,0.004336163532573713
130967,0.014129171330359631
130973,0.013034663828470086
130984,0.003757944915498656
130985,0.005507045451529924
130986,0.015983889452544406
130988,0.021124347508933307
130991,0.18943375369828117
130992,0.0424087578782053
130993,0.003585005485029868
130998,0.003371517177494737
131001,0.19131446135368477
131005,0.05042191707035931
131006,0.019429028230134752
131009,0.004388267409886182
131010,0.0030231761739420463
131012,0.1933388716911061
131013,0.009711474244548194
131017,0.009398952834734926
131018,0.220343217581984
131019,0.1291210521818739
131021,0.005205777792419701
131022,0.026092726083828087
131023,0.0037805886358105996
131024,0.01891744388372394
131026,0.0030094005762572726
131027,0.00935496036108791
131028,0.009122230542562533
131031,0.004296855481736011
131032,0.0034228471941931417
131034,0.007564279631683533
131036,0.003604650276489276
131038,0.015674178164413636
131040,0.0035568042773238273
131041,0.06638088447857264
131044,0.01001097260069828
131045,0.003594202398562565
131048,0.20995381335913435
131051,0.011881747601000036
131052,0.0385793625573584
131053,0.007029736633135817
131054,0.010879483161363286
131057,0.08479950746689333
131059,0.056922942945734877
131060,0.0033323326190718484
131063,0.03441478825087726
131068,0.0037018479422527583
131069,0.0046163626136858284
131070,0.05757490154687319
131074,0.06509255647138691
131077,0.00900819713229514
131084,0.027262137292368056
131086,0.0030867667990964348
131091,0.014044590711388806
131092,0.06237466571971972
131095,0.003788460028633791
131096,0.06469022345777625
131097,0.0038828612103408993
131103,0.003693487872147632
131107,0.007404311465748279
131108,0.11319206875970518
131112,0.016621860213813226
131114,0.004587361111625222
131115,0.03846256506254919
131117,0.0072772562418373255
131118,0.27307646013559267
131120,0.02995619070434228
131121,0.009165729423728878
131124,0.20557151771431909
131125,0.002938568225185447
131127,0.009000814436721204
131128,0.025496008565001994
131130,0.04660687601230835
131131,0.0034787104292702447
131132,0.0067417124819497114
131134,0.02343366768255565
131136,0.004835522313855687
131137,0.020127150489938565
131139,0.011708398874292784
131140,0.0282946450432532
131143,0.03107669747429005
131146,0.007156552200690277
131148,0.003259935050077264
131149,0.004722989232658149
131150,0.004112395953624418
131153,0.005167162915673558
131154,0.004467149629309578
131156,0.005461676599340278
131157,0.1648974354245002
131160,0.009013984678262536
131164,0.012821565518685274
131166,0.09869288054693238
131170,0.004949122479241358
131171,0.02478441005476787
131172,0.044671516615562894
131173,0.009310504176338332
131176,0.025625258058670185
131177,0.006922894707577492
131180,0.021426246539508007
131182,0.006869868977132232
131184,0.003006532511157538
131185,0.006667537053234044
131187,0.021415599036025867
131190,0.003921354283489374
131191,0.03619362302306271
131195,0.014163171725053684
131199,0.018239902977791173
131201,0.0039366138669414755
131202,0.09247862943838946
131204,0.025506994356645222
131206,0.03301349649722309
131207,0.026491621416488274
131208,0.3578674474788903
131209,0.19968490841740005
131210,0.003174074025132847
131213,0.1723161918912618
131217,0.24136177996467503
131221,0.004061677858810029
131223,0.0034512072540877846
131224,0.0043453377685745915
131226,0.04140328231561863
131229,0.0051083214283925635
131231,0.004519781175908626
131233,0.011633881653366259
131234,0.009687378915480691
131236,0.004453159475793948
131238,0.023708814731859467
131240,0.0034065403617640952
131241,0.2242713838413096
131242,0.06373203342208943
131243,0.0938057174294118
131248,0.030555528920785616
131249,0.00810783139092399
131251,0.05229443171263273
131252,0.010531639263665987
131254,0.026092726083828087
131255,0.045912796248720356
131259,0.03147503523626161
131261,0.014799681267422713
131263,0.12332796709955268
131264,0.03319744077799824
131265,0.17337092655283082
131267,0.0287445549954091
131269,0.01816694683504088
131270,0.00494184958028537
131275,0.025040978936628492
131276,0.005569959464308102
131277,0.0034603958654670646
131278,0.006327694222610366
131281,0.03373315579510153
131282,0.2209801590388392
131283,0.0035727128161407045
131286,0.007288355234678571
131287,0.04068177723648567
131288,0.02008502308009988
131292,0.01574783778742008
131293,0.039527561280368724
131294,0.09068872888945305
131297,0.17925565818588826
131299,0.04670704245847876
131301,0.020950034530813844
131302,0.04373656000510032
131305,0.05456309964580598
131306,0.013211058202029816
131307,0.01435762792312753
131311,0.014438806795094824
131313,0.20991347661655407
131314,0.0042959567857785924
131316,0.014117379426234646
131318,0.0179584992458077
131319,0.05365728300650887
131320,0.010255989834487009
131321,0.16075873624234535
131323,0.10379903805925862
131324,0.00569488772026938
131325,0.09010840430234088
131327,0.0029675936945594405
131328,0.00415567138365812
131329,0.00291943390671247
131330,0.006262266721982807
131334,0.03474210216023793
131335,0.0036021827193054297
131336,0.04212959697416094
131337,0.01647394163526834
131338,0.01910804861135115
131340,0.02771548523981831
131342,0.0314157111732387
131343,0.008835580224647165
131344,0.18432109739789007
131345,0.005930054888040852
131346,0.026092726083828087
131347,0.036846391012213126
131348,0.09911504549775674
131351,0.016499160432653443
131352,0.0035259178838138432
131353,0.0034263359307527895
131355,0.0029747584110384443
131356,0.0330538399251603
131357,0.0031313987032257976
131358,0.010583514787093188
131361,0.023027166587906295
131364,0.24259015211262303
131365,0.005419188541601274
131366,0.08882422408760637
131368,0.004154719070621426
131369,0.006677737671795621
131371,0.00627436652919844
131373,0.016087248888901277
131376,0.01690923925912395
131377,0.3058731355488452
131379,0.03960714707983481
131382,0.022362791710529503
131388,0.003123795147325581
131391,0.009725099550717533
131392,0.15234453977699336
131393,0.256295568927491
131394,0.09188641945720484
131395,0.0038582952368856963
131396,0.19279586388494768
131398,0.07850605128443114
131407,0.09218917093483396
131410,0.197805769708472
131411,0.005008517168519862
131412,0.012522576762383601
131413,0.05177623672956396
131417,0.009903019831622464
131418,0.2034594837415725
131419,0.02431145263516017
131420,0.038088045737737636
131421,0.014372612235434077
131422,0.011014645244654939
131423,0.026092726083828087
131425,0.003872018225745658
131428,0.006164433359880846
131431,0.042092378291138204
131432,0.12628190540079193
131433,0.08328803413553454
131435,0.004030529979525539
131444,0.04079481543864087
131449,0.0029118876941450853
131452,0.007650925248864696
131455,0.08524372740639535
131456,0.1771974842253553
131460,0.010918319167362986
131461,0.011284930407188887
131462,0.058922288666145524
131463,0.0040036600998486944
131464,0.006285171160944907
131465,0.003960928905585122
131467,0.010685321325872793
131469,0.013386619186434221
131474,0.030724210117034925
131477,0.004262695474611031
131480,0.0070065693524675385
131482,0.006314753814574817
131485,0.0030221169632495917
131486,0.0652132922613086
131487,0.004052736490444107
131490,0.07122354677313902
131492,0.006356196750725458
131494,0.01441337249680476
131495,0.004626154717424426
131499,0.17402660297957284
131500,0.017949494733498977
131502,0.006043565501756687
131503,0.007389941432284492
131504,0.011758859933508075
131505,0.014134102770714474
131506,0.005851206289561255
131507,0.17340602759089255
131509,0.003539436477140952
131511,0.006997635720107675
131512,0.003090347892947685
131514,0.012331084706550576
131515,0.013054178069185417
131516,0.01856017526841933
131518,0.0045370729938608275
131521,0.0031794541045797424
131524,0.0762979586168602
131526,0.0037628219852421083
131531,0.0133947636788413
131532,0.0029102792544095533
131533,0.010450947209658248
131534,0.0034915275908973266
131535,0.03000281010141925
131541,0.0029935869677697145
131544,0.0035901165452958505
131545,0.028647712218634866
131546,0.009974477925937674
131547,0.06816116362778911
131550,0.03938653976132435
131551,0.0028931482063988016
131554,0.00286940619289768
131555,0.006286718473218467
131556,0.02635568477977842
131558,0.019078862594434726
131560,0.004250127215263058
131561,0.02466385046475503
131563,0.12536893174866412
131574,0.060376657542994386
131577,0.005157269223228046
131579,0.20036692272894657
131580,0.0029672778155057926
131582,0.0028460547681688547
131583,0.01934448996228844
131584,0.06847620854616433
131586,0.0630627910147381
131587,0.0035858748574162658
131588,0.007944435124091672
131589,0.074660438889995
131590,0.1920795882142341
131592,0.038121515990001
131593,0.014074340978960407
131594,0.025040978936628492
131595,0.005033242234732912
131596,0.01426616611304965
131597,0.1410985632065278
131598,0.03779262505647949
131600,0.005379984304674689
131601,0.01411128899873081
131602,0.02988739348746404
131604,0.006527541625888459
131606,0.016410034394015813
131611,0.007643776248794844
131613,0.006584622595707441
131614,0.0029069390833002836
131615,0.015422442536146849
131617,0.0037256272648845752
131618,0.03459537651067348
131619,0.014384919025925206
131620,0.013207072718743277
131622,0.0035519507916236723
131625,0.0265484932056646
131626,0.09616151402683809
131627,0.029977485122958537
131629,0.019041999810442075
131630,0.04622129402530513
131631,0.21324075396640743
131633,0.003092840205284047
131637,0.01995040232711672
131640,0.04695668847622853
131641,0.006788833184236368
131644,0.007005230378833443
131646,0.00396018482339995
131647,0.01558727325902247
131652,0.004332363469784657
131654,0.14468099297511358
131655,0.0033207572663225596
131657,0.0030926896196016734
131660,0.0037352256912681304
131662,0.19527076637220991
131664,0.05840836050552101
131665,0.04438598226238741
131666,0.003651890693869436
131667,0.02984522110624924
131668,0.034553847055362095
131670,0.006492693396206405
131673,0.014727755157369673
131674,0.031150632308898477
131675,0.07691465445426034
131679,0.03925211014294792
131684,0.1688819861315742
131687,0.1757329840182078
131688,0.087056394938337
131689,0.003806429946160788
131691,0.03357835874125381
131693,0.1928610106771191
131694,0.0037985734954905427
131695,0.0036833716505782622
131697,0.11440639646144435
131700,0.025040978936628492
131701,0.014129806409178526
131702,0.0036457977600580552
131703,0.003487848414048942
131705,0.0630144352650428
131706,0.022597864994075016
131708,0.002909638725401056
131711,0.004090500370761722
131717,0.0035894869242497907
131719,0.20110565987003992
131721,0.026092726083828087
131722,0.007901509532245147
131729,0.01134266982555499
131731,0.22891704862631282
131733,0.16342757524051496
131734,0.005329504559640868
131736,0.012563115856661236
131737,0.05254952925042222
131739,0.004942877893069214
131741,0.003989282016296665
131743,0.02224694308337196
131745,0.04880517834333373
131746,0.020898766293999966
131749,0.0036646924425445798
131750,0.003284289699631653
131753,0.035216928609164144
131754,0.023678902441662833
131756,0.006910279918540872
131757,0.00527979424917634
131760,0.0619399987301504
131761,0.009875075987252417
131763,0.05717921771828407
131766,0.03027497824478718
131767,0.037665674113994095
131768,0.003058457286631958
131769,0.004458624148388194
131771,0.013398763686275942
131774,0.012081700608529661
131777,0.036471212248520915
131779,0.1197163440017935
131781,0.0688974189363989
131782,0.0035849182525529355
131783,0.26802956894015634
131785,0.20637718173327496
131786,0.05141151128164511
131788,0.011353993201195792
131790,0.035390456295353825
131793,0.19709291949213406
131796,0.08475776623794211
131802,0.03826326789085917
131805,0.0028948965142006127
131809,0.003561966798800551
131814,0.013562532786973124
131815,0.030390985681018792
131816,0.028238416536329254
131818,0.04626368622495603
131819,0.16143795201930894
131820,0.02171764423200799
131823,0.17795549137639055
131824,0.033388712705126285
131825,0.007618346292376122
131826,0.09513008407087457
131829,0.006227383429057023
131832,0.046327696508500445
131833,0.0034264250499203537
131834,0.015155081923902388
131836,0.00477927733956381
131837,0.003960233373231714
131841,0.0034367151557158373
131842,0.15075691238412342
131844,0.15946269595645465
131845,0.01735828128574332
131850,0.03422290852294491
131851,0.0801239963618846
131854,0.0036497622981268222
131856,0.007644555360391999
131857,0.007243149166210172
131858,0.02950531788751567
131861,0.0030080726246541688
131864,0.013081091115494022
131865,0.0338133189120634
131866,0.022127500982950098
131872,0.005913623139077838
131874,0.13081135283272666
131875,0.07089411394322674
131876,0.028077204286416205
131878,0.19555648249354107
131880,0.006332824545309463
131881,0.003633605989008399
131883,0.0030199424702438086
131884,0.005257352656420457
131885,0.0052293286149727725
131886,0.06437812329330454
131889,0.008323073872045774
131891,0.15916416289031884
131892,0.004221193227767643
131894,0.06834780059044988
131895,0.016061921962817038
131896,0.01257468923704444
131899,0.17012085770875363
131902,0.006170489761676593
131903,0.007047459912702906
131905,0.026092726083828087
131906,0.0031546930953916122
131908,0.04068285705530762
131909,0.20757995459453718
131911,0.48519716306737276
131912,0.21773745042675027
131913,0.015582793035586441
131914,0.0034433050492197314
131917,0.015172804026137039
131920,0.1132027187078828
131921,0.0318201381123635
131922,0.0067409272285997605
131923,0.062923983019909
131927,0.00395404705943667
131931,0.012673800529055094
131932,0.00371220277447644
131934,0.032522678248103405
131936,0.04558088615475427
131937,0.03380871553874672
131938,0.03459537651067348
131939,0.005103417571876097
131940,0.005952471672225467
131942,0.0030103179122302464
131943,0.051332210424769736
131945,0.005137678129432058
131947,0.009834286867660962
131948,0.002833189746310968
131949,0.004543193433307972
131950,0.007062493853856698
131952,0.1204970495058569
131953,0.23473321005936243
131954,0.15932156259517452
131956,0.010423271396602781
131957,0.10790545031944432
131959,0.011642762518882802
131960,0.0039980398965565895
131961,0.00506070613760908
131962,0.07282190882810939
131963,0.00974046039654587
131964,0.19527076637220991
131965,0.004342890077410801
131967,0.012647580484865835
131968,0.0844133947671959
131969,0.007268648940884825
131971,0.018568299807466913
131972,0.018363616779577804
131978,0.004194181640084195
131980,0.009903019831622464
131981,0.013304120311324748
131984,0.003975841357032857
131986,0.03413882580816717
131987,0.17107004709436835
131992,0.005233043097694493
131994,0.006881042055271069
131997,0.17365783900130755
132001,0.18583651252557473
132002,0.03207648267900425
132005,0.0036043167939233105
132008,0.07672534253789236
132010,0.00605849438232345
132013,0.019958438640299968
132014,0.007776850558389345
132017,0.01830365123024058
132019,0.006510076702367841
132020,0.026092726083828087
132022,0.049656458265258704
132023,0.007960078164730811
132025,0.17270331262503172
132026,0.0034417144894726692
132028,0.009293377275487687
132029,0.003750748115605173
132032,0.02161098483007328
132033,0.008669790627850928
132034,0.03459537651067348
132039,0.015616774024767759
132042,0.03349375569692139
132044,0.018705531064082088
132045,0.0037361414484857304
132047,0.20874735647935558
132048,0.09429972181816895
132053,0.03780872917269842
132057,0.004710496621359581
132058,0.0033455618090398975
132065,0.042411680116131015
132067,0.16558120673698778
132070,0.0036660987034151053
132073,0.04394512480352053
132075,0.03043607640175236
132077,0.005353556883840063
132085,0.0041451635086723025
132086,0.010188522200341136
132092,0.0029636919117745045
132103,0.10290186010201656
132104,0.00936346331638943
132106,0.010461798503458228
132107,0.08900590320473953
132109,0.026092726083828087
132111,0.06260568502520711
132112,0.007718447439130614
132115,0.005875408269897217
132120,0.007810974261097619
132123,0.018549608020074694
132124,0.005365331134497971
132129,0.017840642345701464
132132,0.05768140204995059
132133,0.002974454447148295
132134,0.0029901172950550863
132136,0.0043813432230215025
132137,0.03875001555310734
132141,0.05223948708551471
132145,0.005649838548817143
132148,0.003639300716257909
132152,0.003682713982190583
132155,0.004998182769236852
132156,0.00443679786209993
132157,0.029920214115093886
132158,0.0035214666279996926
132161,0.0190278444534486
132162,0.021372851756354228
132164,0.2322111955311055
132166,0.030383748637331825
132169,0.014663895248021327
132170,0.005804773478690354
132172,0.03488260325029017
132173,0.098786728057401
132175,0.004818626889199772
132178,0.12494863189356988
132179,0.061188903864318
132182,0.08013286659523461
132184,0.003616262410667151
132186,0.024581586419086206
132187,0.011596048777788122
132190,0.1081983191548331
132192,0.05261944899575876
132195,0.03957387848576741
132196,0.22658461406181243
132197,0.04196495262263655
132199,0.003841426268989066
132200,0.007459047298413885
132203,0.030086561486415198
132204,0.10836521449937947
132205,0.008270955297860075
132206,0.013448989960530991
132208,0.008375194518358456
132209,0.01659982777605781
132210,0.11765219923920049
132211,0.03462200961656302
132213,0.06895647505333509
132216,0.007492177719041178
132218,0.08464251974281643
132224,0.0239171658222702
132226,0.11600747935566341
132227,0.019648948817940517
132228,0.06846342294558513
132229,0.010148259044943016
132230,0.2655357016573492
132234,0.004181941356475749
132236,0.2249165197986938
132239,0.0030637810906329432
132240,0.1305299817159847
132244,0.07514200082426406
132245,0.25143554535375295
132247,0.18693545278726778
132248,0.026092726083828087
132249,0.0033409116858202745
132252,0.04749216757591331
132255,0.03962229337409125
132257,0.00904798404773445
132259,0.003891674426479004
132261,0.003232493723283557
132262,0.037369294879838075
132264,0.0029836886551391838
132265,0.013744452912571238
132266,0.004039139608763036
132268,0.003554123152915924
132271,0.18016214856758178
132274,0.010109966607507738
132277,0.04494103298618882
132278,0.003587774310122018
132279,0.01340844079367682
132281,0.019684300407884034
132282,0.006703650526688004
132283,0.07672845766485412
132293,0.06590483900084786
132294,0.1558716233683066
132299,0.015964990378271232
132300,0.0037467251824112057
132301,0.003007497571361749
132303,0.01111095024926803
132304,0.01577854499202246
132308,0.014234165315713294
132310,0.15809017393801694
132314,0.009556437455285536
132315,0.00303940420431742
132316,0.003934364252553404
132318,0.002977512210268425
132319,0.026893465334329722
132323,0.026665661635718558
132326,0.002943982472098206
132328,0.009783240776792133
132330,0.2397522038029531
132332,0.0035910802959139305
132335,0.0041903050974351425
132336,0.01340763205576281
132337,0.00876946304816542
132340,0.004399376384280591
132342,0.003164115959892204
132344,0.021211243976110978
132345,0.040840480050107084
132346,0.0132949806864329
132350,0.19979788246681068
132353,0.028878329278642003
132354,0.005837488706683879
132355,0.030129287046233806
132362,0.006635345299442396
132363,0.2042484264160801
132366,0.013662790822678616
132367,0.040869259997998286
132368,0.03545172308558896
132369,0.0067273473581941
132372,0.02995143491325737
132374,0.04217436988706267
132375,0.012483467533463704
132378,0.012781553556969647
132379,0.003829740425338908
132384,0.004265888404889335
132385,0.014015722595381822
132386,0.003513189838822291
132387,0.10309264502678843
132388,0.003798450204612284
132390,0.018324416733954147
132394,0.010137285038313659
132396,0.0035519655448812393
132398,0.0034744047621357546
132399,0.0034178751810229635
132400,0.061574509011449244
132404,0.028717990958712324
132406,0.0035079413383312945
132407,0.08136717106704075
132408,0.003953064305319476
132410,0.004425338320151094
132413,0.2338880415995932
132415,0.003432169469365116
132417,0.03141514891853047
132418,0.002968522559612822
132419,0.05235786972336018
132420,0.004455556513368111
132425,0.004487008391918881
132429,0.00524628161171577
132430,0.007113190762629339
132435,0.003960875398727775
132438,0.0039315906544998185
132440,0.06692073833091251
132441,0.07833243437407415
132442,0.05270518636894516
132443,0.0034767182398321955
132447,0.23184789150081983
132450,0.006039518997968261
132453,0.002962871638121809
132456,0.03407814893567845
132459,0.006054312662527375
132462,0.07912655535411454
132463,0.04784696297415721
132464,0.00458278873354238
132465,0.010097283390201809
132466,0.007300167961826757
132471,0.007901509532245147
132475,0.004531938852588275
132478,0.014476349800405996
132480,0.030889907892335217
132481,0.07817726121961327
132483,0.03439377629552267
132484,0.00916846148829614
132485,0.3010748187002036
132488,0.02854297452288957
132490,0.01783930416214627
132493,0.0030208442453355986
132495,0.096566543134469
132496,0.004213930023077947
132501,0.08076173106395033
132503,0.008158638331936427
132504,0.032667795295455715
132505,0.014446887223131361
132506,0.0917908468220041
132507,0.0036552458690595046
132512,0.05310998814663565
132520,0.03187795425455861
132522,0.00975851169297544
132523,0.03332907002238633
132524,0.004357417179215431
132530,0.059492593215555174
132533,0.003201553192718696
132535,0.014172395266597573
132536,0.027513149039390273
132537,0.15823767820562762
132538,0.1160291660695307
132540,0.02221979288832164
132542,0.00876175531159363
132543,0.020282004712607514
132546,0.0029419957003651116
132547,0.012782564909989648
132554,0.00375680337157714
132555,0.003934260977850334
132556,0.026363777388362812
132557,0.008066882842717225
132559,0.0038788087414792114
132562,0.0050706954467708894
132563,0.01411303852757174
132564,0.006761857667198875
132565,0.007199802046465466
132566,0.010062432652847293
132568,0.06917416502339663
132570,0.005374504320399826
132573,0.004007222480244447
132574,0.03453972821826875
132576,0.030701873382844063
132578,0.19121900072636502
132579,0.013466999700606165
132580,0.0034340463204249184
132582,0.0037047029950308713
132583,0.004188957061641742
132587,0.0933001266089234
132589,0.00869309764566934
132590,0.006608165750527785
132591,0.011338398943499146
132592,0.12346109546927594
132595,0.005075221360241775
132596,0.020517078341427616
132604,0.00332845836204128
132605,0.04551335670875169
132606,0.0033991845210232644
132608,0.0036266326439953547
132609,0.12031968959444518
132613,0.003924858032451184
132614,0.004268072129364275
132616,0.04181966684626837
132617,0.08057350207338171
132619,0.008699520822632029
132621,0.0061289543128982245
132622,0.003485139369857913
132623,0.014634313620028863
132625,0.011835062395855812
132629,0.021057278022984828
132630,0.03601290204136596
132631,0.0034602363531150183
132632,0.014681370509379106
132634,0.005526619608725096
132635,0.012573606977476339
132637,0.0808660736423246
132641,0.009880584546015215
132643,0.014557105639405762
132646,0.032437789666758005
132653,0.0032891060135595823
132654,0.003699145124083463
132656,0.029517875723679667
132659,0.05371984941858924
132660,0.16171975040917885
132661,0.01564939741562687
132663,0.03141922622100212
132664,0.17366519650384107
132665,0.013881695032957553
132666,0.007481688118944664
132667,0.026092726083828087
132669,0.045401368558092806
132670,0.041175100840759274
132671,0.14780924916079435
132672,0.03489263520514662
132674,0.05274073661367031
132675,0.01012536924098042
132676,0.007013979486410973
132678,0.005567993397496638
132684,0.026092726083828087
132685,0.28236554208738424
132686,0.010651079431104325
132687,0.004475058436889478
132688,0.003971099399514163
132690,0.38496109762234604
132692,0.0035942751962567193
132693,0.08250019732782285
132694,0.007310109432981177
132697,0.0035523779316327473
132698,0.0034424838738128937
132699,0.04845532665398893
132700,0.00748791716098635
132701,0.013244549205318076
132702,0.003872228581359896
132704,0.009800209832072361
132706,0.0036803384552947177
132709,0.01792446552370366
132710,0.0182998777074588
132712,0.0044896062104978485
132716,0.06796024011638496
132721,0.0038152285943930508
132722,0.00957538121217236
132724,0.039113180606482
132725,0.0034359167564191606
132726,0.004437443399529257
132728,0.005658748972495119
132732,0.047171252457797325
132735,0.07442636522055278
132736,0.013182007860439464
132737,0.014675741235386458
132738,0.009896047905028148
132740,0.04651725429156875
132742,0.0037146166535950904
132744,0.10381665158466133
132745,0.0029986834454252534
132746,0.0040597644316948565
132747,0.004006801891378412
132748,0.005146130933672233
132749,0.005981143745390293
132750,0.00604836442559477
132751,0.011025100094454867
132752,0.004580720450504086
132753,0.03303239664978083
132754,0.0053614800082720385
132757,0.008379505033304863
132758,0.04309536785311588
132759,0.014761363469094667
132761,0.017050780717005554
132763,0.004588939631375106
132766,0.11113215264779112
132767,0.00971811831215068
132771,0.02961359791628072
132776,0.005039279445619393
132778,0.06779323687059446
132782,0.03458475074693855
132788,0.002935824493747703
132790,0.005517407632442762
132791,0.00765596406237583
132792,0.0059459256124576275
132795,0.012874413647570047
132796,0.2709890882739669
132797,0.022375870977116026
132798,0.024542779373548432
132799,0.025040978936628492
132800,0.004937082314519955
132801,0.09305979474617855
132802,0.008560593174602628
132803,0.05504298927319553
132804,0.07693288238591091
132805,0.014113254591140085
132807,0.06448225646499356
132809,0.03444551974048776
132812,0.09691449437162206
132816,0.02514540215665034
132819,0.13281747728468218
132822,0.06373106159969498
132824,0.04945763175412456
132829,0.026282268698453303
132830,0.006225615332751349
132831,0.013518219293171227
132832,0.015496415697935962
132837,0.012716400820696885
132838,0.0118031366962103
132839,0.013043059257007546
132840,0.16140301616575442
132843,0.00692487108141261
132844,0.06962633109071951
132845,0.009870747936041487
132847,0.004265633078674019
132850,0.15559950461198707
132851,0.004013226334907321
132852,0.005637782816372661
132856,0.04710503084356189
132857,0.036203427438525886
132862,0.00551997704608421
132865,0.009854079250944963
132866,0.008211605485294106
132867,0.0039036599054348355
132872,0.0038144750112192086
132873,0.0033672870828792252
132876,0.043990918043966154
132877,0.2235758339535482
132878,0.007079036949444238
132879,0.004261666038193055
132883,0.0037242452410703292
132887,0.01443533352243163
132889,0.007460736374122528
132890,0.018818328252803926
132892,0.12254141744183325
132894,0.008382402985766754
132895,0.08226025736512448
132896,0.0029481239036809816
132898,0.013031314109202947
132899,0.002908559059725015
132900,0.029465236274821793
132907,0.06727014410979201
132908,0.09068865454042326
132909,0.0353465716687004
132910,0.0040741011274443625
132911,0.030133643741866358
132915,0.008716852885798286
132916,0.07544083559418695
132917,0.03436402992456105
132918,0.2187933101066066
132920,0.004018128605515646
132921,0.005208875826500219
132922,0.00954970850318684
132926,0.027520269687212513
132927,0.026597681524309937
132928,0.012380165311765718
132930,0.09488469779747175
132932,0.004599626684857977
132933,0.03371442545447448
132934,0.008703978267895502
132935,0.00405008652700204
132936,0.0076319953832411054
132937,0.0037010463505107415
132939,0.009004594582892508
132940,0.1767022435138391
132944,0.06443762008130041
132946,0.034973992767030934
132949,0.029845259824600526
132950,0.007570462088572104
132953,0.007714192850194308
132957,0.004616509710444395
132958,0.011855923458319489
132959,0.0187642505190612
132960,0.06802386568730708
132961,0.218567707812098
132962,0.18437010204747684
132963,0.0038930000590969072
132966,0.047167914986195755
132969,0.00332041213491731
132972,0.008439401326055244
132975,0.007868213644810123
132976,0.005110639581172493
132978,0.01897171464296525
132980,0.1907718057473886
132984,0.04258680246109784
132987,0.015082241949007237
132990,0.008472147396956396
132991,0.0045137777068018515
132994,0.04080516032872508
132995,0.005652780157105454
132996,0.03459537651067348
132999,0.01456693889501407
133003,0.02819858253612199
133008,0.011749204258314916
133011,0.03620639119324022
133012,0.006925146366461537
133013,0.02802028917687174
133014,0.051409110755660264
133016,0.04641314270867922
133017,0.015635506817890023
133020,0.06400947170050252
133021,0.3135045108271609
133022,0.006134960375470709
133029,0.0034153193949164
133031,0.004197094536749772
133032,0.009699585735082695
133033,0.0743980657969577
133040,0.0044034817476975635
133043,0.006412637720741583
133044,0.10482654652342661
133045,0.015441473580126762
133046,0.003079459389307203
133047,0.049300640773844315
133052,0.009062349105322724
133054,0.04199774379607015
133055,0.1491816457665491
133056,0.0037253013274980255
133057,0.004307840089331509
133059,0.003955316452827498
133063,0.014101740235632725
133067,0.005196678589087464
133069,0.032010390814532066
133071,0.00458617717089025
133072,0.03194066737512056
133075,0.020232050347918685
133076,0.005982636492099309
133077,0.019204904610267512
133078,0.1599761964031504
133079,0.09866790721406792
133080,0.1264106785060801
133081,0.00433853823411447
133082,0.03141461397963276
133083,0.002858646732096662
133084,0.00560578117424978
133086,0.004651763480961348
133087,0.00877924544180364
133090,0.0028337416844456662
133093,0.006952790840504117
133094,0.003247802687253486
133095,0.06459034735408695
133096,0.015068304784268865
133097,0.01201528551491522
133100,0.0077213119775899584
133101,0.01555662349848348
133103,0.026092726083828087
133104,0.00322534579408484
133105,0.002879956152990196
133110,0.003630156704891084
133111,0.10854031254399424
133113,0.026092726083828087
133115,0.0037778547648353767
133116,0.030507208650990845
133120,0.23588225355424886
133121,0.14916094373303165
133128,0.011133586292662463
133129,0.08721470554008526
133130,0.1553898930609515
133133,0.024675172360112404
133135,0.005230073077206619
133137,0.003834167393518695
133140,0.06215592559356054
133142,0.005243714765193535
133143,0.010561076866267968
133144,0.003806288592009511
133149,0.04199774379607015
133151,0.008483963010629753
133153,0.007025669204480108
133160,0.006610390818503743
133164,0.0037459442228630507
133165,0.0035291052509275624
133168,0.0034320692517430438
133169,0.004824612409876064
133170,0.024255335789868385
133172,0.004690996696661089
133176,0.009019929646811668
133178,0.004267873882559848
133181,0.028774141952501473
133183,0.00726927349396812
133187,0.038634318206669564
133188,0.009903019831622464
133191,0.026092726083828087
133192,0.007076629200160426
133194,0.007823997282792672
133195,0.008463428909464658
133201,0.010281706571516247
133202,0.200138275315798
133203,0.0560590679496864
133204,0.018711542473005216
133208,0.005886827681941545
133209,0.01940546512874673
133212,0.027837595205028938
133214,0.0035656806553299213
133215,0.0036434825221325186
133216,0.0029168230632617537
133217,0.009888970754023672
133222,0.006040759497190468
133223,0.07601448858375366
133224,0.0073221694301744905
133227,0.016729527406618063
133228,0.006468473029518975
133230,0.003831040116072259
133231,0.012413048901954224
133234,0.09263343411574236
133235,0.016498716822777454
133237,0.003739992381302364
133239,0.009651651762462424
133241,0.203598124086634
133242,0.0159429019330175
133245,0.010701495675324392
133246,0.003999528173259524
133248,0.22271423143787245
133249,0.0062622393904283
133250,0.0121414377381152
133253,0.003952513687552056
133254,0.005548071121775443
133255,0.007711879248608938
133258,0.003799392663138241
133260,0.014233815550393722
133261,0.010164387868217483
133263,0.008175283520001235
133264,0.011048375075470789
133266,0.009903019831622464
133267,0.006367385598501372
133271,0.01489666192498884
133276,0.008764880182499615
133279,0.003740340862285429
133280,0.0185487274019916
133283,0.0036918122652115563
133286,0.03072054522058093
133287,0.0031852101286524667
133288,0.020061270473186305
133289,0.005572642824888059
133290,0.003248480772202677
133292,0.006294631634442325
133293,0.005051377834021454
133297,0.024311841559716784
133298,0.0029926881162142035
133299,0.015175643265388545
133300,0.003240227836612594
133301,0.0035953876541569073
133305,0.005175684482782176
133306,0.02077823970580645
133307,0.006618445411764374
133308,0.03187997436331577
133309,0.10813806429820617
133310,0.003201819835761391
133312,0.01478744593343322
133313,0.0501941524682073
133314,0.017559333380628418
133317,0.02408401775666148
133321,0.021404563288191455
133322,0.0030151867045493104
133324,0.004041827766895916
133327,0.1606074449652343
133329,0.0032637670592055874
133331,0.022010135516221156
133334,0.010447069244195722
133338,0.008972574680225262
133340,0.03817290141647245
133341,0.13812008046688656
133346,0.007408841980145912
133347,0.003694645032833305
133352,0.010289340403594768
133358,0.0031994124208948186
133360,0.0068711048351284935
133363,0.005407209554056546
133364,0.14330002558143812
133367,0.2909203523474686
133369,0.021326625293567505
133370,0.013147863602337027
133372,0.009892239013468248
133373,0.02563140864272985
133374,0.003685391831060057
133376,0.03047017141162993
133377,0.04387400484014756
133378,0.00613514505028321
133379,0.00371495751817294
133384,0.0029010873217417926
133385,0.0033176963170308293
133386,0.0034630741650401955
133387,0.007225205014971429
133388,0.0034210483250230557
133389,0.0037459980537852904
133390,0.025040978936628492
133396,0.002866944155490159
133398,0.00526522746279701
133400,0.0387928589482795
133402,0.007791346981367826
133404,0.017844962315610176
133409,0.03667962032869897
133410,0.0066481350864258494
133412,0.19070836983640174
133415,0.013303337652672486
133416,0.19933240939533342
133418,0.008296810803105785
133420,0.014944986056190906
133422,0.02005546804413224
133426,0.05274429287400874
133429,0.004220403927313556
133431,0.06762318539355476
133433,0.05925638802816769
133434,0.008327363501277251
133435,0.037296243369778374
133436,0.00929184100295232
133438,0.007799138125024756
133439,0.004705315294836212
133440,0.049323024018432644
133441,0.007308694311791958
133443,0.046751341059513674
133445,0.08965674771328408
133449,0.0032879368577740592
133452,0.2228110635634466
133456,0.0036899852287061888
133458,0.012295760428475489
133460,0.01330528574488242
133461,0.0052690845890788415
133463,0.1566508127845618
133464,0.011858045196800572
133468,0.009878946112928284
133470,0.0055806792176085855
133472,0.20667093041147175
133475,0.029286416606653994
133477,0.002906372282532897
133478,0.01843481449184849
133481,0.02772850641343747
133484,0.0038421067144414176
133486,0.008708414828409816
133489,0.029447141556036283
133490,0.009875491897733596
133492,0.0979128159548113
133493,0.027946707613431168
133495,0.003953966484319248
133496,0.009895543585180707
133497,0.030230988343310294
133502,0.00901698512931969
133504,0.018283127986816302
133505,0.007185090823915498
133508,0.003941146147507578
133512,0.003079373145432913
133516,0.09194467191029475
133517,0.0037358277720349084
133520,0.25494897567651403
133521,0.04698864996288349
133523,0.03029961314178549
133524,0.018178194408367623
133525,0.2567864998762146
133526,0.0033328557605159137
133528,0.014132757206652255
133529,0.004941285357720588
133530,0.004202029225096991
133531,0.01923597266917703
133533,0.002843614398848695
133534,0.0046724888843038825
133535,0.008474254780384495
133536,0.005297594557508422
133538,0.01995040232711672
133543,0.04282207029809572
133544,0.015420702006094104
133546,0.00695384494550114
133547,0.024778842483360864
133548,0.015528721988061274
133551,0.16877819090750185
133553,0.027595243847173767
133554,0.18693545278726778
133556,0.006914695282382035
133559,0.06300700914696143
133560,0.02911673859199915
133562,0.211782046830189
133568,0.005248623769440737
133570,0.0036984888007724447
133571,0.004047196125976543
133574,0.01957544304893382
133575,0.08148733078699656
133576,0.0046508312170977
133577,0.0038233609721353883
133580,0.01676510458251056
133581,0.0035385354245924543
133583,0.006942990900033068
133584,0.040313260071282296
133585,0.08898721319174895
133586,0.02153262046227022
133587,0.0032613537348808942
133588,0.04969690574447053
133589,0.007748429233837094
133591,0.06636119654958439
133594,0.03652741704637631
133598,0.03424005144003814
133599,0.032937853489573295
133600,0.003007816634065258
133601,0.0034274860656509126
133602,0.017155496989176504
133605,0.020035055281944884
133606,0.008780334339852775
133608,0.013472715940814657
133614,0.21938081990119931
133616,0.02679700354550219
133617,0.0052052465649210615
133618,0.01483353381394149
133621,0.00913646489237147
133622,0.0055581370331549106
133628,0.005165493697842414
133631,0.01005706807363952
133632,0.0035591846328091345
133633,0.0594305236923069
133634,0.0030275693804853896
133636,0.014116239121235323
133638,0.003110518548181069
133641,0.026092726083828087
133643,0.21202620558259686
133644,0.0032400657894187074
133645,0.11042349177158338
133647,0.04068529189471585
133648,0.004620561488746404
133651,0.0047414158689023
133652,0.20017576671295337
133653,0.013313685661332621
133654,0.01437026269163357
133656,0.0032141432174857556
133658,0.005403636910605684
133659,0.022650832033540094
133663,0.010532709576719958
133665,0.08419227154257633
133669,0.00420584351017544
133671,0.016260007608029453
133673,0.004388898851280653
133674,0.0070024464437998864
133675,0.0036929388732462294
133680,0.013319620170232995
133683,0.0248379209801664
133684,0.00398921694888744
133686,0.012202766070647094
133687,0.006391657960953963
133694,0.1539320202420099
133695,0.06001131916273266
133696,0.034619952277279153
133697,0.09758518071926474
133698,0.014708171244330511
133701,0.017724900954232035
133702,0.024310286877311224
133703,0.026092726083828087
133706,0.03541556263077837
133708,0.03648988854055897
133710,0.0034461212580326707
133711,0.00751335666236175
133712,0.0028406441477918454
133713,0.012531312626839389
133714,0.04385454455376296
133715,0.003600421260324564
133717,0.12364358706062653
133720,0.02422520420418726
133723,0.09578959844792023
133725,0.016227127013966884
133728,0.003910676218292232
133730,0.04222318092701039
133733,0.0413951166639236
133735,0.00905615139877907
133739,0.005351542004140795
133740,0.009068834046408016
133741,0.012286768135296746
133744,0.019573446979668223
133745,0.023548923243401108
133747,0.06349583467481258
133750,0.02093066882689556
133752,0.01839021651508807
133755,0.007604072002081331
133757,0.019831215101999172
133759,0.004338235598322349
133760,0.00398742933464489
133761,0.004232297397462342
133767,0.06357806002399624
133769,0.005396425518635146
133771,0.027653789749969016
133772,0.0028516273917957168
133773,0.0037567593855244562
133774,0.025219212901278612
133778,0.06274798958881855
133781,0.02500373405526511
133784,0.00425341866878776
133785,0.003805160199070972
133786,0.18987459891668515
133787,0.016530502724865427
133789,0.009897375323579498
133791,0.004136819437614197
133792,0.030703808378638304
133794,0.03903425708589609
133795,0.011700087392430959
133798,0.0032171583448705947
133799,0.025290457086777497
133802,0.01473383714950978
133803,0.004842877110508393
133805,0.00522717348806986
133806,0.004947902914686335
133808,0.009056846604794559
133815,0.010191752567675287
133817,0.05279569325514709
133821,0.13791753823171668
133822,0.012335610849233075
133824,0.12776461849897996
133830,0.006062612456705975
133831,0.012927738498760853
133832,0.057492078382521385
133833,0.09059962093399272
133835,0.052631375618167726
133837,0.0038875038455958248
133838,0.007516135866915381
133839,0.1779545553834041
133842,0.025881465825141392
133845,0.22014146568992088
133846,0.0029240928293291844
133847,0.006770064274019986
133848,0.01831705245689597
133849,0.19848495419827733
133850,0.006502119383213029
133851,0.040985522150536684
133853,0.00538240849866881
133856,0.003736199835590933
133858,0.006264060699893611
133863,0.06000848025698681
133864,0.003969928799842082
133867,0.005432329435380923
133872,0.18699004524296456
133874,0.013449143598185042
133875,0.003452571007899923
133877,0.03548186579337547
133881,0.003475505545445322
133882,0.01973778561766228
133883,0.15284537860553887
133885,0.013827379133184027
133888,0.004805675611209756
133889,0.0592160430730261
133890,0.01466774754031441
133892,0.005637087837958453
133893,0.06584403729164724
133895,0.19541955160547106
133896,0.03354529597906141
133897,0.05694716251756945
133899,0.008386815444748215
133900,0.12745850148359122
133901,0.008873254232107695
133902,0.01595123443919724
133904,0.015719545444836853
133907,0.045653913075075735
133908,0.009587925014069267
133912,0.04100973141669395
133914,0.02236386251082752
133915,0.005832264494402974
133916,0.01502014255005703
133917,0.022678947815418547
133919,0.029104225645187345
133921,0.0068179726245941865
133922,0.02746557146003618
133923,0.009430213833057598
133924,0.20033640660769877
133925,0.006887288536322223
133926,0.04787100552522917
133930,0.014854465887386786
133932,0.005687687264603238
133933,0.21719065940254142
133935,0.03477500597253946
133940,0.003764318787465553
133941,0.005036021651781513
133943,0.05611473483593246
133944,0.03655664780550393
133945,0.06340698260241436
133948,0.0037470258398835726
133949,0.003992034726026999
133950,0.004866038256605516
133951,0.003300101169350881
133955,0.010497665383671558
133957,0.03741423148335056
133962,0.01022848435410702
133963,0.19648132376964186
133965,0.13663699194907677
133968,0.06094466857828615
133972,0.0038606846711667447
133973,0.19846498127578252
133974,0.026092726083828087
133976,0.015145276543984716
133977,0.0032495000046456435
133978,0.0035592606017346173
133979,0.00368292139966798
133981,0.0034169114061799065
133983,0.026092726083828087
133986,0.004465351428816149
133987,0.0038111374409255574
133988,0.006442792168918734
133989,0.013616701662220159
133992,0.015066157035954743
133993,0.21326404493056206
133995,0.02454145868842678
133996,0.027348788477547303
133997,0.03139473745660698
133998,0.025926901785659012
133999,0.0137060317844622
134001,0.0057846668499643315
134006,0.04567387066469476
134008,0.014727499323916897
134009,0.20709464537618819
134010,0.003913582652097933
134013,0.004319072494750035
134014,0.005351181848283208
134015,0.08115564828092525
134016,0.10990448893104912
134017,0.0030583944831151337
134019,0.07252251462511837
134021,0.03206547937303168
134022,0.009859890874398534
134023,0.02097636211729953
134024,0.003173937588746484
134027,0.003379327290064674
134028,0.007679609497633822
134030,0.13489695771587049
134031,0.04199774379607015
134035,0.01712513616175521
134038,0.009165345097385941
134039,0.019543935666125032
134043,0.004255830129008861
134044,0.20548738437506167
134045,0.05616716708385536
134046,0.10055958698835597
134053,0.004568751336171729
134056,0.0028260218603679828
134060,0.009444133351186147
134063,0.004811097343172214
134064,0.011345762681724192
134065,0.006215685912775084
134067,0.04623939971698876
134069,0.20137877072220065
134070,0.023576946681420966
134071,0.008778168261785886
134072,0.07578265548400145
134075,0.0281979924270416
134077,0.013085132230198785
134080,0.019498564005811705
134082,0.0051676211989384714
134087,0.0038047109811092453
134088,0.021546369246761926
134089,0.012054485910373676
134091,0.0396174458169273
134093,0.0030180526597105026
134095,0.003263619407976148
134096,0.16836465167437523
134098,0.011876175397294962
134099,0.29521661725649156
134100,0.02008768636982092
134102,0.08233274049064603
134107,0.009113581592140596
134108,0.006419748514021367
134110,0.021138055607751213
134112,0.010290965285451922
134113,0.0641355052037466
134121,0.006568368110002521
134122,0.061273439529054015
134123,0.008203311486023749
134124,0.03687984237139762
134126,0.2794659043691067
134127,0.003957798342140269
134129,0.0029971117348523055
134131,0.026092726083828087
134132,0.04438776460387387
134133,0.01973964949810551
134137,0.08097210762850529
134140,0.0294737283651125
134144,0.017679282969757047
134147,0.029461991777907807
134148,0.03457660894238224
134149,0.008706550699557713
134152,0.09450969249271989
134154,0.00374886902053135
134156,0.012865816364135373
134166,0.015037548184504854
134168,0.008390272747829393
134170,0.004197094536749772
134171,0.00327362318466376
134172,0.008893125842029923
134173,0.005211460135059993
134174,0.040645910943672876
134176,0.058606867093626
134177,0.00367911536435238
134180,0.01517087768139921
134182,0.023445337115188685
134185,0.04247784139275818
134186,0.01630774674575205
134187,0.05446327772038757
134188,0.010980712498897986
134191,0.004254129851107082
134192,0.004104617430243562
134194,0.006056491986635464
134195,0.016966794147032543
134196,0.015058008002288632
134197,0.00698187977982043
134199,0.005982433731517567
134202,0.013460032920576358
134203,0.010061659503666342
134205,0.005030123744554331
134206,0.013243106446075882
134207,0.003212316751700969
134211,0.03342754235363619
134215,0.03208615133357622
134216,0.004776510775787426
134218,0.01927918900237687
134219,0.02938222481551822
134220,0.0036593171075099433
134221,0.04031726223721425
134224,0.06579780746292312
134227,0.002991349786261344
134229,0.019905835881054264
134231,0.008452947686306462
134233,0.004044359325142116
134236,0.0034184558856716206
134237,0.0028524832081998092
134239,0.0058861097859416135
134240,0.05627042512822959
134241,0.0056841182767199145
134243,0.0586623905038082
134248,0.0224854205854184
134249,0.01194836417643455
134251,0.006333488065580508
134254,0.022380560636760402
134256,0.009870028810382764
134259,0.08839432713144581
134260,0.004388858176023851
134261,0.05344600970805243
134263,0.044926407098446766
134264,0.12354295452581135
134265,0.036260261276359604
134266,0.011399406782901056
134271,0.00599589649466034
134275,0.028177903555888815
134276,0.01584351851147771
134278,0.02468257138782714
134283,0.006806680180570486
134285,0.1627660500943398
134286,0.012761388462399185
134287,0.029390960029692666
134288,0.07620839795111621
134289,0.1380834268897915
134290,0.015158070789708263
134291,0.265795462719652
134293,0.2557240020321525
134297,0.005115194398084458
134298,0.03339558597700886
134300,0.06685297955747253
134304,0.015884554039329125
134305,0.01210569332331925
134307,0.012028534473965583
134313,0.011991226100186277
134315,0.04515819137880779
134318,0.0035226441862135213
134321,0.1920795882142341
134322,0.0031013861605766113
134324,0.004055881661180536
134325,0.17171029974177057
134328,0.01614203679899608
134329,0.01278596371613244
134332,0.002949433136827675
134333,0.08579955132728417
134334,0.2964180541707539
134336,0.2115654332770053
134338,0.17533465056353995
134340,0.003323582385319739
134342,0.04189183874566093
134343,0.0039898866736024115
134345,0.004571811188416827
134347,0.021158526077266065
134349,0.002989748697049881
134350,0.00540675178877949
134351,0.002935897801663686
134352,0.044412605276778504
134353,0.00430425226137757
134358,0.10831867531552646
134359,0.026106223869438717
134362,0.013056365578403225
134364,0.007574928763333514
134365,0.09694040363079955
134366,0.004197094536749772
134367,0.07996757059442906
134368,0.0583182753646172
134370,0.003575251956827655
134371,0.024743907470719577
134372,0.01714679615769655
134375,0.019612134609408496
134376,0.002891494548787236
134377,0.10257760388035932
134378,0.15848386594710265
134379,0.003762196584892705
134383,0.003725415953939077
134385,0.0037593517236861685
134392,0.2442972374060745
134394,0.004312056102906103
134395,0.2555555299849399
134396,0.005211272841132863
134397,0.0043903118832313535
134401,0.07653066860161578
134404,0.03527644114717825
134406,0.0038581672874134307
134407,0.0031881207502895896
134408,0.05521911560451068
134410,0.005434374397439149
134411,0.003959472449457689
134412,0.0031159334501587176
134414,0.21370236823543168
134419,0.003659272789369696
134421,0.046399527187183744
134422,0.013869161762930161
134423,0.04165679496425604
134425,0.0037273161904717786
134427,0.004931078976745838
134428,0.07757371806995085
134431,0.0077476595323128904
134433,0.003946385989845869
134437,0.011695726554158403
134439,0.0033453332000846557
134441,0.004944702421742188
134443,0.03125895542947591
134444,0.0942278117724944
134446,0.10970975715806386
134450,0.003946433258241073
134451,0.0423104533631369
134452,0.0122212620673627
134454,0.005416291599757696
134455,0.010060860892845648
134456,0.005359901610327898
134457,0.003629170391780038
134459,0.04657590673929654
134460,0.04915312778415342
134461,0.2500693504395969
134462,0.09373438930454608
134463,0.20053742588159013
134468,0.015566421561190508
134469,0.005495313528524041
134474,0.009878861423417588
134477,0.026092726083828087
134478,0.003957709573095147
134479,0.005436795720065738
134480,0.003904153885807961
134481,0.01812639122332551
134482,0.04934523482316468
134483,0.16627822452501936
134485,0.12339445064817901
134488,0.008264179548474321
134491,0.00858183482948468
134492,0.11378311920053052
134494,0.04784696297415721
134495,0.026092726083828087
134497,0.31526578181210024
134501,0.05838433567511931
134502,0.030036498766372915
134504,0.02145762341709176
134506,0.1348969931662222
134507,0.01439378852221088
134508,0.12489076124528405
134509,0.007545574726788143
134510,0.0035979702571726497
134513,0.012974407914708892
134515,0.011988347471549105
134518,0.04086236007844068
134520,0.0037035310166334927
134521,0.03422845049752514
134523,0.012883753258685652
134524,0.011879092572667806
134525,0.002998910467302144
134528,0.005749328122296209
134530,0.20490878617179445
134534,0.006721238664494105
134535,0.006080577230725731
134536,0.03596780904093137
134538,0.008789049216638166
134539,0.015345204389662618
134541,0.003955586853081243
134542,0.003618596459737725
134544,0.015080450979372625
134548,0.2182759946286236
134549,0.2750295163795533
134550,0.015349088818315747
134552,0.06811600997861782
134554,0.188702797947987
134559,0.07989410350705413
134560,0.01747357871278429
134561,0.023187661384003033
134562,0.007053798091133737
134563,0.046100586483423404
134564,0.009834564732854597
134569,0.012049664123957502
134571,0.004845454585088392
134572,0.006180026402119917
134573,0.0035857176848254815
134574,0.03400964554728145
134575,0.0294725314931878
134576,0.0926356207193681
134578,0.0043444318120360245
134579,0.006028043009731807
134580,0.0038673384282771534
134582,0.032714052097959176
134584,0.013386719617483857
134587,0.009332231543574097
134589,0.005018321298953045
134592,0.030020249227741658
134593,0.013987879378614397
134598,0.0037222368788585305
134599,0.003971212088659242
134601,0.0037147127623606197
134602,0.004198670312922402
134603,0.06398392094032876
134606,0.035084368025312146
134610,0.03763188140899811
134612,0.026872712555114434
134613,0.005746380819606558
134614,0.16924735967922186
134615,0.03104627180795302
134616,0.016056393466474424
134617,0.015018057384757989
134619,0.1727560287942314
134620,0.003989578006483725
134621,0.009876701024512366
134622,0.0030777790582117246
134623,0.007849763835981407
134624,0.0667881560775232
134629,0.020800488559687566
134631,0.0034156621415440537
134633,0.0762444771981645
134637,0.030646629086806834
134639,0.004123793209891945
134644,0.003867197831037038
134646,0.005157683771508823
134648,0.005918048277415393
134652,0.0038364248756131746
134653,0.0032064376455472506
134655,0.016578787354250026
134656,0.007912061780690365
134658,0.005228174149643869
134660,0.0028957086816783564
134661,0.05805604520124828
134665,0.003270356583106799
134666,0.003938890251637119
134668,0.03390160522696233
134669,0.0035601944250066076
134671,0.008426707030698793
134677,0.006286384828603335
134679,0.026273736730011772
134682,0.003795384564545816
134685,0.003424124794755914
134687,0.00553749668671042
134688,0.11569271178814891
134691,0.004726394869831792
134692,0.017290404843212964
134694,0.04909879947865013
134695,0.015121151649123267
134696,0.004078292483092431
134699,0.02427954042384293
134701,0.061902683901615255
134705,0.0053699703456868905
134706,0.01918218710809224
134710,0.003923074219462373
134711,0.12261500201918127
134712,0.007308486696031784
134713,0.019559222008870693
134714,0.18374103897893243
134715,0.0042109956398575414
134719,0.026092726083828087
134720,0.014280596193282258
134723,0.007041001959221325
134725,0.0038942784717023488
134726,0.01455291380421029
134728,0.004758457345504997
134730,0.003723321925023651
134731,0.006407445240839037
134732,0.014876726626123757
134734,0.018389088831624958
134739,0.0046470069770419556
134740,0.008745870944776756
134741,0.18580801961177687
134742,0.016366103875437275
134745,0.0029024873560662993
134748,0.0051149041841963205
134749,0.003609210544954549
134751,0.0033777206267827375
134752,0.02979919579752403
134753,0.01195192070565333
134755,0.005719537314522983
134760,0.0029894771386395594
134765,0.03412895178622613
134771,0.03839045894578887
134772,0.06147269192144674
134773,0.19378849743738405
134776,0.008567706050957842
134777,0.04199774379607015
134778,0.026092726083828087
134779,0.013225479159523643
134780,0.0160661991684203
134781,0.0038950448020554874
134782,0.0028883816662817665
134785,0.009655346308309849
134786,0.006989263961856278
134795,0.02009315421347825
134797,0.12881254882410287
134798,0.1771974842253553
134802,0.003006373536108021
134805,0.019436268664293006
134806,0.02423771880705042
134807,0.09155579644841488
134809,0.002899064812021786
134812,0.0029053882618523853
134814,0.05246268915239603
134817,0.005812734852296252
134818,0.009972799793346167
134819,0.003540224414858835
134821,0.003937903296320296
134824,0.00420584351017544
134825,0.007957468625276458
134832,0.010453567229138264
134834,0.00412902129266012
134835,0.08776150503945014
134836,0.0049754621143054175
134837,0.0034580242450351086
134842,0.007963740367630022
134843,0.041150412383080516
134844,0.13031579844323835
134846,0.006965129916625603
134847,0.07904189858433336
134848,0.01032097541082542
134849,0.0035002933466594336
134853,0.06002564936220593
134855,0.008515127318798063
134856,0.05590925900624458
134857,0.004492198593604895
134858,0.006930572386631178
134860,0.0093906229078568
134863,0.02655160815577852
134865,0.004292390603986064
134866,0.16291808836959923
134868,0.0032269831835335396
134869,0.03929024461900968
134878,0.08347462739753468
134880,0.003219804274825496
134881,0.16085519874129012
134883,0.045941348867762646
134884,0.0051098886184166165
134888,0.0055765892376330554
134889,0.015431392053350713
134891,0.1829193743431758
134892,0.04141751318341303
134893,0.03115054091440234
134894,0.010981267294613727
134897,0.008348247021540004
134899,0.012063471435787997
134900,0.007688310737708599
134901,0.1864741611163011
134903,0.00575405347061071
134905,0.04531442349317498
134906,0.1771974842253553
134907,0.004918918757023143
134908,0.02576366449432318
134912,0.016802971336384476
134913,0.004120816588093639
134915,0.005446089621345504
134916,0.0034613955311212407
134917,0.020551972180595447
134919,0.20145444723810568
134922,0.014419346666372639
134923,0.009903019831622464
134925,0.2172142141476738
134929,0.1113216660980806
134930,0.0030814159194680947
134931,0.0034681466262839918
134936,0.0046703353341090055
134939,0.020312028561729336
134941,0.01298333407905564
134943,0.20033640660769877
134945,0.0062478609572096016
134946,0.007443912866673808
134948,0.003563277678417691
134955,0.0049436473834232044
134960,0.15652990544860126
134961,0.023927822681618388
134962,0.0038984303442903844
134965,0.012070688625147692
134966,0.0042634620492055224
134967,0.006200733729313171
134969,0.0039315622655518604
134971,0.0940660640726553
134977,0.010178399907269943
134978,0.0036822015262925984
134982,0.04432853651866162
134983,0.002919403024808612
134984,0.003928620004713744
134986,0.012268955814207666
134990,0.05305472119376709
134991,0.014344653594101224
134992,0.026092726083828087
134994,0.025451417313754488
134995,0.02818964784064082
134997,0.08516087852344945
134999,0.004124840737790932
135002,0.012198254697277935
135003,0.00733860094637184
135005,0.06723348773409789
135006,0.030155104840156908
135010,0.007642965226685031
135013,0.019982135231982577
135015,0.048398596173945846
135018,0.07232777624587385
135021,0.03295644490728857
135023,0.0028954229159138343
135026,0.02627028941817044
135027,0.05474200815576647
135028,0.0034583592351989036
135031,0.004028902741365796
135033,0.003409281605613505
135036,0.007581244324762492
135041,0.004032832558343822
135042,0.11693562118117566
135043,0.017494076957815602
135046,0.004262354266784834
135051,0.054941761802244755
135052,0.010448808698221105
135054,0.29693867680380964
135055,0.004266646609476982
135056,0.005878965150599547
135057,0.022862428051192523
135058,0.020867473115815854
135059,0.0037654414913589306
135060,0.014566841662251879
135061,0.00398712308169695
135065,0.16858493239540495
135067,0.038808981254462464
135068,0.00480594967014482
135069,0.018845894960436694
135070,0.22737235307295695
135072,0.03813722318947509
135073,0.02148805776578512
135074,0.01546568977115409
135076,0.008563334074658556
135077,0.012873291977760541
135080,0.00818690085005094
135082,0.06645075140052543
135088,0.06987666126404649
135089,0.012361461685755581
135090,0.003564828561964409
135092,0.01645929786500794
135099,0.0036653887284637215
135101,0.003031397739817734
135102,0.004467818244404409
135104,0.04565932229989929
135105,0.05521606099208838
135107,0.059719599470890346
135108,0.006579510172044717
135110,0.003914756199570195
135111,0.25880317635587324
135114,0.04472129736067515
135115,0.0037474811301737784
135116,0.0038267964871143765
135118,0.006612590973226061
135119,0.0461492757035716
135122,0.1706170867377538
135123,0.004036542743152026
135124,0.008653396808842657
135128,0.05008800881175551
135129,0.03226865147598785
135131,0.003882664136047714
135132,0.002947645356043687
135133,0.002839473204376816
135136,0.004005370264519877
135138,0.011747652584188768
135140,0.023421424153692125
135141,0.05279569325514709
135143,0.008568717633501808
135144,0.003640785248755408
135154,0.01182605344061371
135156,0.06092300249394894
135158,0.009971849407116226
135160,0.008786492698210769
135161,0.003467733357463013
135163,0.01527118170945869
135172,0.1298020175219538
135173,0.02558316242143629
135175,0.006857134895290305
135177,0.053920837260113784
135178,0.004243472894361306
135179,0.07155747930307307
135184,0.004570597178877665
135187,0.06599634950363503
135188,0.019306279781424133
135190,0.05082791853439855
135191,0.004697088231281268
135198,0.003957223568134863
135199,0.026092726083828087
135200,0.04254094332368451
135203,0.005712498444071355
135204,0.003550144780342471
135205,0.009040122748479498
135211,0.14411098474340606
135212,0.003713641292555195
135216,0.004443446625615066
135218,0.00459150118787496
135220,0.003858468307558373
135222,0.2686443890103242
135225,0.025040978936628492
135226,0.005059497626786689
135227,0.008975489280027006
135230,0.16847910556883094
135234,0.008795629970884103
135235,0.0034173266119745405
135236,0.003793420078256347
135237,0.15449146265807717
135239,0.07938072405785074
135241,0.004328409163617605
135243,0.008786815516075285
135244,0.0186237574325779
135245,0.23129474892525387
135249,0.041018611023491115
135250,0.00878630521804101
135252,0.003247383567789517
135253,0.04944884528138756
135254,0.11140934558914004
135255,0.07010500188667437
135258,0.1015461555846651
135259,0.005743518676533494
135261,0.06732877834528432
135262,0.026092726083828087
135264,0.004100125127893743
135267,0.004710107007116357
135268,0.003547290848100481
135269,0.18246797209984622
135270,0.012374325181913544
135272,0.09486062889379639
135273,0.014332197158555732
135274,0.008698565221840949
135277,0.018285620013025177
135279,0.014112559659265125
135281,0.04538727620246702
135282,0.007169534004293199
135283,0.06951810463208312
135284,0.036535288525957936
135286,0.003582444999485783
135287,0.002906372282532897
135290,0.0029258329375604266
135291,0.07922510306174803
135292,0.03447502985120033
135296,0.021860865472563787
135297,0.021539172683167355
135298,0.004296230939679647
135299,0.03262209305719172
135300,0.04547179429178839
135301,0.15945278053971357
135304,0.03350818130822002
135306,0.009687095518286244
135307,0.004541246423318394
135311,0.006941318011638584
135312,0.00462549816811009
135316,0.004546450837690901
135318,0.007235572264638129
135322,0.0061645983784962
135323,0.04415497354432462
135325,0.06298109411055694
135330,0.026433841387247938
135333,0.004363065668770402
135334,0.003730224801116627
135335,0.046242552790688736
135336,0.006190492796416643
135339,0.0321054282999113
135344,0.01688568783302889
135346,0.0032617688885716546
135347,0.03511034167944401
135349,0.003408355876043636
135350,0.03835158479237637
135353,0.026092726083828087
135354,0.03362602090876854
135357,0.0037862694150421405
135360,0.014943498635849404
135361,0.03649780813799608
135362,0.006293704522858743
135365,0.026828772997046616
135366,0.04583586207824148
135367,0.03635901397779555
135368,0.014133955713340494
135375,0.07250710317955364
135377,0.007103912678636433
135385,0.0029839515367383446
135386,0.0034987658058870602
135388,0.023657502536693655
135390,0.013625836081012277
135391,0.0034406134071999325
135395,0.05759459753782425
135396,0.004243920246386873
135397,0.003500989055120272
135398,0.012991660085814934
135399,0.003952880519417681
135400,0.005516204491502603
135404,0.008779321668886996
135406,0.03785372555054137
135410,0.026092726083828087
135412,0.01629867853400912
135414,0.005597946644940324
135415,0.03060097776122473
135417,0.0030013617528627085
135419,0.08689443926683094
135421,0.004242952199579588
135423,0.06771678012304548
135424,0.006745520017608351
135425,0.009024485631160482
135427,0.016352542321350052
135428,0.004389275420697928
135431,0.028857355543559598
135434,0.010381051837521058
135436,0.010120803893681142
135438,0.009791423128677
135440,0.008112411170069209
135441,0.003809094609255116
135443,0.2913498259262996
135445,0.017864787788289954
135446,0.023169935476708387
135450,0.0490498059171715
135451,0.015011841820132857
135454,0.004329598740593582
135458,0.03252007679659414
135460,0.07230227838287008
135462,0.008697145569594849
135468,0.0031009334776699237
135469,0.06639848938745053
135470,0.003137298886167953
135475,0.003632428994381946
135476,0.020183596977007723
135479,0.04894395449882546
135482,0.07731713920386316
135485,0.015567572782793847
135487,0.21766330604040918
135491,0.02299910758494157
135492,0.19846498127578252
135495,0.006711765162767906
135497,0.2609841920637961
135498,0.04550227397097233
135500,0.039944975062531744
135504,0.003488936167882641
135506,0.0035623552575872923
135509,0.19306546980484918
135511,0.0038748457762805494
135512,0.2302540441390285
135516,0.026092726083828087
135517,0.04859253044855263
135522,0.020967634732580495
135524,0.004041827766895916
135525,0.003457088588867182
135530,0.12388910979896611
135532,0.010960986208762813
135533,0.022980694549162527
135539,0.1529903556788628
135541,0.004444545283964129
135544,0.0038437514592137663
135547,0.07325918092009005
135548,0.05335947652921682
135550,0.004149531071315289
135553,0.003780734437628053
135554,0.04642185358486799
135555,0.18699004524296456
135556,0.005321763053823283
135560,0.011832430376491225
135562,0.012969260238198561
135564,0.0053409552881999965
135565,0.0038394440670100143
135566,0.004562021296889266
135567,0.0033958174589629603
135570,0.003868976383371382
135573,0.04486179166969618
135575,0.013506752164191043
135580,0.2814649077682525
135581,0.007677289264433754
135582,0.013753748079454493
135583,0.009938252207980018
135586,0.007641008776355949
135588,0.021766094915792178
135592,0.0036062942738955784
135593,0.03587273719325034
135597,0.13966670593232547
135600,0.06429940188249143
135602,0.033800231109707854
135604,0.23339082974985328
135605,0.009568167522806403
135606,0.15468002748370782
135607,0.017035882288561368
135608,0.006534475898505393
135609,0.05198373597841721
135610,0.07876751871650724
135612,0.018028486874438417
135617,0.05298704755833486
135618,0.019795315690929134
135626,0.005020405205865961
135629,0.014887083721967218
135635,0.3323534645493999
135637,0.06075620886841649
135639,0.0028797562122269064
135641,0.0031434912833580853
135642,0.0029340180101778
135646,0.026092726083828087
135650,0.0036993841110232063
135652,0.041026729237776643
135653,0.003583552702391358
135654,0.02807081416901838
135657,0.0046508312170977
135658,0.008005728914420869
135659,0.049182535983769066
135661,0.008229648414602886
135662,0.022482839382775018
135663,0.014232141352445608
135670,0.047899623632196665
135671,0.0127871896928076
135672,0.004971858863584772
135674,0.03984882584669828
135675,0.03635403101973854
135676,0.012127734196866653
135677,0.017551274512690705
135678,0.014507070702553878
135680,0.10490720835925281
135682,0.0030651876351722785
135685,0.004220403927313556
135691,0.004059619054416154
135692,0.014128871207765346
135695,0.0036757580586333463
135699,0.009334989076199954
135700,0.0036699775968227215
135701,0.006054312662527375
135702,0.02200048243253019
135705,0.008743424216898126
135707,0.0029132781713183814
135708,0.030300911582035208
135709,0.008164308988070914
135712,0.014394615717420706
135713,0.0765348085073655
135715,0.003241223042652655
135716,0.17060113581495348
135718,0.005706374357726561
135719,0.03393542032357338
135720,0.27000309911596587
135722,0.04444876238731906
135724,0.010224725161793739
135728,0.007923583313110376
135729,0.034466275835295906
135732,0.012912395520201358
135735,0.03094898243696067
135736,0.0392170902375798
135737,0.023426316694278373
135738,0.005503540707731998
135744,0.00878144060903957
135745,0.01941744723609123
135746,0.00515539534183545
135747,0.12904652308876371
135749,0.008461230631503175
135751,0.027117393168856502
135752,0.003991997518426534
135754,0.010806112479182919
135758,0.025040978936628492
135759,0.009768539054803347
135761,0.1942354229071063
135763,0.007772004265875397
135764,0.0972711279527253
135765,0.009095352791848772
135766,0.009006313101176203
135769,0.004866344019881097
135770,0.005501786737913562
135772,0.17533465056353995
135773,0.052950382242685355
135774,0.0034956768149848236
135775,0.006395238385604512
135778,0.013180652244681373
135779,0.0035182461063064945
135780,0.02468658030167822
135781,0.0955647222024368
135785,0.20597363849823283
135787,0.022522649870466198
135792,0.0036293391532214643
135793,0.19527076637220991
135794,0.006539968032383429
135796,0.006650462772872104
135797,0.004278152500435418
135801,0.005156644167684461
135805,0.004054704072678395
135807,0.2568614469962402
135808,0.024072255356116123
135809,0.003495798089164899
135814,0.006930777873264222
135815,0.009090729464255686
135820,0.0032404026941423463
135822,0.005931801240005676
135823,0.0028311289858380987
135824,0.25540254637440074
135825,0.007186736657470824
135828,0.005108194998681804
135830,0.061573856177992374
135831,0.016518578323131153
135833,0.0028503780608451525
135834,0.1957904624773197
135835,0.08905954996540177
135836,0.014406469747419107
135837,0.0069423359331068045
135840,0.24265553708172208
135842,0.2515263570367787
135843,0.004047691033016956
135845,0.0037310225050221795
135851,0.012458209992346475
135853,0.00434721553029403
135854,0.0064015852016976
135855,0.05145944492913817
135856,0.07532279309347184
135857,0.03961546498301793
135858,0.28650168886077404
135859,0.01499100056970604
135861,0.038306044507475934
135862,0.032975712683083566
135865,0.21904514615276602
135868,0.02943309870753375
135870,0.003544434622646543
135873,0.01704473000080263
135878,0.014773775951657183
135880,0.013814641768674916
135881,0.0937640826708176
135882,0.0692319921532093
135883,0.010058944702564741
135886,0.00827693939650503
135888,0.004084295454798711
135889,0.010245502258448714
135890,0.01765203039734038
135891,0.01158913723386121
135893,0.06090479544583286
135894,0.23374837922844383
135895,0.003137353536223284
135896,0.005046539804960112
135900,0.012881605089462109
135903,0.00657467858399441
135904,0.01358320604349904
135906,0.010749055349115853
135908,0.03101147427266436
135909,0.028369345877096466
135910,0.012532520095800859
135911,0.0037470258398835726
135912,0.06359925163078302
135913,0.004118901152356144
135914,0.003728688739138901
135916,0.003845495603503188
135917,0.0034705624064757697
135918,0.003287648001540347
135920,0.003480747047487882
135921,0.0038684946989963422
135922,0.08057757358428597
135924,0.004112395953624418
135927,0.034721953598063675
135928,0.010593591098089713
135929,0.003703643207179318
135930,0.020320798067557905
135931,0.047060715511312426
135932,0.023904839905934012
135934,0.08584611488884417
135936,0.0035462556584006646
135937,0.039066986457104054
135939,0.02151959250459167
135942,0.04566131309116833
135943,0.006914015695358797
135945,0.0070067428391091
135946,0.041687860852955984
135950,0.035061195143537685
135951,0.0941717653459012
135952,0.003689772732919668
135954,0.003950877799234027
135955,0.015087295234782546
135957,0.0063090009927071105
135958,0.11483282447766995
135959,0.03499984635639056
135960,0.17653375813177052
135961,0.0038713266564681754
135963,0.0035752808458369523
135964,0.003731807719214832
135966,0.003508977965218685
135968,0.025580024177961007
135971,0.007977248495282347
135972,0.20490501866307456
135975,0.02375003846189232
135976,0.045683635554519327
135977,0.03644361696211438
135979,0.006117957030207369
135981,0.03594350939815477
135984,0.1418534522391208
135985,0.03452640583580771
135986,0.035128699217815876
135989,0.055318675611857035
135990,0.0029540033320007834
135994,0.0029289029869059833
135996,0.007052656889051498
135997,0.006870660867350229
135998,0.027474063510152264
136000,0.19769141556622255
136004,0.014330734636670747
136006,0.15652990544860126
136007,0.03729909304989831
136008,0.004341105244803994
136009,0.06547575846536544
136011,0.007198988600869722
136012,0.2017997968587227
136014,0.055547440638247875
136016,0.04275088411123265
136021,0.007524637344985011
136022,0.016212115647154652
136029,0.00503902486254044
136030,0.009725076344309339
136034,0.0030470053660800116
136036,0.009455165246038321
136038,0.015172260109968515
136039,0.006566891615260774
136041,0.08864027401475232
136042,0.02215532403462701
136045,0.006450337352445519
136046,0.014640498968774809
136053,0.14762405419810634
136054,0.0070264556137487125
136058,0.031307241767501874
136059,0.009458010580407749
136061,0.030868170346522564
136062,0.00447063120733293
136067,0.013743466138234258
136068,0.003315143846190001
136071,0.024520668060468945
136074,0.012394192637046476
136077,0.012265676878290152
136080,0.0033104364059161045
136084,0.047475643360546965
136085,0.006529395933529688
136086,0.006317629944540887
136087,0.10162880456047652
136088,0.0042000602893523245
136089,0.0035968668102931496
136090,0.028826525312752194
136091,0.054628284466713875
136093,0.002906372282532897
136095,0.025285274090924695
136097,0.0088237289795553
136101,0.17364165507133458
136102,0.004160283677183918
136103,0.00643132407637249
136105,0.003374525935486428
136106,0.0036992368897098217
136108,0.0029089997671132846
136110,0.021367526425255128
136112,0.08788510739544741
136113,0.003046210636289394
136114,0.009876208421927152
136118,0.11213949486598507
136119,0.004355858123505499
136122,0.005219944044960968
136125,0.15617368107559323
136126,0.0028634671021251262
136129,0.011230664459966878
136130,0.013411444834795373
136133,0.0031086362560713804
136137,0.005658014527015294
136138,0.006701568104708581
136142,0.05756980767198749
136143,0.2031224867588393
136145,0.10284058680997525
136148,0.018162602145648837
136149,0.045061376575848924
136150,0.003380336957658941
136151,0.0037535980535470716
136153,0.19957946956731534
136159,0.0840916761521453
136160,0.003152945394975254
136161,0.012574652446216812
136162,0.009813015999174548
136163,0.02862345642812095
136165,0.06151032395104892
136166,0.0074757350788674185
136167,0.00789108868578181
136168,0.04128584932896906
136170,0.023755498899449893
136173,0.017898121587513402
136174,0.003881498371153509
136178,0.0037328076344139995
136181,0.11309928202499078
136182,0.01362863594906048
136183,0.01137136934785094
136185,0.04376904157291141
136187,0.0074011738257200275
136188,0.00850874723013394
136190,0.09518398114021766
136191,0.06126340684616989
136193,0.004550661742129533
136194,0.003256993640762318
136197,0.014504081135462992
136198,0.09216713477064915
136202,0.17340602759089255
136204,0.024725317971785416
136205,0.014393427111987765
136208,0.006135030955391003
136209,0.007804562738525926
136210,0.02380864609877818
136216,0.005619946596618459
136218,0.02600048148450068
136219,0.0029995238421361625
136220,0.08323630925687082
136221,0.020883254214610486
136225,0.06554753830998615
136226,0.03727322006780595
136227,0.03400408323742668
136228,0.05279569325514709
136229,0.019263174908414504
136231,0.00795103829535024
136232,0.0302358176565329
136234,0.01730565682854563
136235,0.0033836457553204666
136236,0.016737427113710325
136237,0.0032025565681893364
136238,0.009800059843759487
136239,0.016035012091987155
136240,0.021491648070930625
136241,0.03696359879180935
136243,0.019755008156366185
136245,0.07444082558841733
136246,0.017188565751352008
136248,0.008364153819484616
136250,0.03120805310753673
136251,0.20052124413288563
136252,0.0230579402853369
136256,0.00422065303309839
136261,0.007241896677425668
136264,0.11611462705700337
136265,0.02984089006237962
136267,0.04195286115119049
136271,0.07163237828414434
136274,0.09750657332203898
136276,0.009298088808260753
136277,0.017133200949622146
136278,0.035084487213475735
136279,0.003300101169350881
136281,0.0034601725331024407
136283,0.026092726083828087
136284,0.15652990544860126
136285,0.09729726631917054
136286,0.22429351641085393
136290,0.03382266447263298
136291,0.00440021117764298
136292,0.12408557701686898
136297,0.009903019831622464
136300,0.01323735912053181
136305,0.013824628915566533
136306,0.0035342460491717925
136309,0.026521318520139895
136310,0.08852660755197392
136313,0.004357546539085438
136314,0.004509537914689714
136321,0.004227551677678863
136323,0.10310794567653282
136324,0.0044299777183124354
136327,0.01011859463046729
136331,0.006317372359270658
136333,0.5055104865179724
136334,0.025040978936628492
136335,0.006431603424424239
136336,0.00616902046818553
136338,0.03945592451261529
136341,0.014374249465010897
136342,0.1647735976680608
136344,0.015582235627320678
136347,0.018641112781840448
136348,0.05323921345945663
136349,0.013718099108386358
136351,0.016330324749849086
136352,0.022415830194584523
136353,0.02562194863767446
136354,0.005067748844894336
136356,0.005194695258853158
136358,0.0037296703608737164
136360,0.0034414210091364937
136361,0.003941706270361094
136362,0.01209752480131354
136365,0.007792642269530018
136366,0.02205264371887965
136367,0.025759451844840582
136368,0.1868848909822914
136369,0.0032913963932997637
136371,0.024157468883878146
136373,0.1828363696948744
136374,0.18246797209984622
136376,0.004388898851280653
136377,0.02729811141618974
136378,0.005636550521653968
136380,0.034325635614858435
136382,0.033115374523504576
136383,0.008218024594640619
136384,0.015858921309560015
136385,0.003318865795770966
136386,0.0028849091129075073
136387,0.0029055533850797866
136388,0.012419975258765472
136389,0.08935780212224663
136390,0.004754507945547212
136395,0.011755212954103365
136396,0.07918622467791443
136397,0.01435288757648922
136398,0.003237845303206036
136399,0.15234453977699336
136402,0.11082746239206114
136407,0.032527146414051224
136408,0.04199774379607015
136409,0.02474254768395523
136411,0.007934855069281153
136412,0.0063073127595342365
136415,0.010496760743933756
136419,0.011855030825351474
136425,0.06024109564460543
136429,0.012858096512444768
136432,0.044496056279091235
136433,0.00847064256560503
136435,0.031094109574279577
136436,0.040426085582789144
136443,0.01038925766990286
136444,0.010078476548755813
136450,0.002881786231190276
136452,0.017127549474421064
136454,0.010227221113025098
136456,0.09905984673975901
136457,0.05620601260052654
136458,0.004445222309881263
136461,0.005839800174383738
136464,0.003911661273763229
136470,0.006032989383212393
136472,0.0038615252168190286
136474,0.0041356979301122795
136477,0.004429934574154337
136478,0.002903625125182543
136483,0.007824930688022095
136484,0.100592799667908
136485,0.003796981735548224
136486,0.0037936316305325294
136487,0.016394558487679876
136489,0.01722009534855609
136491,0.0028974502579158924
136492,0.03009783264268974
136493,0.006059246021365016
136494,0.005460066016521909
136496,0.031080397122541778
136497,0.005990643688785662
136498,0.006565136346732222
136501,0.005447174648204465
136503,0.03970989577886621
136505,0.00290609471652778
136506,0.003935296779569882
136507,0.02430121224188902
136508,0.1920795882142341
136512,0.05761135630733516
136521,0.2034520358198027
136522,0.023029422013216116
136524,0.006635205333994456
136525,0.0929092143886448
136527,0.004263337436394995
136531,0.0050616699428764535
136533,0.005418715302383664
136535,0.010529959571982526
136537,0.0061153544733242
136540,0.005642474951684888
136542,0.003173189184672123
136543,0.042468052817406364
136544,0.003235431625388636
136545,0.04060528170941847
136547,0.018584069151577155
136551,0.09169053566054663
136553,0.0555453972408413
136555,0.025330634499085795
136557,0.037132040348062195
136560,0.0028880629440837333
136563,0.15626170024068606
136564,0.04242387217302917
136567,0.06361175753138379
136568,0.11662925949564788
136569,0.004818345243991889
136570,0.0034617604749781036
136571,0.029461991777907807
136574,0.06546305374059441
136575,0.007068327204361105
136576,0.006181338513908883
136579,0.07178530103623823
136581,0.08511636844671548
136582,0.0038592926064816868
136584,0.11792361111839726
136585,0.028148127692173154
136586,0.027770589127552914
136588,0.21184517289270224
136589,0.0029550252119522127
136591,0.0031698953137515953
136594,0.004834418495597614
136595,0.008857912991152815
136598,0.025550481880054696
136599,0.007514565160439169
136601,0.03201248137660368
136603,0.006125845343118765
136605,0.006981022909858267
136606,0.028977147845652956
136607,0.0031045264244738725
136608,0.12265418927269116
136609,0.005377697964891811
136611,0.02091245574955971
136612,0.007566857293627111
136613,0.006984424964907372
136617,0.015678404787441206
136619,0.020162273156759704
136620,0.003031679129144669
136621,0.01107766659474374
136622,0.049532325000199495
136625,0.008759610375239838
136626,0.2594104579289423
136628,0.024903706376501418
136629,0.026092726083828087
136630,0.009836158535068246
136632,0.0647184489573501
136640,0.10164000065475376
136643,0.005494523496055344
136644,0.15342159462149652
136646,0.015329786201118769
136653,0.02680456322820908
136655,0.010245512993509044
136658,0.004835121231334054
136660,0.07470966052068417
136661,0.04301139260258613
136663,0.03870318584006768
136664,0.03588983812232871
136665,0.003968001694571851
136666,0.019180513843313034
136667,0.19277652989642577
136670,0.007818221404077072
136673,0.0043078925721742375
136674,0.00406481555699117
136675,0.006398080297122094
136677,0.003398149078266703
136678,0.0037807514902477805
136684,0.004623383567652282
136685,0.009924596343425527
136687,0.006863220332418215
136690,0.007965399439719589
136691,0.08684688565194361
136694,0.003747052937709181
136695,0.051577366447474786
136697,0.0032463118630148254
136699,0.009041436897710026
136702,0.05424156622574199
136705,0.19711166393435436
136710,0.0039019483889922283
136714,0.007744849745400103
136716,0.0473350100238828
136721,0.01871486620397993
136722,0.25364976255450183
136725,0.01270095037123506
136726,0.01987102735330158
136728,0.09813713083919136
136730,0.0037704011515389707
136732,0.03579828201827592
136735,0.11094763704465703
136736,0.014115914490669271
136738,0.003544836380339373
136739,0.01691948520775335
136740,0.006503465575596421
136741,0.019885687644533898
136743,0.003059326574960269
136745,0.0029412326783897513
136746,0.029841660953387087
136748,0.011635990263303997
136750,0.004091427748324102
136751,0.007607390849907285
136752,0.12931636012428388
136754,0.007107025095728468
136755,0.02185657644006561
136756,0.021246257535526468
136757,0.03840546763569975
136760,0.0037226263980089116
136762,0.01571146202534677
136764,0.007319428763678912
136765,0.01055304640185214
136766,0.045465808736583874
136769,0.003160411773728315
136770,0.0086214626684562
136771,0.012123109462005356
136773,0.09967119560447685
136775,0.014853786867296765
136777,0.0234855117753595
136780,0.026092726083828087
136783,0.175813247191659
136784,0.11754021632356375
136785,0.013512913501329073
136786,0.008267422334311577
136788,0.03510920895049974
136790,0.018810445230566752
136791,0.014685309407047218
136792,0.007096568941257638
136793,0.15031093184216704
136794,0.00906787118935693
136796,0.060761520712282996
136801,0.04875335186497146
136802,0.09723509299159341
136803,0.0034933212993629027
136804,0.004544376354414592
136806,0.01717584788128635
136807,0.003993577842821346
136808,0.24984871390020627
136809,0.009327444033986644
136810,0.009481315982216925
136811,0.0530145462877663
136813,0.00430101761405701
136815,0.020787452884267702
136816,0.01337831871205941
136820,0.19874084765749914
136823,0.17501803186207118
136825,0.17689605175743836
136829,0.0071502489071173896
136830,0.11659858384117157
136834,0.014821511142915071
136836,0.03418739849705559
136838,0.020664355086678965
136840,0.022156108065592567
136841,0.044040209192068275
136843,0.12135807752558958
136845,0.12125679715401334
136846,0.0028888890649122435
136847,0.00679067262497643
136849,0.24934897875749945
136850,0.016131793054388183
136855,0.013383227864462045
136858,0.29549166308698654
136859,0.004492172350696025
136860,0.010063687412495225
136861,0.00290660859497394
136862,0.20372201089723127
136865,0.005832355961618483
136870,0.11329016268773157
136871,0.003525128877222014
136873,0.0064088322614827544
136877,0.03504349735163724
136884,0.03169061306533805
136885,0.007218014041342451
136886,0.24971024620922003
136887,0.008429350292589469
136889,0.005507082282846284
136890,0.00592034553039066
136893,0.004022673456541883
136894,0.00323566255754231
136897,0.006320373566639201
136898,0.011738280422258818
136899,0.1045445525105493
136901,0.007846458571957995
136902,0.017358837827739827
136903,0.011983822020843887
136905,0.024775061425718888
136907,0.005226587459939932
136908,0.004403952002236383
136911,0.03215687834487268
136912,0.018084090399671127
136913,0.06576614633406497
136914,0.005465934755385056
136917,0.01185395551940588
136919,0.008448479426697908
136920,0.03667363370850849
136923,0.05874926578375564
136924,0.005100609479042589
136925,0.0036802280955398805
136927,0.0425582139208136
136929,0.008924621147441124
136931,0.030769692736725408
136932,0.03653766567932688
136934,0.005518986393759611
136938,0.17111418059513872
136939,0.0042538605229329165
136942,0.011785603612959078
136945,0.013869947888666516
136946,0.02186834840286309
136949,0.00533881820588241
136951,0.0029855313625575426
136952,0.008059480141947684
136959,0.05760707907115418
136960,0.01174134667802535
136962,0.04064718565783477
136964,0.002971689705446627
136965,0.015656158989221704
136972,0.014624196674094835
136973,0.010896161417317038
136975,0.008254553641303519
136976,0.12054831566752629
136984,0.021275987639078755
136985,0.01194779783573858
136986,0.015908889329232033
136987,0.031004711043219935
136988,0.00690141726629072
136989,0.006293643672453056
136992,0.009328014422416868
136993,0.09079092144214973
136994,0.004153220387061655
136999,0.02067418243448649
137003,0.008971288479488622
137005,0.006615252879552475
137006,0.038743359592443245
137008,0.004068536783698393
137012,0.2037812046596803
137015,0.003758212623815939
137017,0.04837059003142057
137019,0.01871978755736385
137020,0.006001719883227216
137021,0.024993735819217957
137024,0.011121626179875443
137026,0.00727836065548582
137028,0.005856449379694086
137030,0.00399259959025839
137031,0.015457972031707365
137034,0.01096885949383507
137038,0.048982817449620644
137040,0.0037954829972787563
137041,0.07187395111168735
137042,0.007492748867881512
137043,0.21161205269357267
137045,0.2587865962436665
137046,0.0470334610599808
137047,0.005119260128012791
137049,0.02821945891367392
137050,0.01532894416622743
137051,0.2502415302007375
137052,0.1042599262814402
137055,0.003648710519956228
137057,0.025101998319013986
137063,0.04001049752355421
137064,0.009873981040552496
137066,0.008996719612399534
137072,0.004127714932962148
137073,0.02155685938634115
137074,0.04717337284503231
137075,0.0045652473131329585
137078,0.02086333143283509
137080,0.05942270391450769
137081,0.009085411958386951
137082,0.006056229780404855
137085,0.03608613724551823
137088,0.005355349788150597
137089,0.026092726083828087
137091,0.051589095867728224
137092,0.0029195628309370194
137093,0.20702339410547987
137097,0.0029451737353550704
137098,0.06972691147350984
137099,0.013162460855360499
137100,0.007114346899957827
137102,0.005871985406675045
137103,0.03050451093433137
137104,0.003946504250013337
137105,0.005084843577198666
137106,0.00938140488955017
137107,0.0030407879347530606
137108,0.003008572659052479
137114,0.026092726083828087
137117,0.004045105372175399
137119,0.034887118016948146
137121,0.014876726626123757
137122,0.020081338237755254
137123,0.0028953738719193663
137125,0.009293371118521195
137126,0.029167975060593977
137130,0.003490560979259191
137131,0.002836875292485397
137137,0.017778169555682333
137138,0.029098433328541225
137139,0.0048387793861642695
137140,0.010403298061112752
137142,0.008624504693863184
137143,0.11499272132063962
137145,0.003399269948846501
137147,0.003692171792908374
137152,0.02225928965350393
137159,0.17171029974177057
137163,0.00374620155787949
137165,0.012773736532131414
137166,0.004604845692099321
137168,0.01055452463719959
137169,0.06586297320495173
137171,0.02311815241999713
137172,0.005126475517390701
137173,0.014696041757116246
137174,0.08096948326939801
137175,0.028000911908616276
137176,0.04743216730289433
137177,0.002967607541096207
137181,0.1394389122224047
137182,0.008154683066675796
137184,0.010594344184691367
137186,0.28438054364259463
137187,0.07200851999529773
137189,0.0033769039560614844
137190,0.0039623984970592165
137192,0.2928308770862156
137193,0.0029483117027338922
137194,0.003920748138870713
137199,0.0032108440140440754
137201,0.023963553341594404
137202,0.05296773419025804
137203,0.04666516655849984
137205,0.05556650245270221
137207,0.003848821764619162
137208,0.011890768352930299
137210,0.009069988854999227
137213,0.2251145396388803
137215,0.10546635868432233
137216,0.0037523178823692374
137217,0.033988418269232344
137219,0.015725155812199895
137221,0.006228088739113
137223,0.003923272329236848
137227,0.026560284734858965
137231,0.0035723859077260987
137233,0.040606365760388285
137235,0.004365738324954482
137236,0.17533465056353995
137237,0.02466040768651916
137238,0.0031234489263930057
137241,0.005685525911506102
137242,0.09306538123648242
137244,0.053077040506172284
137245,0.12057076588523796
137246,0.005717311920194448
137249,0.037690294926535445
137250,0.016361619618714025
137252,0.003725963505482004
137253,0.14797642707262185
137254,0.01462062363814811
137255,0.01643770546917815
137257,0.008617235107805675
137258,0.08331480874259208
137260,0.02282750052661555
137261,0.10594480775516879
137262,0.015431488451202567
137265,0.12536893174866412
137268,0.003512780544238892
137269,0.011737193347203476
137270,0.19593126264691485
137273,0.12045272359122532
137274,0.0221535661903366
137276,0.010784233117959676
137279,0.08434622852895358
137280,0.023283789037279387
137281,0.00919818598175415
137283,0.020425875218322277
137284,0.005091317180544277
137285,0.0045661502808936405
137286,0.01288425938229783
137287,0.030305728979230045
137290,0.024838071399786953
137291,0.021016724313376124
137292,0.25623534029760836
137295,0.030612616547116965
137296,0.03760692847128643
137302,0.017777756546498772
137304,0.026092726083828087
137305,0.19561528486767413
137307,0.03305980283027396
137308,0.005203971441371017
137310,0.007188038647403612
137312,0.00988058072477849
137315,0.006404298264307914
137322,0.0313335583030297
137324,0.0030171151707607323
137326,0.03740330753360451
137327,0.026092726083828087
137329,0.15652990544860126
137330,0.22492412850761903
137332,0.0031146937147629584
137333,0.008218024594640619
137338,0.03546076459873101
137339,0.015900412775615554
137340,0.003718131271011349
137342,0.009752788198535915
137345,0.0731002220068472
137347,0.061726930247976465
137351,0.04324033645794924
137352,0.005816696272882081
137354,0.0028456722130368655
137355,0.22371665356244977
137358,0.004203938341156805
137359,0.17351473335738554
137360,0.0041458101411830685
137361,0.19648132376964186
137363,0.01918471862055916
137364,0.04234625523444009
137366,0.045991404481720476
137367,0.003746551337181822
137369,0.0037509512110028387
137370,0.00775239674997997
137371,0.034042244760396356
137372,0.011237789322555494
137373,0.008323031442365705
137374,0.008573246738738168
137377,0.01816937088616678
137379,0.0061152819428660484
137381,0.22467245249237003
137384,0.0037470258398835726
137387,0.031479287179853044
137397,0.006566269171666477
137402,0.027112890974555336
137405,0.01953931588966634
137406,0.009889016342437981
137407,0.02139963375217946
137409,0.004313475523804046
137410,0.03154676951897544
137411,0.05710732825843464
137414,0.0028430339364017574
137416,0.003681479936923757
137417,0.018623640641920333
137418,0.003651841245812561
137421,0.004088239430739519
137422,0.0033405544262863573
137426,0.0029062640423323134
137427,0.05912171488513692
137430,0.05757469178541179
137431,0.05162659184168799
137432,0.0697616854932251
137434,0.029787096079646466
137435,0.009824323857471175
137436,0.0030890490661197433
137437,0.003560096021143759
137438,0.0338133189120634
137439,0.03336260306144578
137440,0.034083069505408715
137441,0.009592639427295374
137442,0.003576354266287503
137443,0.009693328184210157
137444,0.023811452124152185
137446,0.021218669493653884
137447,0.22418107042153365
137451,0.005193846473470434
137452,0.01781431865538333
137455,0.11203780553500926
137457,0.010172037627836882
137458,0.0034352014174001497
137459,0.11755240006516854
137462,0.0866965366481859
137465,0.026793946010075155
137468,0.09152790487447236
137469,0.004220403927313556
137470,0.009111036780820213
137471,0.011891266401225129
137472,0.0034913546309189303
137473,0.00916855900067637
137475,0.004321407986776643
137478,0.11889951223374358
137480,0.2583554467055526
137483,0.026857712402229766
137490,0.062471037527052506
137491,0.03103856684077534
137492,0.0039574794673598816
137493,0.09250699699990132
137494,0.06335476168691913
137495,0.009213431835797491
137498,0.008145359342537425
137500,0.03640577379499181
137502,0.041923398588061614
137505,0.10473838778884748
137507,0.026092726083828087
137511,0.011441255232528758
137513,0.033096711995461804
137518,0.0037559366133117647
137519,0.004816324453622916
137521,0.010827542604855958
137526,0.029290940331959187
137530,0.00918546058216178
137531,0.03228862328017859
137532,0.010615519855691308
137533,0.04665937642998629
137534,0.003997158348949342
137536,0.003594411107674632
137538,0.0033597458369464183
137539,0.004305111465176422
137540,0.6178696366795012
137544,0.07675535067796148
137546,0.019336302919086407
137547,0.005125390907969711
137548,0.03462114742640583
137550,0.19055927437626266
137551,0.023400157756896182
137552,0.003129949970245355
137553,0.009040334568909066
137557,0.005488179229610495
137558,0.23340807602203567
137560,0.008512705388601785
137563,0.00396742137286592
137565,0.01784797824439541
137566,0.1142765474619829
137567,0.003728456729591042
137572,0.0033567854825996375
137573,0.020358517155616988
137574,0.1788888824787384
137576,0.003934515349075036
137577,0.00916915698968964
137578,0.053712875553519016
137579,0.003953028473454775
137580,0.004622533841886814
137581,0.0030672876882195943
137583,0.006419381158938991
137585,0.026673115371757015
137586,0.008356666527957742
137588,0.038121135884160905
137589,0.22231195672024737
137590,0.026092726083828087
137591,0.022478821721013984
137592,0.00884529624330949
137593,0.0029959278986633423
137595,0.011138879757514578
137598,0.05166113459209019
137604,0.0490422815002703
137605,0.0028724392557000103
137606,0.004734857880896552
137610,0.044897039775928294
137611,0.0406684151998717
137612,0.006588881071826896
137614,0.0028845688842283916
137617,0.026092726083828087
137618,0.009550448598257833
137619,0.034157010833250234
137621,0.0029246153125544196
137622,0.014956954621680535
137623,0.07824500176070143
137624,0.0064217243670267685
137625,0.017487683181031652
137627,0.004171745066219942
137632,0.010670479440708685
137633,0.0029564795092426816
137635,0.01018538818297171
137637,0.1079114946109773
137638,0.08659694439454192
137640,0.036471212248520915
137641,0.011721402463891441
137645,0.10161557118850172
137647,0.07494052111256211
137651,0.006368137094376604
137653,0.003878971690045786
137655,0.011144108731589787
137657,0.005439186030575838
137658,0.020473763999397328
137661,0.14708201102356275
137666,0.003730618884355059
137668,0.04514279570290913
137669,0.0033152378044546864
137670,0.067654437376368
137672,0.062064538684555845
137673,0.008007908075759561
137675,0.026092726083828087
137676,0.0035771444635076537
137677,0.06981596190323608
137678,0.01234000000963272
137679,0.004273517147170685
137681,0.0503295125340738
137683,0.10682689174004478
137686,0.005744536931052113
137689,0.030122540783846605
137691,0.02929302741182268
137697,0.2072066936865242
137698,0.003910101901404466
137701,0.008474929124422634
137702,0.0031057534255935705
137704,0.04596595323159022
137705,0.024658599150026526
137708,0.03190133617908639
137709,0.15509950209418344
137712,0.22492059015462212
137717,0.007979642480339942
137718,0.017016293981417484
137719,0.05474577470330332
137720,0.003760205696306078
137724,0.003450653539108184
137725,0.0039959225423966726
137730,0.003946385989845869
137731,0.007662583297608938
137735,0.004006301583160785
137736,0.050228088999079185
137737,0.025872053485566357
137738,0.004419810708199198
137739,0.018205273781410486
137744,0.009453334935514045
137745,0.008041357079469834
137747,0.004013801535169697
137748,0.02294607559449054
137749,0.00489564279152175
137750,0.09271700045331066
137757,0.09704679986774374
137758,0.013000266045735365
137759,0.0061678818769257075
137763,0.026092726083828087
137766,0.003923663722281234
137768,0.03830574397945147
137769,0.046560470196277064
137770,0.013814826111786844
137771,0.0465776684758639
137772,0.019518258966754614
137773,0.03441781098310411
137774,0.003381055119161937
137777,0.01625120034943201
137783,0.004293364401138469
137784,0.006224617237851226
137785,0.22058187681688465
137786,0.1288578677696758
137788,0.0035222070129794477
137790,0.025236413023646372
137791,0.1050571082043887
137792,0.028631095489768308
137793,0.004076675502202823
137794,0.015233073063276146
137797,0.004184939138300826
137799,0.007343344952863869
137800,0.019634837101057522
137802,0.09138224460021202
137806,0.0169600294895579
137809,0.02795544718411732
137810,0.17337092655283082
137811,0.005113782483125006
137814,0.028119324592000255
137816,0.04461599363474752
137817,0.014652995900822485
137818,0.0054338081194514895
137819,0.003963106531151633
137822,0.012047893834712572
137825,0.03531905986348012
137826,0.028598104039547875
137827,0.0500989857530181
137829,0.00780509845037078
137830,0.009895156772869944
137831,0.2129956744697731
137832,0.08069621213413518
137833,0.1928184634167293
137834,0.20085389370178666
137837,0.013867250265232434
137840,0.01251130251702445
137844,0.019213324393409656
137845,0.012367636002169929
137849,0.07306017851325242
137850,0.008257134804638359
137851,0.007117959362845697
137852,0.007233392806697567
137853,0.005426341344375024
137858,0.05230980427536799
137859,0.011209332960509437
137861,0.01574281923747865
137863,0.004273517147170685
137865,0.008783613149465897
137868,0.015103179358970936
137869,0.004281425873132955
137871,0.05515367332430953
137873,0.0068392168959840426
137875,0.010448721818090149
137877,0.10458741426395626
137882,0.003985697941673004
137883,0.027339658130695423
137884,0.004106713414378521
137885,0.00395527362161377
137886,0.012166761872290873
137889,0.01517717433705288
137890,0.010219203474472425
137891,0.026092726083828087
137893,0.008963628573321641
137894,0.036883579509472394
137895,0.04318015272569549
137898,0.0039048366445778417
137900,0.006751898921775358
137901,0.013638546612520414
137902,0.003690109063299961
137904,0.01424014237214185
137906,0.20219086833201716
137907,0.006572289619171245
137908,0.0032692815847839758
137910,0.07277222424005088
137919,0.055468785766229156
137920,0.16558120673698778
137921,0.0036844135981423396
137922,0.004416667446672962
137923,0.2174713660974261
137924,0.0038550403470936014
137927,0.007307974288103619
137929,0.004047555803648387
137930,0.00546187097967669
137931,0.003722162320053025
137935,0.016367974833059764
137939,0.004413639337699949
137941,0.00434487935605148
137942,0.24037116118207374
137946,0.05301090170824248
137947,0.002844767021876165
137948,0.003232069322762177
137949,0.01031733857475641
137951,0.01271130660350526
137952,0.008366017504303177
137953,0.04308065767672777
137957,0.011658843590422846
137961,0.014070480163405116
137968,0.012543378215391464
137969,0.025459306511157916
137975,0.02290584195126915
137976,0.033964632184512
137980,0.0032919733963729845
137981,0.008773367185864465
137983,0.22635770167301988
137984,0.01013241956494712
137986,0.0989358155810881
137987,0.03828248987209657
137991,0.008931760673971697
137994,0.1630541721257927
137995,0.011941018123474763
137996,0.011978238401118337
137997,0.053310103622700576
137999,0.05445721992413851
138000,0.0426931075942576
138002,0.021119124235366243
138007,0.04372900355088791
138008,0.005893534865003133
138009,0.04641797977957913
138010,0.006604975387069379
138012,0.021647127725693643
138014,0.002965164602957045
138015,0.002894391517417981
138016,0.21775815895412257
138020,0.24676755321067703
138021,0.02388246627260358
138023,0.07239441039590773
138026,0.0049900138928056495
138027,0.013232582975219152
138028,0.007436923171575901
138029,0.025040978936628492
138030,0.006252758637329671
138032,0.26573899004262097
138034,0.21625735256415513
138036,0.003423583143063891
138037,0.20530533882861574
138042,0.03331040303952851
138044,0.007408322275094811
138047,0.005521818830078269
138048,0.01201185589191756
138049,0.008701211976520606
138050,0.018391691612871915
138055,0.015283484670042742
138056,0.01828093416235667
138057,0.024807525935925483
138058,0.0033924333890488
138059,0.032462261656635065
138061,0.01812473832370868
138062,0.003564591674906894
138064,0.005094132968859146
138065,0.023038485918225403
138067,0.005478301105687065
138070,0.008776900310973603
138072,0.0037503028723047532
138075,0.009891270272121755
138076,0.0667831833318702
138077,0.006376503577459408
138080,0.04515038464009919
138082,0.003145075407242643
138085,0.013180529026151024
138086,0.004562628179531194
138087,0.009889989342040427
138090,0.0051680643878386345
138091,0.053090417476827696
138093,0.006546593900250111
138094,0.15646232669811966
138096,0.02449203369286467
138100,0.010414058805552098
138101,0.023354779552213774
138104,0.04917039416923861
138105,0.06071475129086862
138108,0.022174267127652657
138110,0.00336640373020067
138111,0.0034982285495620343
138112,0.0037491204780525627
138114,0.1017512351616423
138115,0.004419181801658513
138116,0.003276496648208986
138118,0.06604067295178917
138120,0.010314555286015794
138121,0.005233583951964765
138122,0.0053476462514388
138123,0.023205621273410585
138124,0.07753047826270186
138126,0.0082791600245925
138130,0.0034046827659624888
138131,0.017954837987387822
138132,0.03402956797420759
138133,0.032368400733160066
138134,0.02946834049867217
138138,0.04511120651183246
138139,0.004959072087568485
138146,0.02581649589520423
138148,0.00379148885462874
138149,0.003195916184120242
138150,0.003070752786281139
138153,0.039321777355074104
138155,0.05762686586178955
138157,0.018679606885439428
138158,0.009583538234595585
138159,0.0031666296452338566
138160,0.19915657233527373
138161,0.026092726083828087
138162,0.006929077196590647
138164,0.003657377197176771
138165,0.004403795642940297
138167,0.004046593082631534
138168,0.0030293948875164036
138170,0.0034517141978517556
138176,0.24654590730791895
138181,0.0036778293353100944
138183,0.1774083569014867
138184,0.009992279887541176
138185,0.006098614979679944
138186,0.004176269748585567
138190,0.003628246969805541
138192,0.10493094347930838
138193,0.003489454728022193
138194,0.1699244251619949
138195,0.004260256999232411
138199,0.004031982119776494
138204,0.018312042768120654
138205,0.0035366982104850547
138206,0.008362216567297617
138208,0.01161660093386809
138210,0.0034351965169879648
138211,0.08770622906851745
138212,0.0029587017727314533
138214,0.00407328944172689
138218,0.0030006231597049797
138219,0.10514736100155489
138220,0.005870181199925121
138221,0.008475007438580187
138222,0.1583443604620364
138225,0.011844481267221063
138226,0.03204529609344612
138230,0.09154959626693142
138231,0.003535129597586916
138233,0.00985295420940383
138234,0.007923172189810862
138238,0.003543336178128996
138240,0.03682046226137408
138241,0.05968691204332169
138244,0.012483828194528108
138248,0.009068455319778563
138252,0.010655844190152176
138257,0.014762633941963279
138258,0.004666677235760381
138259,0.012692059310453025
138262,0.029016633337315134
138267,0.0889608805858198
138269,0.1853930051069435
138272,0.026092726083828087
138276,0.06830548546284378
138277,0.18468922290101938
138280,0.012576553888428965
138283,0.09434299558058938
138285,0.008639912198714067
138286,0.0052222601142101355
138287,0.05380684909005235
138292,0.026207486864896483
138293,0.03981381907711287
138295,0.27109993376350794
138296,0.030008074513054817
138301,0.012580540030508283
138302,0.05593492416435434
138303,0.08195244948303394
138304,0.05793781383217188
138307,0.0036189751536253073
138309,0.006751898921775358
138313,0.01027994358767661
138314,0.029291163128147904
138319,0.004045574064918507
138322,0.07575732065315209
138326,0.021197791467310528
138327,0.053354853125993223
138330,0.027387451092262635
138333,0.022266980961005125
138335,0.1622679576910257
138336,0.1589096771971636
138337,0.0059285397526339136
138340,0.0029274116587994247
138341,0.013086492689545008
138343,0.05766182406685255
138344,0.049742963165895875
138345,0.003997398744844448
138347,0.04992031329800671
138348,0.054390953343897416
138349,0.0037007193777047805
138351,0.0035356127218565433
138352,0.006892035874711508
138353,0.022980694549162527
138355,0.0034022878467175085
138358,0.006983922664347054
138364,0.004202029225096991
138368,0.00345828480148283
138370,0.2554425111819007
138371,0.005926634373675148
138373,0.04594225535679652
138375,0.05549544432093859
138376,0.16237852274447176
138380,0.08139325598660958
138383,0.016025200730766236
138384,0.0170261030232639
138385,0.017032474055264653
138387,0.31149640524813893
138388,0.03887953518687084
138391,0.0034402034300039597
138392,0.014566658216435584
138395,0.025319323770627667
138397,0.08409749898505232
138398,0.0029396426285968743
138399,0.006143802602132927
138401,0.01871651802254944
138402,0.004862505585873322
138403,0.004089987274236681
138407,0.039236038357735946
138409,0.05547719309842319
138410,0.003525966770128676
138411,0.08203186636695957
138412,0.0029951257215842927
138413,0.0037632506386019735
138415,0.02285668154260853
138417,0.003069870982931501
138418,0.03105309421473654
138421,0.005343049001689629
138422,0.010219247912567914
138423,0.0034542032640065405
138427,0.041053131568951594
138429,0.0075525121091958745
138431,0.004654288541696908
138432,0.015330320419944211
138435,0.011667392642410464
138437,0.0034509216453759094
138438,0.021367395648919377
138440,0.088285953309079
138443,0.010532638711092293
138444,0.10951444370223129
138445,0.04019162784179682
138447,0.005080011808567021
138448,0.1771974842253553
138449,0.010254301241322579
138450,0.02414585949505519
138451,0.005840668173223408
138453,0.1367857218956095
138455,0.008846964105143696
138459,0.0307513711285624
138460,0.002949813029426941
138461,0.014742802457995136
138466,0.02563140864272985
138467,0.005134629062720303
138471,0.058476294950330916
138472,0.032603088888938855
138473,0.022868192090728597
138474,0.009719095424428805
138475,0.08328729355762046
138476,0.0030127758437173448
138477,0.021591333957281546
138478,0.07582287049455477
138481,0.003932337369340296
138484,0.03441047429238198
138485,0.0033773372991489294
138487,0.009827680890227229
138489,0.019059840373699007
138491,0.003539462054619963
138492,0.005135379951194194
138493,0.0033282586121179403
138494,0.2239202172620517
138496,0.002850304165880521
138498,0.003726938244915459
138500,0.0070246191472627855
138501,0.0036579351310274733
138507,0.004274073555282696
138510,0.0038351857404216663
138511,0.004704782461507249
138513,0.003460211062189434
138514,0.03208853347489038
138515,0.0031251460696763533
138516,0.040867201004253846
138517,0.0065052733893861975
138518,0.004073924744175461
138520,0.0036679521513090854
138521,0.14320090295276464
138524,0.006260285179380404
138526,0.006933851493615096
138527,0.02241764273694586
138531,0.004726883367819379
138532,0.16847910556883094
138534,0.003435189245434
138536,0.005188094856153732
138538,0.010128258453663594
138541,0.01045536433556988
138543,0.19147118115069398
138544,0.011685042054988642
138548,0.019861145581705996
138552,0.003523978351583913
138554,0.3099303571736206
138557,0.0073526802805126195
138558,0.008764815902481965
138559,0.009549009645013692
138561,0.025014843085888076
138564,0.07312612610124455
138565,0.008760848179419729
138569,0.020871241194543262
138574,0.03172262234103547
138575,0.10939984262337668
138577,0.0518944451380316
138578,0.00304148037683365
138579,0.16285751773810808
138580,0.027928920663065952
138585,0.004325436096842067
138586,0.03573264181961245
138588,0.04790723617898299
138589,0.2223881453322389
138590,0.030165815762097963
138593,0.021310353690049338
138595,0.008362413854356735
138599,0.013336342053252816
138602,0.12778601298228714
138603,0.013947016381933096
138606,0.07044553214771117
138607,0.003168476801602201
138608,0.005201468689376122
138610,0.046362763784048876
138612,0.24518961904477193
138613,0.018576725074089008
138615,0.05774318494415489
138618,0.0052440492754074804
138620,0.08145426470361444
138621,0.03735050642662296
138625,0.023117274990225818
138626,0.004198061837271292
138627,0.008734844728527839
138628,0.02612162937769013
138629,0.0037101773201845285
138630,0.006506666041784595
138631,0.004542842405183565
138632,0.0037892166947133634
138635,0.19329028729065037
138636,0.011995564690121693
138638,0.006672507947117258
138642,0.07306223490278207
138645,0.19541955160547106
138646,0.07090455108331738
138649,0.0038533482258168166
138650,0.0054751323345429564
138651,0.016757082833901035
138652,0.030993206138881475
138655,0.04244837771529459
138657,0.03801019885113289
138659,0.2886450692231607
138660,0.1808707564599438
138661,0.0075773649846611795
138662,0.03018258727740244
138664,0.006679736057341927
138666,0.02129623815703598
138668,0.16169537924684552
138672,0.08770146618183909
138673,0.00641096427479435
138675,0.25130524631126216
138676,0.046626129870497815
138678,0.0037425983738470113
138681,0.009199716068328529
138683,0.01753053427416981
138688,0.043844608530509664
138690,0.011464568098569059
138691,0.004035258549085635
138694,0.010754669766801226
138699,0.12235038714487156
138700,0.10361719007147163
138701,0.0042002320353525064
138702,0.006504806607334748
138703,0.006239580104982846
138705,0.004089937755429193
138708,0.01073545914111874
138709,0.003044578615812093
138711,0.020098129490624124
138714,0.011293398567729564
138715,0.004300155586916811
138717,0.010618652100928081
138718,0.00800615840630871
138720,0.1915195109388725
138721,0.0035672598747639064
138722,0.014882348934075817
138724,0.04132639772875557
138726,0.09274615995870461
138727,0.09300810818202969
138728,0.011577992825557477
138729,0.007203789034263916
138730,0.00697012604512062
138736,0.021714339675847006
138737,0.14163490307462953
138738,0.08673488218913049
138740,0.038929090101214765
138741,0.005736939827311233
138742,0.03204529609344612
138744,0.015064867686698447
138747,0.005196869495158096
138750,0.004422153699347769
138754,0.008700668247584788
138758,0.00420020600645217
138761,0.005079133216172593
138763,0.008780914645796552
138764,0.006742514065976811
138765,0.004862601542398604
138767,0.20645018241300098
138769,0.0911025353964487
138770,0.07708550730160282
138771,0.07570941198520785
138775,0.0034588860993748504
138776,0.17233367568765728
138778,0.0029508954811739794
138781,0.10271396805489041
138783,0.02194281374293119
138786,0.014095565429395059
138787,0.006302741536252124
138788,0.015619452564426633
138789,0.008935469834262542
138791,0.0041891435408661255
138798,0.0031031276370122396
138800,0.010534509400093296
138803,0.003947523527992724
138804,0.05635978607436638
138805,0.0337984380756782
138807,0.014124733811786782
138810,0.038384337310958694
138811,0.023791265648557696
138814,0.006341700393405056
138816,0.003569711630534397
138817,0.05263093160905865
138818,0.0033799746378585793
138819,0.008531676087706748
138821,0.01817495334060229
138824,0.02303209622594217
138826,0.013733945686660058
138829,0.00578002795157487
138835,0.006215696470861078
138836,0.017180638511896835
138838,0.2104539410541421
138842,0.0229370210933584
138843,0.009729351655471903
138847,0.007002801892168746
138849,0.02371667410636878
138851,0.0054152808122813045
138853,0.02935492476164947
138854,0.03783629314453892
138856,0.012928178147192349
138858,0.00873570315172372
138859,0.0029320829956312197
138860,0.15127823593397408
138861,0.009792257065620584
138862,0.003409281605613505
138863,0.00664125326529799
138864,0.025221518851220922
138868,0.08064102123363727
138869,0.007220055109166287
138872,0.10528196929805063
138873,0.004201441110483001
138875,0.009813414312367284
138876,0.005588431609319999
138877,0.05826655527234432
138878,0.15334471965835111
138879,0.0037542022249792816
138883,0.08114844230131257
138885,0.004116956713896123
138886,0.01055356465332099
138887,0.03751645015211543
138890,0.007929772609285552
138891,0.08808647044445013
138896,0.0037146166535950904
138898,0.005974708548718158
138900,0.04232455778902288
138901,0.0037053468264095324
138903,0.004188669541126561
138905,0.16697635150489373
138906,0.10493285653999695
138909,0.010143882274455304
138912,0.029464483991305742
138916,0.0036456569035125653
138917,0.07079754130355392
138918,0.013120342894910575
138924,0.014825395551629492
138926,0.04090975383194125
138927,0.012230636385800573
138928,0.010554059153504528
138929,0.0029433983349062163
138930,0.003614694004271787
138931,0.003367211993554048
138932,0.015458635591912571
138933,0.017646701464056575
138936,0.016585427429489957
138937,0.05741394538795348
138938,0.007662241078861657
138939,0.003589637430133489
138940,0.020026285257581496
138941,0.0028092025306087134
138942,0.004813933550028761
138944,0.0032661709324408894
138945,0.014676485232833334
138946,0.012757857531436372
138948,0.0036114075311808416
138950,0.26222102777318257
138954,0.0039769700545112426
138955,0.022145718447132045
138956,0.020961251876620846
138959,0.09965176216019606
138960,0.004092446045046091
138966,0.024396534336326322
138968,0.04446812181877627
138969,0.01263266178046189
138970,0.10654670704515219
138971,0.004309262193894681
138972,0.005526612129306563
138973,0.007705315747390001
138975,0.06625502388641392
138976,0.014169273228821786
138977,0.003432654673133163
138978,0.005163844827763799
138979,0.003391278709072071
138980,0.0630948966241605
138981,0.2549721515316771
138983,0.17340602759089255
138984,0.0028314389759732804
138988,0.003613706772201581
138990,0.05279569325514709
138991,0.03631464938789404
138992,0.10740784398628597
138996,0.0029640302698180363
139005,0.01955767666311768
139006,0.007840263854856344
139007,0.03719421509837498
139008,0.026037608906013608
139009,0.03095394496655396
139010,0.0071258886836495046
139011,0.03381286179557349
139014,0.014437328654883815
139015,0.005293342223900843
139016,0.0030248786578342306
139017,0.1969964538997528
139019,0.01959466126143153
139025,0.003915739633026308
139027,0.03469377417427485
139028,0.011295568054693917
139030,0.021430380287227522
139031,0.2077451312415243
139032,0.07464439647538251
139033,0.011525507660345352
139034,0.022018041661188977
139035,0.007878151840922137
139038,0.005707936174972108
139040,0.03048266018868396
139042,0.046717970460671485
139043,0.00866433465888835
139044,0.0029594258208984967
139046,0.0040881011151809215
139048,0.12410523547356202
139051,0.02360045288839015
139052,0.0037506017650539574
139053,0.004938136035238508
139055,0.008308873911226426
139056,0.1268899622243907
139064,0.003797214027571364
139065,0.0038171482154462644
139067,0.008006250903581778
139069,0.013416445397009202
139071,0.07675755528422039
139077,0.026092726083828087
139081,0.14142061807885078
139082,0.10005651702887315
139083,0.002860491070772098
139084,0.22399502198977117
139085,0.185965165777738
139088,0.039414160739545956
139089,0.013815790441271554
139091,0.0029857140850038663
139092,0.02417104042784501
139093,0.012667985123785622
139101,0.005784376936666965
139103,0.0065401289658000876
139106,0.0034242583049480606
139108,0.122663374633594
139109,0.015361446914620805
139111,0.0041999740569851314
139113,0.09741236143097132
139114,0.0067146983491466455
139116,0.20720876667637375
139117,0.06664815977208391
139119,0.005872894205232688
139121,0.05436858885009869
139122,0.01007611171549948
139124,0.11223263615364562
139126,0.014028373039453057
139127,0.055060960846655946
139128,0.1274549016948074
139129,0.00359725068407138
139132,0.036261654767790336
139133,0.004169352388855708
139135,0.07566279100234741
139136,0.0356740553029519
139137,0.13115303871209352
139138,0.00420584351017544
139139,0.033028396646924064
139140,0.0774141799896382
139143,0.0034198622115439083
139144,0.01185971137230154
139146,0.02654699648728617
139150,0.01316343298054323
139155,0.015197035991292341
139156,0.0231592870995011
139158,0.03866738068302242
139161,0.10485412768222833
139163,0.0038690221854606878
139165,0.012834754829071147
139166,0.16145342173066946
139172,0.014464193469463755
139175,0.10627851853406678
139177,0.02293557585818733
139178,0.020099370335894193
139179,0.040148550281263545
139181,0.09068863790972675
139183,0.007486013993440009
139186,0.20426109373855783
139187,0.0037390297867606315
139188,0.0034155042660024976
139192,0.01748161735512249
139195,0.07509057236477558
139196,0.05186581539269137
139199,0.012812330132961252
139210,0.003927890304505662
139212,0.026092726083828087
139213,0.0365681527642968
139216,0.02322499687854481
139217,0.005842144040813448
139218,0.04579264767993986
139219,0.1520444373949115
139220,0.04178334580026949
139223,0.008422391210445166
139224,0.014666733815666192
139226,0.05971306397572211
139229,0.010053697013048476
139230,0.0037087575534924424
139232,0.18636822916495763
139233,0.031668527139693724
139235,0.0069932885642356125
139238,0.0029854960317920185
139243,0.0033081702058678163
139244,0.029660197436086434
139245,0.003861590641611761
139247,0.00818356969609024
139248,0.036606065308079444
139249,0.022060379134240554
139252,0.006348211796174381
139254,0.0123920465781903
139255,0.008020784322387233
139256,0.009283149746102726
139257,0.05898974379514837
139263,0.018309679644364887
139270,0.046982751739659094
139271,0.03172869250157969
139276,0.020881577795118705
139277,0.01888351283492492
139282,0.0069352130695127245
139284,0.16588054360586377
139285,0.003707219632237739
139286,0.01657383398569722
139287,0.10619449464467995
139289,0.010554017682185862
139290,0.003344963493449091
139292,0.21388521596235363
139294,0.031053020264103746
139295,0.004591223621435908
139298,0.045411804332244975
139302,0.006358714420502437
139305,0.009077517492875562
139309,0.0037664313765381923
139315,0.024768868875375532
139316,0.0155538529988161
139318,0.02429349212251694
139319,0.03405477877910856
139321,0.015619716715623337
139323,0.003247060391994181
139324,0.019883947543289916
139325,0.009617867504999407
139326,0.043198510389495626
139328,0.0038819588162256943
139329,0.04021767735365784
139331,0.026092726083828087
139334,0.006085014753174195
139335,0.004541317163345324
139341,0.010349163961513483
139343,0.00829550096681199
139344,0.0034999500880958617
139345,0.02524483605290299
139347,0.012959173494021056
139348,0.17136722116377598
139349,0.018787115107124584
139350,0.21269273297441368
139353,0.08576087226659337
139354,0.004617381181043341
139355,0.006779635695676463
139356,0.006306764435522462
139357,0.06661693844113582
139359,0.017258818933735546
139361,0.0053402237554724796
139362,0.004273517147170685
139365,0.008365893654320894
139366,0.004265888404889335
139371,0.008775034033045427
139372,0.008751634656264518
139373,0.002967525691679126
139374,0.010444975933722954
139375,0.002992891491837016
139377,0.00989450102817425
139378,0.026092726083828087
139379,0.02055062837874135
139382,0.14485435212364245
139383,0.0097618708323382
139384,0.11680664382725472
139385,0.003918585857119537
139387,0.125652627277194
139389,0.19098836263655913
139390,0.004099665911421966
139391,0.010765707454013358
139392,0.02524289123392724
139393,0.006586803352154063
139395,0.06712253236951089
139396,0.0035849453224168363
139398,0.0035726371188985256
139399,0.012486071393380148
139400,0.21314205366515837
139402,0.005322420572889816
139403,0.1311523046694944
139404,0.01478530683676613
139405,0.0032119126786591436
139406,0.02856350987545001
139409,0.1402975077192609
139410,0.19701193894796615
139411,0.017376974312718525
139413,0.0055529906696531765
139415,0.011485020764053621
139416,0.020730762761843616
139422,0.06320236568315339
139424,0.0032492255227672723
139425,0.034141543657103604
139426,0.0037455756388866104
139427,0.0033907339616473416
139428,0.1909654068565046
139429,0.004585834464081753
139430,0.0051502825349388865
139431,0.008018742322964557
139432,0.005764668369195677
139436,0.2959219729475563
139441,0.003972662416069293
139442,0.026092726083828087
139444,0.0047225530045391486
139445,0.019292648113902643
139448,0.0238704754156805
139449,0.0034947700348302176
139450,0.01884412775270173
139452,0.0034098916396534144
139459,0.0038790828124604074
139460,0.004415731118893653
139463,0.006922307443203656
139464,0.011885984898891018
139469,0.003862097509235492
139470,0.21379395646885757
139471,0.011742852473438545
139484,0.005738681851907936
139485,0.19199877757483777
139486,0.2336505960335476
139487,0.19379887025980175
139488,0.027611209653200148
139489,0.07755119124070575
139490,0.036471212248520915
139492,0.0043560162731389246
139493,0.008823753839188112
139495,0.12701869188040465
139496,0.10945884205977129
139497,0.024541054218131315
139498,0.002892287200541402
139500,0.009018755602819999
139501,0.008057731843299354
139504,0.03061772111487115
139514,0.005407643209564175
139515,0.0037136276888656023
139517,0.003285172583646017
139519,0.004229167928412951
139522,0.0908064170223177
139523,0.004264903976713963
139524,0.04879846616305253
139525,0.0045561078793460354
139526,0.22467161977391992
139529,0.00394614949966422
139532,0.21424525201679256
139533,0.015230281844894174
139535,0.012239761068393596
139541,0.021613943726266228
139543,0.0037750069430831264
139544,0.0035204206529562687
139546,0.0046281134803583725
139547,0.19874084765749914
139549,0.004327465672185794
139551,0.06673003752586033
139553,0.2167516777454391
139555,0.2605368257250782
139556,0.122373552503129
139558,0.035891661079155555
139560,0.011966853174464973
139562,0.12409460724756634
139568,0.1740229388419514
139569,0.0029648812821944153
139571,0.026344487136319185
139573,0.03233808518861493
139574,0.10287824398478962
139580,0.0040777331495472175
139581,0.20126506084421264
139582,0.23708104698470808
139584,0.08774320578593492
139585,0.09730222388802771
139586,0.01829080012753702
139588,0.002981161345526182
139590,0.010456589565813875
139591,0.189947174253709
139593,0.1015832619023845
139594,0.004031040072851014
139595,0.012386930137695238
139596,0.04121894363994621
139598,0.02457941376475317
139601,0.02212735699299455
139603,0.006711246751631342
139606,0.0166137151156747
139607,0.004122305536024433
139610,0.05467163715120418
139611,0.002852483008469237
139613,0.0033706446826624287
139614,0.026162701512577078
139616,0.009903671595212066
139618,0.003376442006421147
139620,0.20219086833201716
139622,0.010216878063668836
139623,0.0029951257215842927
139625,0.0064633773481031385
139626,0.003694065832084028
139628,0.009328735321093429
139630,0.01034522358932232
139632,0.006341816425512593
139638,0.0031829541844112675
139640,0.009903735303456788
139641,0.004044886916651697
139642,0.021569904971486104
139646,0.015501285082899852
139648,0.003707219632237739
139651,0.2129349868951413
139653,0.011175209027231223
139655,0.0034905096201336347
139656,0.0031831610649079765
139662,0.005639056451940884
139663,0.08282672274365561
139664,0.0033864620220738963
139670,0.004004428640182584
139671,0.011649172201943263
139674,0.02899183000875846
139675,0.005788456475831261
139676,0.013764143862872282
139677,0.011875403077781658
139678,0.005447247824182552
139679,0.11096496168034753
139682,0.0028872206648778913
139683,0.0058744233175477
139685,0.033331891359229995
139686,0.00967654098460866
139688,0.10227441166833429
139693,0.0028051100064443142
139694,0.0065020440358772
139696,0.015969455131922605
139698,0.018774657410247864
139699,0.004066769417484224
139703,0.07440581871922226
139704,0.012611828768742384
139705,0.026092726083828087
139706,0.25462645991687427
139707,0.06374911935549916
139708,0.0029789566220074343
139709,0.09536064551181703
139710,0.03997775220081891
139711,0.07189707806573314
139712,0.004509148775210826
139713,0.008752540805616984
139715,0.031701135016920505
139716,0.0043500799269126575
139719,0.22476596104200533
139720,0.005682298215092587
139721,0.00465414444681518
139725,0.00422434057191974
139727,0.12827323532032328
139729,0.016082111813894535
139735,0.011834103933115844
139739,0.011214767338168598
139740,0.009664161226438891
139742,0.1777069869970347
139746,0.005704363412840796
139749,0.0146761379917398
139750,0.002905329202133129
139751,0.0731375655047098
139754,0.24724048896837322
139760,0.1914552789535323
139762,0.06401469189217363
139763,0.003137039270492951
139764,0.004869220791733032
139766,0.011671734516689037
139767,0.003484826536227197
139771,0.009802241148314239
139772,0.003834443109049099
139773,0.016021297011888466
139776,0.0466282432145925
139778,0.22538368116560362
139779,0.09116668142926036
139780,0.3622514683060932
139784,0.005916951013422762
139786,0.0037220734408881595
139787,0.01352762110743706
139788,0.004971220450491166
139791,0.02613102260568036
139792,0.03140527470998767
139793,0.01008557620498207
139796,0.03128779587793293
139801,0.03532491632150665
139803,0.04157222116488832
139807,0.05173850789878371
139809,0.17214824827230737
139810,0.012658342975271275
139812,0.004423658961648836
139813,0.02372722205431756
139815,0.0051527504760531416
139816,0.02035214128963207
139819,0.00302146979272033
139821,0.007857491205913168
139823,0.024821760610076148
139825,0.1759356451367763
139826,0.026092726083828087
139829,0.26123135561185035
139830,0.010891519084263937
139832,0.018323888833715184
139837,0.11041727608348782
139839,0.06554636218521918
139840,0.021259436279227467
139842,0.011881850279759576
139843,0.007733480814911502
139844,0.010131730886777037
139846,0.008559068255182078
139850,0.007206004337962558
139851,0.01168132982983977
139853,0.005370041234211266
139854,0.026092726083828087
139858,0.01481311342529163
139859,0.00942033298628655
139861,0.00940076210607922
139862,0.007697274992821026
139863,0.019014083056375152
139864,0.06377435190991415
139865,0.2240026669092028
139866,0.0037851709360153074
139867,0.018114403649197076
139868,0.021831881087480798
139873,0.005487823188260794
139880,0.017449167173363814
139881,0.014645825020158654
139884,0.03459537651067348
139885,0.024113548509381865
139888,0.00350917792370739
139889,0.045486744752348034
139894,0.2212810688204492
139901,0.24037841774601834
139904,0.008787620069312198
139905,0.005227121189618753
139906,0.009894039994024374
139911,0.03765208628169372
139913,0.06681275709267838
139914,0.04199774379607015
139915,0.007195228303061214
139916,0.04967206898248614
139920,0.004389275420697928
139922,0.004495548738211541
139924,0.0297310967624633
139927,0.04233478653602195
139929,0.03027502366487308
139930,0.01829011477997092
139934,0.04092556895038848
139935,0.01063069937166049
139937,0.1683171245956084
139942,0.22547569687634975
139945,0.003964065919936971
139946,0.232507812718369
139947,0.015393630395513455
139948,0.026092726083828087
139949,0.003024454843037068
139950,0.003180440638930595
139951,0.056648598493451406
139952,0.10151665088281606
139954,0.003005548324962454
139957,0.003393192342495653
139958,0.02621814554669189
139959,0.005054118454476715
139960,0.05672826306067539
139961,0.03025436243867588
139962,0.003536433288451825
139964,0.04071120236841886
139965,0.05083278417313199
139966,0.15608735364661766
139967,0.004073550157827119
139971,0.005048502176130271
139973,0.003975665609871131
139974,0.08616423163301103
139978,0.03754028806819797
139979,0.003547029979049122
139980,0.1209562642728665
139982,0.008488524917180388
139983,0.016320121410289976
139989,0.027377340133812645
139991,0.0035954333352605163
139993,0.004361570786860264
139999,0.019835414273952034
140000,0.026092726083828087
140003,0.004414508973115238
140004,0.0318251304973049
140006,0.014846652172655565
140010,0.004939680815844706
140013,0.003580735779931651
140015,0.024881672693470226
140022,0.00911940893169547
140023,0.004165724403680272
140024,0.026092726083828087
140026,0.00972141658669579
140028,0.17790198759505216
140029,0.008145829781308615
140031,0.003636824328118127
140034,0.04948095028664467
140035,0.012918718169165167
140037,0.16122351476549018
140040,0.07217060894646507
140041,0.010182512572655575
140042,0.01861435708274919
140045,0.009447532669717266
140051,0.19323152293293214
140053,0.003971994877382391
140054,0.03126628288179551
140055,0.012526384079396696
140058,0.004736795814258865
140059,0.005315469652772963
140060,0.023117304792864883
140065,0.02156905517947161
140069,0.01023465931175188
140072,0.018578604804173202
140073,0.003068735080364035
140076,0.0115060796220054
140082,0.01013401373146823
140083,0.01946136350828298
140085,0.0340616405259949
140088,0.005429599920696759
140090,0.011252499665351372
140091,0.03985333535390194
140093,0.04538010162011575
140095,0.09038147872077665
140099,0.03368418607176485
140100,0.015179149012302552
140101,0.004429010278676665
140103,0.003325450965184134
140105,0.03432407124655661
140106,0.020216409149842116
140108,0.0031761576611846164
140113,0.004476219745923119
140115,0.045641787122306494
140116,0.003491427391666244
140117,0.123133083583158
140118,0.003615171064319808
140120,0.003812670267607013
140121,0.10720296447507074
140122,0.019223987425355783
140123,0.0035360284697442718
140124,0.014715360442413816
140125,0.015600150415908828
140127,0.010177464572697224
140128,0.004470756295985562
140129,0.023430142601435066
140130,0.01191046078517186
140131,0.0040850699605013965
140132,0.015293670896565194
140137,0.034223435851180435
140140,0.005972352999732667
140144,0.25202880353197893
140145,0.027934306469832984
140146,0.11339105740336136
140150,0.08955344358565528
140153,0.1722787327418441
140154,0.07938795664133419
140155,0.00419324157473381
140156,0.008151605372195192
140157,0.004762629543099141
140160,0.1036008059239382
140162,0.011319736245259381
140168,0.004199146302622874
140169,0.0040308904516091395
140171,0.0038413292750867556
140173,0.0037264213543787344
140174,0.013629864022921353
140178,0.03204529609344612
140180,0.060497297835673806
140181,0.003871755778248588
140183,0.0042061849793279425
140184,0.0060793428005516265
140185,0.00888753350827844
140186,0.04708116497799841
140187,0.01621831590572005
140188,0.005137409366665941
140189,0.007091432757871864
140190,0.03686705586840398
140192,0.010751607832627042
140193,0.0035028314025100458
140194,0.058764882397613204
140196,0.0029780034546855842
140201,0.036471212248520915
140204,0.07767901795731913
140207,0.006870230024972721
140209,0.026092726083828087
140210,0.002986322737454779
140212,0.004298574568945014
140214,0.0047414333523839915
140216,0.0038958919596962663
140217,0.2333522916569067
140219,0.012359358039306073
140220,0.11328172228865092
140221,0.013960942402440177
140223,0.0990901214401924
140225,0.0036179667115394045
140229,0.0030349410568603543
140230,0.009464506534153086
140232,0.006055217388391231
140233,0.003513091075825132
140234,0.014941431556161814
140235,0.03569514510136137
140237,0.21951777641675987
140242,0.00657680372618967
140254,0.09657687119192349
140256,0.03489550244025192
140259,0.003156004869354773
140267,0.0340605475821601
140268,0.004839740948859026
140270,0.21043528546362045
140271,0.003957156829084627
140272,0.21992444698960487
140273,0.03436151541410821
140274,0.003547356931523565
140275,0.02662620690687439
140279,0.009955047075073796
140280,0.02016503398185471
140281,0.00356722280998475
140282,0.0047642158362809425
140283,0.014115906297603092
140285,0.008581331518916262
140287,0.010879921954807435
140288,0.003861993921042023
140290,0.006626704795034637
140292,0.004371849972494136
140296,0.030143392545648042
140297,0.002926832464173636
140298,0.014375502109647264
140299,0.13363550145624517
140301,0.011890637409400122
140303,0.0584970119321028
140305,0.0037600490059839366
140307,0.025040978936628492
140309,0.06618138142268978
140311,0.004059302330399257
140313,0.004138163021184816
140314,0.03473316086651009
140316,0.0028974044780497167
140319,0.03181041372136451
140321,0.009988062696423538
140323,0.006211570889227983
140329,0.004099572249360931
140331,0.0042139994802641
140332,0.03772970129313302
140333,0.022394401530903087
140335,0.010143490194237522
140337,0.008724312924844414
140338,0.0028883816662817665
140340,0.15990848619778616
140342,0.2814717111594224
140345,0.11162372720494373
140348,0.017751650194546467
140349,0.007467011429703337
140351,0.01023837628565542
140352,0.06821816651452398
140355,0.049826296483232974
140359,0.00281525790199724
140363,0.19846498127578252
140364,0.026092726083828087
140365,0.005115233818915926
140366,0.006791142466000188
140369,0.010505084738595396
140371,0.1427841213509279
140372,0.05692475823603935
140373,0.013262427085916998
140375,0.006885715316524517
140383,0.03807474330992315
140385,0.008739209152220186
140387,0.003919228204220192
140390,0.09532946225047
140391,0.006332009587412895
140393,0.10163997260764507
140395,0.0036681305684394933
140398,0.00583059847759567
140399,0.012612773301078082
140400,0.02913657161371299
140406,0.12399514557823418
140407,0.014250169917700289
140411,0.021667782149160465
140412,0.02947112644756363
140413,0.003323359369531395
140415,0.007122431647797655
140416,0.005377896586438315
140417,0.0037329583110065484
140418,0.10257251458397432
140426,0.010253522960554724
140427,0.007805829963873144
140430,0.0034369925216688317
140437,0.00289614140468066
140439,0.22740404601674757
140440,0.011115992674339947
140442,0.023192897286069398
140443,0.012934572218497049
140444,0.04726162861458871
140445,0.00483644167942393
140446,0.004752919502551674
140447,0.033800106343140304
140450,0.1767022435138391
140451,0.0167593558712778
140452,0.13887974501846334
140453,0.028342178602117067
140455,0.17533465056353995
140457,0.019215570179836598
140461,0.026092726083828087
140463,0.011120628110537248
140464,0.005234402115237086
140468,0.015137819410801367
140469,0.2189823850464679
140472,0.006201834215873151
140474,0.15845605508515537
140475,0.013376044571844752
140476,0.04812416820300826
140477,0.003470518512852927
140478,0.1973495941119234
140479,0.005461234030135988
140480,0.04479821635135664
140482,0.0038263647679523446
140486,0.08727272484499049
140489,0.03423586937448111
140490,0.20045337497406104
140491,0.0037128246129445822
140492,0.02812539849877492
140497,0.10389665299962746
140499,0.024689845555070013
140500,0.3936492921636081
140505,0.020129718519895774
140506,0.010992921799328122
140507,0.0033332659124481567
140509,0.15592304587743055
140510,0.06826218693621469
140512,0.010205452700764311
140513,0.0030516849911209373
140515,0.012006501609417875
140518,0.033047419747550315
140519,0.04804404559686647
140520,0.00729194415465445
140521,0.012204613830338813
140522,0.04583352152078089
140523,0.0037275564859615812
140524,0.016125066390518018
140528,0.005957270967207321
140529,0.0028852820753238508
140530,0.021772094159314186
140531,0.08077092261646496
140532,0.07557807441822101
140533,0.019301907814468475
140534,0.018477752477923857
140537,0.04380336340287528
140538,0.0034824826100353238
140540,0.009904138708173521
140544,0.0030924014880430394
140545,0.004082747481172373
140546,0.2921403758807419
140547,0.09604878608413246
140548,0.0038417709703358043
140549,0.09247731418902347
140553,0.002862836738773215
140554,0.003803440901859495
140555,0.027435300187898172
140557,0.005643838593848212
140564,0.004794054807452981
140565,0.008187556466958972
140566,0.006149249936467698
140567,0.01346550195468991
140571,0.02829005724775026
140572,0.028823906400082852
140574,0.06119094516131734
140575,0.004585873740971534
140579,0.2703257794181841
140580,0.006346220834245861
140581,0.016021934257738204
140582,0.017727543067596975
140583,0.054484760516029816
140586,0.0036653084197817904
140589,0.00856061919443635
140590,0.22632335353676172
140591,0.004193160503140062
140592,0.0042444404938435185
140593,0.00771247697484457
140594,0.05756510572022016
140596,0.011506988059910616
140597,0.004086997391279834
140598,0.0038610841505633433
140599,0.05511895562379306
140603,0.013075335078113105
140604,0.03204909754851774
140607,0.23696813333177302
140609,0.0034149438147050137
140611,0.002920376458394071
140612,0.18699004524296456
140614,0.0037234842249867246
140616,0.01584182060436379
140619,0.0030773400968075256
140621,0.0046271918411431275
140622,0.003360411873112749
140626,0.013378618746951641
140628,0.03452430574717653
140629,0.01590574472163827
140630,0.0034521137921100812
140631,0.04151841654626597
140632,0.009441710755272736
140633,0.004361348547154979
140638,0.27488318427233366
140642,0.01911093931735093
140644,0.0037343349518128973
140645,0.0037971533378188
140646,0.03584068491067925
140647,0.0036653084197817904
140648,0.02087299666433982
140651,0.008339473708197823
140652,0.0666313560738701
140653,0.07469431956328294
140654,0.07109227363521801
140656,0.011609005208818714
140659,0.04009710138165324
140661,0.035867648050650396
140663,0.010246793627835692
140666,0.009744294041443944
140667,0.17459149244235567
140669,0.06469798808118365
140670,0.008773318337100494
140671,0.006665649549975221
140672,0.02803943263739698
140673,0.004572313431519672
140674,0.026092726083828087
140675,0.005085527509329732
140676,0.15617440476619365
140678,0.015693102653006785
140679,0.011384395170117488
140682,0.252726725522529
140683,0.02383445563170101
140684,0.07347564119341807
140685,0.252130526396079
140689,0.0523348288721748
140694,0.15505776036946411
140695,0.27942119929638004
140696,0.20316042536943274
140703,0.003448038824033738
140705,0.028010384926821424
140706,0.19126146001822464
140710,0.009096801560754854
140711,0.014187534444576565
140712,0.0033230627692161134
140713,0.015648396479949027
140715,0.03805560387255114
140716,0.01213107247652367
140717,0.06800750760948275
140719,0.0033761602173661594
140723,0.016268091753412227
140725,0.06248351942797576
140726,0.006653111135090871
140727,0.19711166393435436
140730,0.00841264721752065
140734,0.0028951974742999456
140735,0.015654600061865913
140736,0.006375875157372951
140737,0.05877418581252924
140740,0.03765841952415175
140743,0.1268899622243907
140745,0.005761284357806165
140747,0.21055229692635094
140750,0.06146601369391567
140756,0.0037171127538803677
140765,0.033214754854382904
140767,0.1059673284075155
140768,0.007225432477294285
140769,0.05352649630416061
140770,0.005134241603277116
140773,0.07420887631653005
140774,0.0038762652988987897
140776,0.011276792412905934
140778,0.05807706281345777
140779,0.006043362506584013
140784,0.004394976290752063
140785,0.20965575819863294
140786,0.029663506875186367
140788,0.007399252339608639
140793,0.013615248793816993
140796,0.00856407154491797
140797,0.1584141120220584
140798,0.012537315472348992
140799,0.0065034875574431095
140805,0.07366995723344837
140806,0.003976012957548421
140807,0.006792794357038051
140808,0.005911640681948144
140810,0.009008645094311436
140811,0.0029091090252442477
140813,0.04805650833948103
140814,0.01838752047789934
140815,0.12626145005305886
140817,0.00362917778733313
140821,0.007041953769875798
140822,0.1957708275321165
140825,0.0028996795429988725
140826,0.13834783120204688
140827,0.08470340065064899
140828,0.003725631157816223
140829,0.003437808642672328
140831,0.0032497332753928226
140832,0.04916899293155233
140833,0.006124450519018881
140835,0.021383510680461366
140837,0.023728282023982257
140839,0.048977730131045616
140841,0.011514584770300536
140843,0.0369624053051755
140844,0.004986246321608556
140845,0.003039656114389441
140846,0.00724114839573624
140849,0.017696088289116556
140850,0.023083817778577088
140852,0.0028172467239688122
140853,0.004522945432845639
140856,0.007032169898932242
140859,0.009441089152378797
140860,0.0029494467703006393
140861,0.20878596770781382
140863,0.033351649374871666
140864,0.025040978936628492
140867,0.00400167156826552
140868,0.007363628848073446
140872,0.008785088059993158
140874,0.006851021152769129
140875,0.0253248985704325
140883,0.0034118128676835485
140885,0.0030418967399332814
140892,0.004019706257947165
140893,0.1562671239337473
140894,0.0064553554456645455
140897,0.011562048974611104
140898,0.0042834807395496916
140899,0.02249805273058256
140900,0.1712209623502572
140904,0.2579722945245027
140906,0.0035574411799778
140911,0.02736763917964754
140912,0.047649046620822366
140914,0.036471212248520915
140916,0.014096048842769805
140917,0.01011132884450599
140918,0.016843112820432424
140920,0.11750310310491972
140922,0.03297282046253296
140925,0.00969167886422314
140931,0.08300076605515735
140935,0.008275537553868798
140936,0.008953268319911192
140940,0.01073134780016024
140942,0.004180638894867613
140944,0.0038192676676835906
140947,0.09899564030366792
140948,0.015625524655881375
140949,0.011940360506154254
140953,0.03125881363750255
140957,0.0028722996855606114
140961,0.0052205324424459635
140962,0.0067220362249224555
140970,0.07524209451415986
140973,0.0048766984082814335
140974,0.004273517147170685
140975,0.036762961189622315
140977,0.019353443267621052
140978,0.01330199024798086
140980,0.05000386899510273
140986,0.003353317708497685
140989,0.08650498948017779
140990,0.016830304207884422
140992,0.07669875410181971
140993,0.03906532004607596
140994,0.007314573369379637
140997,0.2075791961593097
140998,0.002868234052904711
141001,0.003604946949711231
141003,0.0034578856981435824
141004,0.013096832849306364
141006,0.0310972854382271
141007,0.017126416982724643
141008,0.018208387079851705
141010,0.029472099439806845
141011,0.010295924120703893
141014,0.009876860260483974
141017,0.06679260761590552
141020,0.004289585273777164
141023,0.08942079075054157
141024,0.002868582578792097
141026,0.009793223637512491
141030,0.05179826875299334
141035,0.007294925769036347
141040,0.2557088617903688
141041,0.11422582023843811
141044,0.029586617519425977
141045,0.003946505965429241
141046,0.007516593254138469
141047,0.026092726083828087
141048,0.02883473062585003
141050,0.00396349640495835
141052,0.005509523315667562
141055,0.09747103640694063
141057,0.17963530229008284
141060,0.15174531689629955
141062,0.03105126883409671
141064,0.010007290163871946
141066,0.006865309526336757
141067,0.020218101737408647
141068,0.05473885086995624
141071,0.0052909645476377845
141072,0.033383527706433276
141073,0.01592378654040533
141074,0.018152758239837315
141076,0.012230001994590338
141078,0.0054818727196065545
141079,0.05279569325514709
141081,0.20219086833201716
141082,0.04336733235151251
141086,0.007846967255191972
141087,0.011634232566761089
141090,0.05527293824146832
141091,0.0155365040479461
141092,0.029122209003950857
141093,0.0033002540232954535
141096,0.015238962972967026
141098,0.015489931851111796
141100,0.026092726083828087
141102,0.06174773087815231
141103,0.004011167711994598
141105,0.25131837404186413
141107,0.013902545753891162
141108,0.005868408179611561
141111,0.006348327844172463
141112,0.003463073599294668
141113,0.005944922163367895
141114,0.0038184490096621706
141115,0.003957224167158891
141116,0.053153211137263776
141117,0.004315936866500828
141119,0.006627900683404885
141123,0.003926706018869075
141125,0.016120749341061905
141126,0.037462564696120706
141128,0.3272095154411622
141129,0.0068779617354948475
141130,0.021617756345690107
141131,0.010339133594497237
141133,0.006886336721522364
141134,0.005704981268191088
141136,0.03439866472426451
141138,0.003566046503272134
141140,0.014495909853505075
141144,0.032775098136379154
141147,0.00405958753580271
141148,0.005543364247229361
141151,0.019388529017122846
141153,0.004243187357353104
141154,0.16517364146328625
141155,0.13806897454765404
141156,0.003435458172931271
141159,0.025040978936628492
141160,0.003977515836954192
141161,0.018643559134564947
141162,0.004477767414654901
141166,0.026092726083828087
141168,0.0073037252729788935
141170,0.23588210294947198
141172,0.003378395183477558
141178,0.0436213717494428
141179,0.010324094549429255
141180,0.03173576018698369
141181,0.031178564527357126
141189,0.008484132435178787
141190,0.10413401609326689
141191,0.004232937334170166
141192,0.06284660916398567
141193,0.0028891618836335777
141194,0.008726710286120733
141197,0.09310194826167734
141198,0.012949050951076358
141200,0.010386241193272942
141201,0.07568596489985406
141202,0.041046258035860796
141204,0.03771829775500252
141207,0.01623576981510843
141208,0.003996532120871634
141215,0.09027144285844467
141216,0.04562891585724893
141219,0.0323064377461475
141222,0.08719160344186147
141223,0.2118398387274113
141225,0.03836351764548308
141227,0.028065033011596345
141228,0.0036674757527979233
141229,0.003345147929878144
141230,0.005576420742796602
141231,0.15370907205044376
141233,0.0788759509086087
141234,0.011579256098683004
141236,0.0033305791556875733
141241,0.011526743000622022
141242,0.003981022786634653
141245,0.08472199769843379
141246,0.14486109697342392
141249,0.2357468100957207
141253,0.010806074121840056
141255,0.003995318428059268
141256,0.027332530746194694
141257,0.05463745623848588
141259,0.0058343122958734875
141260,0.009896992899111029
141263,0.026092726083828087
141264,0.003007576357873888
141267,0.004011571765981015
141269,0.00549834341690912
141270,0.006780014977593966
141272,0.07754337653551216
141273,0.021834895638146737
141274,0.002983003212041456
141278,0.0034215692999500055
141280,0.003517083298048501
141281,0.03459537651067348
141284,0.006346229807465908
141285,0.01322437284703493
141290,0.043609830334525396
141291,0.0029079620509208366
141292,0.004183600983573168
141293,0.011083598507895859
141296,0.00409666662325613
141298,0.04709666926317731
141301,0.017251052521070665
141302,0.044327109441501616
141304,0.0028512292970236243
141306,0.003257604376603254
141307,0.2152640260899932
141308,0.004120964439666304
141309,0.05385257151977532
141310,0.11278137525433388
141311,0.008287890496077073
141313,0.008362013722374521
141314,0.008576294856501299
141318,0.0043881950418573805
141320,0.0189137652962236
141323,0.0204369146566905
141324,0.025141475227331893
141325,0.06351340965129496
141326,0.04199774379607015
141328,0.019639881968905103
141330,0.019987273406195348
141331,0.0033799666802449176
141335,0.008591747613497088
141338,0.0034734916091438634
141342,0.004866466593813428
141345,0.0030516849911209373
141346,0.004757877330146248
141347,0.0042061849793279425
141348,0.011539220993576871
141351,0.005671333023204771
141353,0.003509991438574228
141354,0.017305694632593547
141355,0.010449479748458982
141356,0.015076617053713012
141358,0.005693933086763161
141359,0.015328392382746057
141360,0.00558518802797503
141364,0.01564569046221715
141367,0.23470455141546237
141369,0.0034447169402358827
141370,0.010520199214339039
141371,0.010537743581618214
141374,0.005419832494809161
141375,0.03374411729015439
141378,0.003024439235461277
141383,0.005699699268164155
141384,0.004021856530474573
141386,0.013053338155312792
141389,0.05079371537222016
141390,0.20538467266559068
141391,0.19605584186505579
141393,0.004457520550151886
141396,0.0037699772042117303
141398,0.1686777906518202
141406,0.042381584576301715
141407,0.003756502913909159
141409,0.011093926262457228
141411,0.009304400166024676
141413,0.016338716918282745
141414,0.21788836883398835
141415,0.004808244167401555
141418,0.016646717236852314
141421,0.026037000964249164
141422,0.05055038668940434
141424,0.0038159422912422895
141427,0.0035323371833408013
141431,0.004427844170611386
141433,0.0475489722109282
141434,0.010555475454048335
141435,0.017607770158379627
141436,0.003986088322326601
141437,0.0035127415920996833
141441,0.034539995689758574
141442,0.004342013422836119
141449,0.00882503578932234
141451,0.020070443579875613
141453,0.00586921084728331
141454,0.011197917523420428
141455,0.01377638975598684
141456,0.038642185180635884
141457,0.0030362540839443475
141458,0.003550628331831768
141459,0.08644925550411184
141460,0.07835395331798252
141463,0.08130856450588182
141466,0.06764604720378374
141468,0.004138516151892028
141470,0.009891029256451833
141472,0.00847963778196813
141473,0.021891881481125877
141475,0.0038768478950359743
141476,0.07392894000643285
141477,0.004236473021568124
141478,0.0029529081469600042
141480,0.0029009365647100667
141484,0.003500580189722686
141488,0.029635184293956493
141492,0.01273271880671546
141493,0.0031980330571753346
141494,0.009528232925434066
141495,0.0034164361159983803
141496,0.02823779020056285
141497,0.0037575787852900484
141501,0.00442057837448594
141504,0.012952045711038335
141507,0.008652718371418996
141508,0.02355674700679045
141509,0.030145218694078133
141511,0.006074217842388034
141514,0.010534433983891374
141515,0.027935754927291986
141516,0.026092726083828087
141517,0.00704668988733345
141523,0.0036048575407404706
141524,0.008637137097670526
141525,0.2239443343336611
141529,0.04017491320077219
141532,0.003419425926511337
141533,0.003940126045287454
141534,0.18640300013361952
141536,0.0078102700812645795
141537,0.06413633990384181
141538,0.08391620712449128
141540,0.12039475530338153
141542,0.038686881371929945
141547,0.026848230954681133
141548,0.014075916779564804
141550,0.004915632930945669
141554,0.009378842244577456
141559,0.13530325512010516
141562,0.07097315231014831
141566,0.013715301176369502
141570,0.003993894602551786
141571,0.06860454849847673
141572,0.003882724846253824
141574,0.006262728689259609
141575,0.00587523021054194
141579,0.062482797281525226
141580,0.026092726083828087
141590,0.0028525591764475065
141595,0.012337747737770792
141597,0.003023888572990852
141599,0.02558288592377287
141601,0.004557285497251939
141602,0.03120833616748865
141606,0.03554084702029883
141609,0.004801683771020534
141615,0.03345925007359745
141616,0.010243547541964323
141619,0.002935837689134325
141622,0.005267890312070395
141624,0.0037697463659603888
141628,0.16204226373519037
141629,0.0029722128498299843
141636,0.026092726083828087
141638,0.003061518414803672
141640,0.03504310633011821
141645,0.006009332137928127
141646,0.004507953633887537
141647,0.005893963817446347
141652,0.0560937615054948
141654,0.01824200986258449
141655,0.03055086374075377
141656,0.006625289267903008
141658,0.0068289580763681475
141659,0.011989688482348979
141660,0.1879965791778654
141661,0.002901084932485475
141666,0.12657101746734836
141667,0.0038816522272421662
141668,0.003608908938258142
141669,0.005341853219579517
141671,0.007471370734734368
141672,0.34102089820764653
141673,0.04760333516701068
141674,0.004805037223191506
141675,0.016303535150783775
141676,0.06704555037437113
141677,0.005869563281883609
141679,0.004182194836064118
141680,0.038420903801514736
141681,0.2918098587408756
141683,0.026713706447388446
141684,0.019089734981688984
141687,0.025040978936628492
141691,0.010246604189594827
141693,0.06776137664116232
141696,0.011493226815043387
141699,0.003407608475605653
141703,0.0064516764396063
141707,0.0072419264804401175
141708,0.056461547726448916
141709,0.003956265145049099
141710,0.01072496151329164
141711,0.0036622732198292782
141712,0.08390051152832068
141714,0.02155762321680267
141715,0.008805979929224345
141716,0.005754691859818155
141719,0.03169265621049182
141722,0.03583018822541792
141723,0.044682860259822675
141725,0.006895757345632536
141726,0.003929888109888099
141729,0.06814434750469207
141730,0.031031097773149743
141731,0.2333706961692074
141733,0.023671894391739473
141735,0.004049337181945011
141736,0.026833267074966593
141738,0.026092726083828087
141741,0.010749055349115853
141742,0.02617778237140737
141747,0.006173307337784339
141753,0.004304618617540833
141754,0.009445594558383416
141755,0.009385910847789497
141758,0.0038472628663294883
141759,0.06283510157293565
141761,0.015976773401807226
141766,0.06412396928095972
141768,0.0036720561997355496
141769,0.003082720024316034
141771,0.06705766628984122
141775,0.004894503712559668
141776,0.25083851790644446
141777,0.22935295903663364
141779,0.00678075067105168
141783,0.10809522150268026
141784,0.030400998827841405
141786,0.004470167489688876
141788,0.052518337085608026
141789,0.04427122554483716
141790,0.011173371228180722
141792,0.008322108896341515
141796,0.0571816774516495
141797,0.003927890304505662
141798,0.004318033437354012
141801,0.010924464094435898
141803,0.011989493132693985
141805,0.012008744886580339
141806,0.09385335789587637
141807,0.020180653268666443
141808,0.041914199895172755
141811,0.005528646182895924
141812,0.00954885708588623
141815,0.02495962991762832
141817,0.04902118281670467
141818,0.011638127315380565
141819,0.0031170057374314505
141820,0.010128147871292424
141821,0.010791931440913333
141823,0.00323044888655066
141825,0.05774834442512583
141832,0.01643992749559452
141835,0.03039281349083827
141836,0.027965203205005753
141838,0.12586740299114513
141842,0.012981014175357252
141843,0.002883300173535952
141845,0.011128408449138639
141848,0.026105727707962458
141851,0.003123669210500289
141852,0.01998880616668511
141855,0.010713498873336747
141857,0.009323547513483093
141858,0.011659999162960353
141860,0.06715779040077127
141863,0.23920496276683764
141866,0.003321580339509763
141867,0.05675924687672933
141868,0.008125147009059058
141871,0.002939057822620463
141875,0.21832675359895995
141876,0.0358786567291208
141882,0.021360679560942047
141883,0.18531577970294089
141886,0.005180869961255377
141890,0.0029676072116623787
141891,0.11908782158385699
141892,0.07665980611527147
141894,0.0028982597808132286
141895,0.02971460786655062
141898,0.0029767385318221974
141903,0.0037304843615571246
141905,0.00327839994149866
141906,0.04357147064708041
141907,0.01408515644465152
141912,0.018899006243063773
141913,0.2641776673601599
141914,0.009046938265586293
141915,0.003420491892737046
141917,0.008502350816854515
141922,0.04581711422424815
141923,0.10090115935475899
141925,0.004143636108526501
141931,0.003911237668902537
141933,0.0088616047945915
141934,0.017214973500658776
141936,0.11055332708534209
141938,0.049641042986902334
141939,0.0038200689225449387
141941,0.046250679490431094
141942,0.00295126353841824
141944,0.009047170716963381
141947,0.0031289805501319916
141950,0.002996961299071156
141955,0.007879541372513715
141956,0.0032052872975335705
141957,0.004862502390713099
141959,0.030668686786519062
141962,0.06292507917292689
141963,0.003578401518928424
141966,0.07763191001415055
141967,0.007800970308898992
141969,0.023641184150829168
141970,0.0029509762421948546
141972,0.03450650294707148
141975,0.0802493332017641
141976,0.025051556779607007
141977,0.016157542703394145
141978,0.003644338528333574
141980,0.040727595656653466
141981,0.0062754928834895226
141983,0.004988086356671088
141986,0.011345389750991296
141991,0.01344220034710834
142001,0.0036063665581101954
142003,0.016100049355456374
142006,0.15234453977699336
142007,0.009960506268416141
142008,0.009818975468557182
142009,0.0029165529860891775
142010,0.15472198633814482
142011,0.04260986844631138
142012,0.13967605233532748
142014,0.011896875640977925
142016,0.0049702937395274755
142020,0.13012095969528215
142021,0.002971337167266835
142024,0.011882160972091691
142027,0.10303532199455277
142029,0.0037646341134963167
142030,0.04035094111574979
142031,0.015697568998972514
142033,0.02320350551986876
142034,0.0043744682360024705
142035,0.012847158805198624
142036,0.013719116539523112
142039,0.0158779869236099
142041,0.025040978936628492
142045,0.009652142238821411
142047,0.003554603724639564
142051,0.003963309989461753
142052,0.03496283110015381
142053,0.005320031191515559
142054,0.050531140413542536
142056,0.0039955926059827606
142058,0.008762148030761316
142059,0.011779580636991195
142063,0.013583396874116709
142064,0.04157222116488832
142068,0.0037834590166590013
142071,0.01391843608178648
142074,0.012014988219296726
142078,0.011988347471549105
142079,0.06375501855655315
142084,0.012124692769149679
142085,0.0067641551438978815
142087,0.1310810431796726
142094,0.002884448781659809
142095,0.17662108273229657
142097,0.1514773480197524
142101,0.025260037553561973
142102,0.003285284210082009
142103,0.01024917301851675
142106,0.007001686867793189
142108,0.003566641809507524
142109,0.003261573667719972
142114,0.027697952413118603
142116,0.005606919147526759
142117,0.0034954047284924622
142118,0.0041142564680037574
142121,0.07171205514955763
142125,0.02116726248824486
142130,0.01664320728675552
142131,0.029146332495206734
142133,0.006377846588400371
142134,0.006323103679359291
142135,0.006484565567438415
142136,0.03641843619977025
142138,0.009983359305775439
142139,0.005524535406449215
142144,0.01032483658537171
142145,0.028423577961567
142146,0.023065388038399554
142147,0.006097562184666927
142148,0.008202759533102818
142149,0.05078613473778868
142150,0.06537030459800132
142151,0.004394993770368233
142152,0.0029176265629484504
142154,0.03029402421430135
142155,0.0773458902763074
142156,0.003978947235816559
142157,0.032602251807647156
142158,0.0030346399308148106
142159,0.009071189738350348
142162,0.18693545278726778
142165,0.01196702764074158
142167,0.005471906277615852
142170,0.15206450338112523
142173,0.06565830598333465
142175,0.0030363954544566623
142178,0.04234066930263502
142179,0.04344497000046572
142180,0.003547740982013154
142182,0.02092888227721743
142183,0.004318903722388091
142185,0.0029451737353550704
142188,0.017721229150283367
142189,0.014380832446105935
142192,0.003737145700220303
142193,0.010181730317169737
142194,0.003689307792025708
142195,0.005014180989838465
142198,0.16169537924684552
142199,0.007901509532245147
142200,0.010791937734814324
142201,0.00359228811787165
142203,0.10913977022609009
142204,0.003927701795889067
142205,0.0029451737353550704
142208,0.02142908489542352
142209,0.06816069438070729
142210,0.09938206859929562
142211,0.011335483907601702
142214,0.0055017735293426675
142216,0.011555903324485799
142217,0.007211872751784855
142219,0.006152425877238844
142221,0.0030110292767190107
142226,0.03191859909551266
142228,0.0188302025410963
142231,0.020206759305749274
142232,0.2742859063583726
142238,0.024285440087711708
142243,0.06675863969638655
142246,0.010166139995118619
142247,0.007697274992821026
142251,0.1047067118810725
142252,0.20526403109436694
142253,0.012600726562207249
142255,0.011536935014828137
142257,0.11443055074359318
142258,0.11106223688711409
142259,0.014971076252095823
142260,0.00987834431255237
142261,0.1315454724198959
142262,0.009931474655479482
142263,0.21812359099904197
142267,0.004537364284112134
142271,0.006973603280651238
142274,0.07575732065315209
142275,0.005198329865149298
142276,0.005739621234212446
142277,0.2058266771479038
142278,0.012519876537807974
142281,0.022464123983724337
142285,0.007005327621452882
142286,0.004089644843214243
142289,0.015151117366166504
142290,0.16037406256579304
142291,0.03067722335116302
142292,0.013774647101453558
142295,0.0035348263693168415
142302,0.04584336065334298
142303,0.043167036387173376
142304,0.0032055505676317018
142307,0.23751304762030243
142310,0.03471861634682405
142311,0.005200904033830446
142312,0.011859627931475977
142314,0.0034016747840337797
142316,0.21837054716510265
142320,0.04232089607542682
142323,0.01311352553933164
142324,0.002906321440278789
142326,0.028259723544416315
142327,0.0033168261236671726
142329,0.004197094536749772
142330,0.053406645615277894
142331,0.06397639294785518
142332,0.015555871457899113
142334,0.004256168703938139
142335,0.03365087503463651
142336,0.00593150476792099
142337,0.0037873653051157864
142338,0.006779635695676463
142343,0.003493940192058228
142346,0.004883314487242028
142347,0.0060649717311854956
142350,0.02296360491472427
142351,0.006091337733821465
142352,0.003652173604883844
142353,0.214670152173961
142355,0.01543898652920025
142357,0.011254959026994745
142359,0.19686680071885393
142360,0.18440578279653608
142361,0.007576741193430768
142362,0.017298852308040073
142363,0.0074684941777524196
142365,0.004324070478394389
142367,0.0035100580188841034
142369,0.007425823752974103
142370,0.002865674201945044
142376,0.0715499605305369
142379,0.17600537384357076
142380,0.003536416419382454
142381,0.03246027516998286
142386,0.008551822355303966
142389,0.29690237505857986
142394,0.002976723630355022
142400,0.08385729097846423
142401,0.00960165031935662
142404,0.003882398306659139
142405,0.04434457228685551
142406,0.14771687105815418
142407,0.059924351290047764
142408,0.009168681335369314
142409,0.0035441923428112185
142410,0.003751101261269594
142411,0.0065379247027695575
142414,0.03215808337793545
142417,0.013737701356477262
142418,0.07107627250994077
142420,0.018835831919985033
142422,0.015223921171005421
142424,0.028329185383979667
142426,0.007604670490698111
142430,0.010219583158446177
142432,0.01972353924144405
142435,0.004078457376598372
142438,0.004048270496585661
142441,0.042110386848137595
142444,0.0029075478278801498
142445,0.00414350031367665
142446,0.017684216880867912
142447,0.014664822726776522
142450,0.05567108366150092
142453,0.06292039356666988
142454,0.17340602759089255
142455,0.14099794841252714
142456,0.013012817343411845
142459,0.012276908660718604
142461,0.015137355358049335
142464,0.004184429415402004
142466,0.19091537551007554
142468,0.00987597230910561
142470,0.2325717781338047
142472,0.009350320409625579
142473,0.16308337596438138
142474,0.03825678996599592
142475,0.043102559865339576
142476,0.09059966563016343
142477,0.02177492544548831
142478,0.00529640148698653
142479,0.09935752427714575
142480,0.007796431665494792
142481,0.006444374953639529
142484,0.04240754953615125
142485,0.11755760108298534
142487,0.013896407032375649
142493,0.004273517147170685
142494,0.2003396239162728
142497,0.006315103694219387
142498,0.05805785482298842
142501,0.006793355572542913
142502,0.012786359042574245
142503,0.2548961041321016
142507,0.18817332953142427
142508,0.004340053006873105
142511,0.004113662351016413
142514,0.025040978936628492
142515,0.01511074551137
142516,0.04471699779524187
142518,0.020894736492138213
142519,0.11629071859872861
142523,0.003691785949803666
142524,0.005360122837885877
142530,0.035224301298467535
142537,0.0029607731287082323
142538,0.0675976838725848
142539,0.0037138114066206924
142540,0.01640980085253933
142541,0.004032977874011574
142544,0.02277304195416739
142546,0.006738823505338342
142552,0.020321908727397926
142553,0.003938836970552154
142554,0.024247477679382207
142561,0.03482847897774917
142574,0.012003432312627979
142575,0.18307959610908503
142576,0.019944567428309284
142578,0.01184653595233238
142579,0.008397299290787495
142580,0.004253406668024156
142581,0.021679387475411597
142587,0.013353893188612546
142588,0.18817078085205233
142591,0.10963827570746197
142596,0.00895052461350688
142598,0.0029328088898143705
142599,0.03786436226077403
142600,0.048658136071118734
142601,0.1109965651806324
142603,0.004220403927313556
142604,0.0036577422772977163
142606,0.011859933505778518
142607,0.047216942624399766
142608,0.21840197533617703
142610,0.004317126764648507
142611,0.010770698679732028
142612,0.0036814560292233772
142614,0.019480116787979573
142615,0.0701782975001293
142619,0.02148635248498788
142620,0.0069660202982878535
142621,0.026092726083828087
142624,0.005452713462626613
142626,0.0041945268603895275
142628,0.010117901206204032
142629,0.23067189974070337
142631,0.019001487632789218
142633,0.007185090823915498
142635,0.0162618667012357
142636,0.1542875477718501
142637,0.0872063423208615
142640,0.01876428037750435
142641,0.00307125643220096
142642,0.021076882285758023
142646,0.00765596406237583
142647,0.0034877515057784004
142650,0.16407769686741372
142652,0.01104639289154974
142653,0.004012711919291469
142654,0.0035273271351081606
142655,0.289991433754894
142656,0.004125272097136091
142657,0.03016434894335983
142659,0.01549653612039578
142660,0.14005085731396424
142663,0.03556212893927675
142664,0.016985505029681987
142665,0.22454477636227207
142666,0.024891239264843355
142667,0.06905847312770018
142668,0.09937179716290641
142670,0.18817333045727958
142674,0.03394528814472719
142676,0.05459143734967409
142677,0.023163796843925583
142678,0.15094834193080864
142679,0.25096595404334665
142680,0.0035951177283681133
142683,0.017428036295899983
142688,0.04330169298613515
142690,0.03839127080857532
142691,0.030026992110828526
142692,0.06932533646304517
142693,0.11614087815663654
142694,0.004955757655050582
142696,0.010572687605728085
142697,0.011342207505382562
142699,0.05846593286743623
142700,0.04298994832821063
142701,0.015173675853966144
142705,0.0030825898887631466
142706,0.10140297200061041
142709,0.012811691064654967
142710,0.10689830587027217
142714,0.0035123977855731465
142716,0.026804018517437293
142717,0.004727939636983726
142718,0.011190312062018695
142719,0.026092726083828087
142721,0.009599403208790193
142722,0.00877793236582224
142723,0.07334427975587435
142726,0.15234453977699336
142727,0.012931598841073477
142728,0.02924828810114171
142729,0.0036169801703974493
142730,0.004143635886499819
142731,0.005124202713056452
142732,0.010987732581707002
142733,0.0053489247543236
142734,0.0029670880130365823
142737,0.004475331209304607
142738,0.009642456857677287
142743,0.04493419376480489
142744,0.00432079264175286
142745,0.008680717103032639
142747,0.0037409258227726295
142752,0.009342513043736981
142753,0.006574293565374343
142754,0.003889065756475957
142755,0.026092726083828087
142756,0.07736583306362556
142757,0.013852654636856627
142758,0.018708449386790258
142759,0.009651956370730562
142767,0.005143022176384008
142773,0.01411723279105087
142776,0.017678665423269187
142779,0.005125700681851818
142780,0.003715919630342975
142782,0.005345837596399142
142783,0.18493723787514293
142785,0.0031039401777993173
142788,0.18097470786505257
142789,0.005097032897674074
142791,0.003876756109260203
142796,0.004562274714620188
142797,0.08924529874497811
142798,0.011871659442239961
142800,0.004093445914705219
142801,0.009310852003864745
142808,0.006109399500876115
142809,0.007135378666278443
142810,0.0031268343611193356
142811,0.13916943857608413
142813,0.00409666662325613
142814,0.005016163642339642
142815,0.014085199758373333
142816,0.0044820791031203195
142818,0.1519085869173907
142819,0.00940897483932696
142821,0.004146076026172096
142822,0.1346183024559899
142823,0.039662758901560846
142824,0.010442231015994854
142825,0.004803872237923612
142831,0.10275846345525368
142832,0.03289354674237925
142834,0.0029362634111948106
142837,0.0036296593419481897
142838,0.024601550837349818
142839,0.004479481374184003
142840,0.027631061319120097
142847,0.008366676653411734
142850,0.0034191747035737297
142853,0.02650479869070468
142854,0.004246730809106969
142857,0.17361311165090756
142858,0.03406202216606318
142862,0.19768654549580572
142863,0.23296189670085113
142864,0.02942748286138449
142866,0.039593819062715384
142869,0.003844174588726769
142870,0.020996299431858437
142872,0.009245743809035794
142873,0.019566131513046845
142885,0.029173812040470672
142886,0.004894576177790525
142887,0.004293362529459688
142888,0.013240571283367614
142889,0.0028663057895218502
142890,0.00983085287096437
142893,0.03301398658168116
142896,0.00799654469392428
142897,0.06094042205537057
142899,0.02289006494751467
142901,0.09686004570690587
142902,0.005449102362543635
142910,0.003794994318086533
142911,0.004721905341358365
142912,0.0046529898063193105
142913,0.02014830915460049
142914,0.010116673587944464
142918,0.005264749234956043
142924,0.002987754641152406
142926,0.0028828840905619577
142928,0.04929419655912633
142931,0.03280395420740428
142932,0.008420198399186929
142933,0.008484375150426382
142938,0.003662117187744455
142942,0.0059750717054031155
142944,0.07941216031223412
142947,0.005790355808543423
142949,0.024339379053049802
142954,0.0038021528259114556
142957,0.010044366804731555
142958,0.013136604602768095
142960,0.008690847472220794
142961,0.00876121607471469
142966,0.011309036143614549
142968,0.011989987315985025
142969,0.22183235504183915
142972,0.0029564796460139196
142974,0.04108988016015143
142975,0.0731519945853484
142979,0.007262101032901292
142980,0.007236568705722055
142981,0.0029337762726222433
142982,0.014782151070014623
142984,0.015825568792784732
142985,0.02110184554263012
142990,0.009853930106659697
142992,0.008142870070597061
142993,0.0030320375532581208
142995,0.006015005164383837
142996,0.15452054211728872
143001,0.006966540172014458
143004,0.014010129469561625
143005,0.0832612247039088
143007,0.0038535087507845967
143010,0.09603397441367063
143011,0.002833704481592487
143014,0.20720174306295444
143016,0.025262919416390674
143017,0.007230957234293863
143019,0.013073184061549309
143023,0.45839544663281245
143030,0.002884408978318897
143031,0.003501816687048893
143033,0.0029601615212089282
143034,0.02688763007679638
143037,0.010829619113178647
143041,0.016114809315744084
143043,0.012555719803495102
143044,0.17648521595904323
143045,0.012566401656443783
143047,0.0051304578796010835
143049,0.010242049087589494
143050,0.009032146506753132
143051,0.013114082609987008
143052,0.0038886352431194066
143054,0.06542098610208677
143057,0.03692586187470718
143059,0.002953356859242319
143061,0.056101467792372156
143063,0.122663374633594
143069,0.07847789816674937
143070,0.227085554871576
143073,0.0035002933466594336
143077,0.020818059578706048
143079,0.003416290089373424
143080,0.003552559294033674
143081,0.006622922516116559
143083,0.00667301692554498
143084,0.17121391333456498
143085,0.03036376715377566
143086,0.0550217729281288
143088,0.0053755692136876355
143090,0.004123604809618633
143094,0.004287105128975877
143095,0.003129341052842953
143096,0.03015569977033309
143097,0.010705345534362554
143103,0.013614197440956734
143106,0.032634183519173146
143107,0.06351167120416981
143108,0.007732285966201341
143110,0.0029117270428705264
143111,0.011020909411959686
143112,0.010368178891807285
143116,0.004983277269047636
143117,0.03163026934621254
143118,0.004268986029933415
143119,0.004462140765393719
143120,0.0031380040440079264
143122,0.041948418077295
143123,0.004911197989593855
143125,0.009303426722097724
143126,0.01956855205428126
143128,0.003228302127998318
143129,0.014668368366318614
143131,0.044915111233745336
143134,0.004621853504573314
143136,0.025592939572676585
143137,0.014123402007498554
143139,0.002937198546807644
143140,0.0028883816662817665
143142,0.005478141702054479
143143,0.02939793696375778
143144,0.008446350164805647
143148,0.013919652485159589
143150,0.03421540927988869
143155,0.017047869201601343
143156,0.1006197292016147
143159,0.0049204330530053355
143160,0.004021900643892652
143163,0.0068271418650395375
143177,0.04867807968760214
143179,0.00400941316657922
143180,0.09258958845207767
143182,0.16392617657899064
143185,0.030622153646102792
143187,0.03578416394911263
143188,0.005662854934756449
143190,0.050067470274122776
143194,0.14825074459450374
143195,0.007308622553181658
143196,0.015238962972967026
143197,0.010654348550978892
143201,0.009001853521864214
143202,0.0028870687700351663
143204,0.029698525737151253
143207,0.1055436208973826
143210,0.013783839238790289
143213,0.09135907320511123
143215,0.0039728242746459854
143217,0.00528872963876732
143218,0.027162875421101525
143222,0.005217167002088038
143223,0.0033431093901248182
143224,0.0033469842097976167
143228,0.0038802539335913325
143229,0.009841837709186466
143231,0.02228005180553947
143232,0.0038402865599476157
143234,0.0039028124190459267
143242,0.027442127230656154
143244,0.011634289584653573
143245,0.03346906375675354
143247,0.018740034953871058
143250,0.011890730680519022
143252,0.013200284146130871
143253,0.005609565824783614
143256,0.026092726083828087
143258,0.026092726083828087
143259,0.003386580426278704
143260,0.012883213644620318
143263,0.24857321078362446
143270,0.006134398399872676
143271,0.0073786084949119795
143272,0.0031065062202643816
143273,0.035123786367804125
143275,0.15652990544860126
143277,0.025516814013047406
143279,0.003951653673150656
143280,0.06519253534985879
143281,0.0029428631491428196
143283,0.0056331589888572306
143284,0.014359768930959756
143289,0.1648974354245002
143292,0.003226261420932749
143294,0.025477388904203806
143298,0.021063482674196686
143301,0.05517410132025363
143302,0.013105018445121215
143304,0.008461959777778121
143305,0.06018682387544153
143307,0.16755495485141883
143308,0.006162502043204858
143309,0.003161285724000098
143314,0.003479499650870312
143315,0.003547444789313227
143318,0.003694639860705688
143319,0.01179531902392358
143322,0.004523955239192074
143324,0.07575732065315209
143331,0.003915318703932788
143332,0.012847515311582734
143335,0.004113607633039937
143336,0.004000353060821508
143337,0.03385139499751374
143339,0.0312959225744913
143340,0.028254192739485273
143342,0.004235608359401568
143343,0.009895634705095422
143344,0.012921663654304125
143345,0.2606083866355452
143347,0.020987288869992057
143353,0.02602347096098023
143354,0.0037330066893179917
143355,0.08214539197327843
143356,0.004240492870954973
143358,0.00555755819306853
143360,0.010248661679252383
143361,0.005665098973840994
143365,0.012889689710885362
143366,0.007962979429089974
143367,0.07319651176083523
143368,0.18308523202290228
143369,0.021454183590030394
143370,0.013837421339339549
143373,0.2147225634945715
143375,0.010324554098330432
143379,0.009592530819709226
143381,0.10254799401495457
143383,0.22779855626719508
143384,0.006427008488510028
143385,0.09442847980132352
143386,0.026092726083828087
143387,0.008752390222849443
143388,0.01838722699815702
143389,0.03489648992169716
143390,0.003955329735799462
143392,0.002907603186019596
143393,0.004202029225096991
143395,0.015658020383515867
143396,0.006631482692884528
143398,0.006184445309461565
143399,0.24216722548302494
143402,0.011003262412278428
143403,0.04367245545249006
143404,0.04962501490740927
143408,0.018469203508060604
143410,0.005039962058695075
143412,0.08142404662192018
143413,0.003583367413677974
143415,0.0482918385143914
143416,0.0030627019042648376
143417,0.0034815847971206336
143418,0.16343603578362773
143419,0.01059763272877429
143420,0.011838580741082218
143421,0.028178072689917955
143422,0.011639755655585995
143424,0.004617710558938128
143425,0.015092631768017095
143426,0.04685457505234491
143427,0.004018402301371824
143433,0.011701794692819881
143434,0.008363541503629474
143436,0.0029970756667987986
143437,0.009442584963556253
143439,0.026697823349804622
143440,0.08393697377619967
143444,0.0035869004739542613
143447,0.033725489522432595
143448,0.022752856113192634
143449,0.005868408179611561
143450,0.08994538221013244
143452,0.002901125658795789
143453,0.08694479825338565
143454,0.01575572441651761
143455,0.01348478425266177
143457,0.16169537924684552
143459,0.00435688761847788
143460,0.019010748049348318
143461,0.16714508317818527
143462,0.0036653084197817904
143463,0.08733676050237431
143465,0.004833878293679807
143466,0.019275112133332575
143469,0.04848720657368272
143473,0.00415089733506238
143476,0.18874641439739853
143481,0.05267444755330218
143483,0.19846498127578252
143485,0.00952693306352498
143486,0.003513512615491404
143487,0.04925707046007513
143488,0.05462474061060921
143490,0.004248929458420806
143491,0.055829516243305885
143492,0.00552663797161927
143497,0.004848973328009606
143498,0.012484944068708221
143499,0.008479156726256406
143503,0.17824337217489758
143504,0.2384449922642781
143507,0.008736009733858843
143508,0.008557644354242682
143511,0.01698592426740801
143512,0.006730431028277157
143513,0.013609845838635455
143514,0.028265214865453782
143515,0.003415046763776744
143517,0.04510474790449825
143519,0.054052200021361595
143522,0.008665010348290475
143526,0.0037146166535950904
143527,0.00373366113175887
143529,0.003786290218974077
143531,0.003461426942915804
143533,0.0352297242143636
143536,0.017580533603734235
143537,0.027921352885163186
143538,0.019797717993298096
143539,0.0054707749680647354
143540,0.02728669747506848
143543,0.002958860233788261
143546,0.0637874960938792
143547,0.23484858798292754
143550,0.034191983927973235
143555,0.015777090904159557
143558,0.004246496518796088
143562,0.0039755783024913545
143565,0.005017750293398517
143566,0.03015627644384263
143568,0.04429834992836483
143572,0.004589232741318381
143573,0.005215134757386603
143574,0.025297348716479266
143575,0.003171383924140054
143579,0.1547218640238835
143581,0.0049944284669800575
143582,0.056090471672062873
143583,0.08789455383655118
143584,0.005812490514177146
143586,0.00805216600787042
143587,0.01044254078830907
143588,0.005224140186485901
143592,0.0042976915823467144
143593,0.009481743790747945
143594,0.0037389755420093535
143597,0.01769630739715896
143599,0.003928516402265844
143600,0.008034259607463276
143602,0.007511922996700889
143604,0.002994744729525942
143605,0.03459537651067348
143606,0.023486182469647343
143608,0.007163742590856873
143609,0.1547527800585394
143612,0.008152980428405662
143613,0.0038519687001221264
143617,0.010752611060174062
143620,0.04614538090338212
143621,0.014770890171059944
143623,0.0154805137671675
143624,0.0034317626426124204
143625,0.003915181461866649
143626,0.007360966896763346
143628,0.17906144329756268
143631,0.012993544929778353
143634,0.03308347459725551
143638,0.20991501241015545
143639,0.006456475930006896
143640,0.00877932257768849
143641,0.004391211057531847
143642,0.021397375844705847
143643,0.021489885451990143
143644,0.005219317763773746
143645,0.22034473565801233
143648,0.03297576648056498
143649,0.18246797209984622
143652,0.25003639548780354
143658,0.003569666316121348
143659,0.005674874896290097
143661,0.004414984104108964
143662,0.00717640367160054
143664,0.03633931996047487
143665,0.004353082184302391
143667,0.1124183970406532
143668,0.0148518629132007
143669,0.005076580711752651
143670,0.024852747296684834
143671,0.133327285893571
143672,0.0037971082864701852
143674,0.07880102610397678
143675,0.03455636778871517
143676,0.012044371075199815
143677,0.018176158624989964
143678,0.006244911212677021
143679,0.10371976817162712
143680,0.004424609454812348
143681,0.009960180052390698
143683,0.004542429132319776
143685,0.003585870997490164
143689,0.003938893939735658
143690,0.2280158243760272
143692,0.25423112573961665
143693,0.04316201934187215
143697,0.026092726083828087
143699,0.003590139556547001
143701,0.005560661149752052
143702,0.05599327404458391
143705,0.0030466850956510885
143706,0.15954738506637672
143707,0.006681845516003745
143710,0.004131022995427345
143711,0.010004811850362005
143712,0.01445518453131361
143713,0.003940550012494029
143714,0.005722654592634542
143715,0.006751898921775358
143716,0.003254855885871838
143717,0.0353856208863051
143718,0.01147313866201035
143719,0.15876977178783924
143720,0.008702427656207936
143721,0.1950013075482495
143729,0.0912591153653928
143730,0.008876766953610771
143731,0.00892830140037848
143732,0.0250778725727448
143735,0.004787710610116586
143737,0.1635189976159576
143738,0.045805171664523366
143740,0.01717485400674413
143743,0.019332356507101644
143746,0.08459436971654902
143747,0.01356401857637989
143748,0.05174400237121082
143749,0.018866467859973594
143751,0.006298052484478593
143752,0.06343049000868406
143753,0.03150995466425998
143757,0.008007845257160062
143758,0.06372733586425496
143763,0.017753093066558045
143764,0.23276914450991976
143765,0.004202289161519838
143767,0.005294353931550144
143770,0.0048336636373419815
143771,0.026092726083828087
143773,0.08421528056170838
143778,0.00930864283510099
143779,0.014957803598179997
143780,0.017436117785093925
143783,0.02154453882417718
143785,0.08449421924683163
143787,0.00799477779873868
143790,0.026806185003877138
143792,0.03654422901953712
143793,0.003209083254291676
143795,0.003285783543190403
143796,0.031059963678531425
143797,0.019302044178999042
143801,0.003724261716002985
143804,0.003122526640458515
143805,0.03376636926009156
143806,0.011441549973315111
143807,0.033503443787512195
143808,0.007242587930024648
143809,0.20033640660769877
143810,0.030919441072090426
143811,0.10183739503720476
143812,0.004739429159075502
143815,0.036065552877411276
143816,0.008603148509089081
143817,0.0029521988432527945
143819,0.046715524321461886
143820,0.14255244385312058
143822,0.010179473019919488
143823,0.014111652689749848
143824,0.004738739062845406
143826,0.011043446047090308
143827,0.007331817907806209
143828,0.03308414792279768
143831,0.003670740876600167
143832,0.046235352776861936
143834,0.035395131621963075
143835,0.030357317734305132
143839,0.07945319602010993
143841,0.008508389625446698
143843,0.02308403206182637
143845,0.1674277490665676
143846,0.026092726083828087
143848,0.09922927629284214
143849,0.03688492927791028
143854,0.005034175332629813
143858,0.004650662983628297
143859,0.003967916492131891
143860,0.003946385989845869
143861,0.004227223993376773
143863,0.01961517071369084
143864,0.007085275285081759
143865,0.004938244488451373
143866,0.006084044304671552
143867,0.03002893028177705
143868,0.08341462389670166
143869,0.003912508349283652
143870,0.02858595459249259
143872,0.003996154332901374
143873,0.0033300169113178193
143880,0.006122867133450157
143885,0.0140502031803194
143886,0.004889002680499688
143892,0.026474285862413082
143893,0.018010386234490628
143894,0.1714638424186032
143897,0.06986145403532705
143901,0.004749205560665717
143902,0.01894222277265589
143903,0.021666431851871254
143904,0.00514223280287942
143905,0.1941520203565056
143906,0.003911832069988926
143907,0.002854763320284468
143912,0.005320976717827058
143913,0.007901509532245147
143916,0.0040697550067850235
143918,0.0030929846804309724
143920,0.003043212617207389
143922,0.004074539408394341
143929,0.02146436177063306
143931,0.0030775316158725497
143933,0.08150452778056962
143937,0.18699004524296456
143940,0.002931071418826311
143941,0.028700080235221366
143942,0.20446885788000374
143943,0.007319822658278581
143948,0.05002462101803926
143949,0.0030213614640812914
143954,0.006622614501567648
143955,0.06193415574801107
143956,0.1932910213892925
143958,0.12894612692712162
143960,0.0070501621016197495
143961,0.013748336155350989
143962,0.02907235688101999
143965,0.00937702381871189
143968,0.013863762147426392
143972,0.015211606605708401
143973,0.015963775002376383
143977,0.003722512869060161
143979,0.003605080828481361
143981,0.22268405754451326
143982,0.008707124875909657
143985,0.011628552404684911
143987,0.006284751883251815
143989,0.03530358863129229
143990,0.019603467039430562
143991,0.029686418188280717
143992,0.0030141207889014658
143995,0.22197664695652133
143996,0.0045048328930337184
144001,0.007920029928377998
144002,0.02821827484221178
144003,0.004212546663082331
144008,0.05319061220331022
144009,0.005931209010015397
144010,0.02017842779495656
144012,0.033798654398081544
144013,0.16180865367313668
144014,0.018540135877371907
144015,0.0627788058457347
144016,0.02143745803580243
144017,0.0730847851993087
144018,0.005306126327438253
144019,0.00698477667605583
144022,0.11771829251810802
144023,0.012526257374910548
144024,0.0051365779935507476
144028,0.058698583662066865
144029,0.005850303914551564
144031,0.2754595665864933
144033,0.0655033924422671
144034,0.10040752905886328
144035,0.042357634966311224
144036,0.003122061533972779
144039,0.17489858267953892
144040,0.00628966349071415
144041,0.010449160093454424
144042,0.05238918668352711
144045,0.011527117659328137
144046,0.003507644796705997
144048,0.004935152682554619
144049,0.0037665141257808097
144051,0.018252650515092304
144052,0.002986424708577432
144055,0.003766638065655856
144056,0.00855376582527014
144060,0.06321005374877214
144064,0.00290456404167523
144066,0.11700032379353904
144067,0.16558120673698778
144071,0.005515693352997386
144073,0.12202787231061461
144074,0.038613159559058495
144075,0.07723832478870052
144077,0.017305634640138224
144078,0.003181609852929205
144080,0.010918039413016853
144082,0.013520407416231596
144083,0.020117632983584453
144084,0.01026616806660507
144085,0.01153160466567362
144086,0.0161903066616323
144087,0.03094849115953722
144089,0.004860426451615229
144090,0.026092726083828087
144091,0.028091271388496233
144092,0.003068921508911635
144093,0.015720624382308042
144094,0.09464083351443482
144095,0.014102630782649292
144097,0.01163818381715848
144099,0.003636481946425713
144102,0.014330071739375212
144103,0.029037567028377925
144104,0.008578218555978621
144106,0.17838369037108856
144109,0.009666881214252849
144111,0.0810182264699107
144114,0.004022418488923216
144116,0.09962551118927031
144117,0.09570327139853901
144118,0.004096874984823314
144119,0.0028878482728277822
144120,0.18246797209984622
144123,0.031555688054977826
144124,0.03854847454170806
144125,0.003175745349361926
144126,0.01665490838622813
144128,0.01591009395984944
144130,0.15755672461252965
144133,0.014887783516894296
144134,0.01616123599139958
144136,0.01532983988024981
144138,0.029999831776200726
144139,0.006121882691339082
144140,0.011859674597751838
144143,0.008514796822243658
144151,0.019039074399908665
144153,0.0038218517679859012
144154,0.03440157761143152
144155,0.01742895346668111
144156,0.0077253345215240795
144160,0.005396767656758714
144162,0.005243250480088359
144163,0.0031643772872012085
144164,0.07162649345462876
144166,0.06116732081501915
144167,0.0608606680438284
144169,0.09262961389645806
144170,0.019530464110197317
144171,0.01409545196775137
144172,0.05593238447475666
144173,0.003929888109888099
144175,0.00476345196730685
144176,0.008760475812257147
144177,0.02953903052766745
144182,0.011862780168512636
144184,0.046558852865921416
144185,0.008751648992462379
144186,0.20433598373941994
144189,0.03390821549631806
144190,0.1113039582528248
144191,0.009307380713328924
144192,0.011635144736478708
144194,0.004000767574169721
144195,0.0035320436137544625
144196,0.011459181171509835
144197,0.01780638406861652
144198,0.059818481388989604
144199,0.0035975897351682206
144200,0.3170843453427111
144201,0.025040978936628492
144204,0.01830482005931
144206,0.018967753330375314
144207,0.009042174421148848
144209,0.0029529362658220074
144210,0.004251358146714559
144211,0.007538876642774832
144212,0.0034548631970664143
144213,0.003674704679027062
144216,0.020131386949586758
144218,0.002950858577040314
144221,0.0036552458690595046
144223,0.004117074717981513
144228,0.024840481099073688
144231,0.0037580744231641345
144233,0.007679609497633822
144235,0.004022017325477037
144236,0.003715248956826198
144237,0.02740246505980673
144238,0.0035243723307200998
144241,0.017283155201609193
144243,0.0394349076519382
144244,0.003292083969736257
144246,0.0036542561345216077
144249,0.01524803510082799
144250,0.035614493470923735
144252,0.13126140323680616
144253,0.0030143890903137
144254,0.009290405508580015
144256,0.004573908159270672
144259,0.04575094762814418
144260,0.04791067795993163
144263,0.09923219679675191
144266,0.017091080497429634
144268,0.02286886554638705
144269,0.004120910995977605
144276,0.04238136478013618
144277,0.00430653667983086
144278,0.021569204387082302
144279,0.06085595262624493
144283,0.003060671644589121
144286,0.07420119405046458
144288,0.010611606629234669
144289,0.0076366608732512725
144290,0.0058783962685756965
144291,0.005480095401744377
144294,0.00362665643828255
144296,0.019190545529400433
144298,0.24440922703326995
144302,0.012232210250236148
144303,0.09992294996742115
144304,0.006111196428696433
144305,0.03395145461141353
144308,0.021032366913397046
144309,0.00588951657498526
144310,0.005737205970841499
144312,0.004166806455810084
144313,0.015654123064713907
144314,0.007492125030957868
144317,0.00374975663721165
144318,0.010290083499292937
144321,0.031837638342028185
144327,0.018032777210114512
144328,0.003119118918706065
144333,0.02904963987769546
144336,0.12622553422126415
144345,0.002886871923719342
144346,0.024869972746885124
144348,0.11653643691047265
144349,0.04549315028377222
144350,0.03354673112458037
144351,0.004388898851280653
144352,0.003939906611859766
144356,0.026092726083828087
144357,0.0033521421802632026
144358,0.007641589014558997
144359,0.015559800288520739
144360,0.021432173481210386
144361,0.016330727281186473
144363,0.18041200998743498
144369,0.02202009417244418
144370,0.15920339631400177
144371,0.012858537673619438
144372,0.013279389534691509
144378,0.0034278440253470376
144380,0.013613490991593188
144381,0.0037692853758704917
144382,0.06702448769701998
144387,0.01411198077317892
144391,0.019165124620382248
144393,0.00390227284945526
144394,0.0035096359720091755
144395,0.016539531344222883
144397,0.004648464181367264
144399,0.011622989252311604
144400,0.004497806109233215
144403,0.0042163946241289985
144404,0.003798198328808068
144405,0.01192680450327211
144407,0.012486425697976245
144408,0.023172299674295512
144410,0.018135981413451914
144413,0.2661298217425003
144417,0.00479790283214446
144418,0.08399049893218398
144419,0.0037152035126272625
144420,0.008709864323931804
144421,0.00480884279720629
144423,0.033330086191015365
144425,0.003957402351387434
144426,0.04567399211090534
144427,0.15959572705232455
144429,0.012212392636692613
144430,0.0032862993742606462
144432,0.018111327210434926
144433,0.004129946958332386
144435,0.00755983718796424
144437,0.02942769581496117
144440,0.008886331574569953
144441,0.0032223449953962015
144446,0.0032665359069533086
144448,0.0033997227476454416
144449,0.0067448555027665846
144450,0.21865650855916327
144451,0.014823607534563837
144452,0.00542037130702148
144453,0.0039337989169061045
144454,0.007839100508258432
144455,0.02298526106747246
144461,0.1973495941119234
144464,0.03724904310832472
144465,0.0037943495626650984
144466,0.016976006172337618
144469,0.009871994875555174
144471,0.02119752653075488
144472,0.0039546627377397255
144474,0.004393526866041137
144476,0.06609864284160026
144478,0.016490500410285595
144483,0.007109922840171655
144484,0.05779139640154353
144485,0.003857563490355615
144493,0.026100771340025457
144495,0.01801879203979602
144496,0.007219851008951327
144497,0.009589776118608026
144499,0.003689865999121951
144500,0.048107037529218966
144503,0.1990956067115618
144504,0.0037599585251673804
144506,0.09380717055054454
144508,0.005413268581848478
144509,0.09737474384890774
144510,0.11576004794734261
144511,0.14725598395961892
144512,0.01198664976385268
144513,0.0036308235001643084
144516,0.0030937192365011732
144518,0.0792665857846299
144521,0.006485269960057361
144522,0.3039531224658568
144525,0.010365291501394685
144531,0.05279569325514709
144533,0.0051485813801899795
144534,0.01892127314974119
144536,0.007811080082031984
144537,0.016653011895514866
144541,0.0075059079096045055
144542,0.005098623230550179
144549,0.0063287522820830834
144553,0.003072408410042003
144554,0.2466729358026077
144555,0.04255527623848505
144556,0.00341898894878776
144557,0.021992110991649716
144559,0.003956211062521441
144561,0.03290289114712106
144563,0.009286492743153874
144564,0.05592957979444579
144565,0.02929726566349239
144568,0.0034046827659624888
144569,0.017010603253061
144573,0.003024454843037068
144574,0.004501081021437073
144578,0.03341792891660593
144580,0.005928410274248471
144582,0.003224488147519572
144583,0.0029463487256598474
144584,0.0050190585899067474
144586,0.03441529217170393
144587,0.002839107815865982
144590,0.0028974041153122672
144592,0.0028855973169524254
144593,0.005849374417080088
144595,0.005770396024177301
144598,0.003760608548659029
144599,0.021181900013224363
144600,0.006277240193727964
144601,0.015241056663973044
144602,0.0695652686340241
144603,0.02013712776751734
144604,0.008841983683132788
144606,0.10704310853459115
144607,0.010082269138935462
144608,0.0181355809678195
144609,0.005658465435771523
144610,0.006847466450982706
144611,0.20797951550352925
144613,0.0038512154641813525
144614,0.026491435719259163
144615,0.014464747362072294
144624,0.007778886152690755
144626,0.012425379009742245
144628,0.021396558086796198
144629,0.004224372955104994
144630,0.006302507072565558
144632,0.20025680997821158
144633,0.003775320567437117
144634,0.005776449905965621
144637,0.00420584351017544
144640,0.0038336669651326347
144641,0.18246797209984622
144642,0.003601892547209852
144644,0.04018269520076715
144645,0.055729627820556085
144647,0.12885404382183294
144651,0.07103865913428815
144652,0.006312166407127403
144653,0.0036367989268926734
144656,0.2568127916600597
144657,0.056676058030487676
144660,0.011112129187123287
144662,0.014128370048052407
144663,0.062050649071484706
144664,0.0030022842674671444
144669,0.003432529447752118
144672,0.009758831084244479
144673,0.005413234959069654
144675,0.0661421829833911
144683,0.02081477044282432
144687,0.011989205518738973
144688,0.04060465653792373
144694,0.0035073304143698643
144695,0.004419550860664962
144697,0.039781731441758277
144700,0.01975524329835016
144702,0.03369221084340473
144703,0.031949338204847993
144704,0.08546090170440257
144706,0.0034742167706620954
144708,0.1983222725685652
144711,0.006424451923724675
144713,0.11469867883655464
144714,0.00861345991529089
144715,0.26603697871660953
144717,0.03798219562458837
144719,0.003249299258367582
144720,0.03775729551147093
144722,0.00830438995637813
144724,0.1254321110248762
144725,0.023619485038766284
144729,0.01123311585289706
144731,0.006291909961925905
144733,0.017681593947315312
144734,0.003668538995552441
144735,0.003957584366494706
144738,0.010026981328447097
144739,0.08842218992538939
144740,0.011595465436923556
144742,0.013713377088135758
144748,0.004876387043689838
144751,0.017304020207857478
144753,0.0035032043135984326
144755,0.02847649158171817
144758,0.010545508270245812
144759,0.003983016413413554
144764,0.05255720669766252
144765,0.061805534280585876
144770,0.005110909381625615
144771,0.010185368716571367
144773,0.0033052166203255337
144774,0.02529839079015544
144776,0.03619102218826894
144780,0.15234453977699336
144782,0.015947908474868187
144785,0.00290660859497394
144786,0.022864646913652104
144788,0.07873586679129642
144790,0.005904890296669794
144792,0.003559373820311641
144793,0.003027490384753772
144796,0.027338289243138834
144798,0.06001150100824995
144807,0.047323035731671674
144812,0.011998255256292058
144813,0.00562619487742073
144815,0.0040485395242218685
144816,0.20033640660769877
144818,0.003995015793388045
144819,0.003456469773294726
144822,0.00676719901140437
144825,0.013522868692042809
144826,0.020679914440693576
144827,0.0224812623134
144828,0.2540337587640207
144829,0.004054943600014378
144836,0.007269092755601576
144837,0.017663815030938872
144840,0.055117818309303145
144841,0.02075008070867986
144844,0.09488713257920875
144846,0.21792014508175966
144848,0.031158475749906957
144849,0.010533888463008245
144851,0.003885888690793101
144852,0.007874457208758116
144853,0.043829203909846536
144854,0.07873154532779693
144856,0.003095794157595183
144857,0.018910114134937952
144859,0.008171163514543995
144860,0.23970291604427466
144861,0.022095664953062606
144863,0.0038004726700345765
144864,0.00562106037929288
144867,0.02120546464182698
144871,0.01772840649517015
144872,0.19605546689569875
144873,0.20124538667848849
144874,0.024549584404642572
144875,0.018432083966518888
144877,0.007517740585877798
144881,0.16750612082744754
144883,0.03676772132016854
144884,0.006203839801680795
144888,0.0034051844795789546
144889,0.004333467642943121
144891,0.05431895628784878
144892,0.004197094536749772
144894,0.00998075050268788
144895,0.11375846762202763
144898,0.01724638351721338
144900,0.18693545278726778
144901,0.003157544105789301
144902,0.1007123045036977
144903,0.003063093639917996
144904,0.12868687269571494
144905,0.03150530371382268
144906,0.035612098204537944
144908,0.02923741321100074
144910,0.015862899298596335
144913,0.1054992613772756
144915,0.004433341865485142
144917,0.010455088450684547
144919,0.021235433743423276
144920,0.0032104382418419626
144922,0.18246797209984622
144926,0.004789226338518715
144927,0.003687715008953728
144928,0.005212495798188081
144932,0.007595051269212565
144933,0.003462532222998128
144934,0.030898775897356262
144936,0.0037706514276439457
144937,0.02719398600728423
144938,0.10447122054631829
144941,0.02705386355253354
144944,0.14195851366778808
144945,0.004360072981699122
144950,0.09163088410110161
144951,0.02691859307275214
144955,0.03274873354006545
144957,0.013027403398907947
144961,0.006451447609734349
144962,0.009117521209995141
144963,0.014132183442671812
144964,0.06912639620869403
144965,0.01022384965066842
144969,0.005181711357499463
144970,0.00446025674824423
144973,0.003586593066340645
144975,0.01365302277209737
144976,0.2602427823612067
144978,0.25421943934098584
144981,0.00900460004920616
144982,0.006894448000067507
144983,0.0080619469266174
144985,0.0028258111225606484
144988,0.013374639922132527
144989,0.0028877459279378166
144992,0.019163149787967744
144997,0.00769359093746404
144998,0.0034080803034963283
145001,0.003577320536783876
145006,0.016723382707094173
145010,0.015978480035478686
145011,0.2073114150802734
145013,0.00965022285193725
145014,0.004513777011832156
145018,0.21573847898336498
145019,0.017109933207592683
145020,0.0030474403822834586
145022,0.03399232536038188
145024,0.003426742753951829
145025,0.0031500477624488944
145026,0.00384163301225494
145027,0.008716625994687541
145031,0.020907928682096785
145032,0.003450477542304137
145033,0.005030811899550587
145035,0.011369985950351923
145036,0.020890234581300827
145037,0.025040978936628492
145040,0.0069674243085932905
145041,0.023208763256240925
145044,0.006637195666401118
145046,0.0038795188010161655
145048,0.04179677552356081
145051,0.18894827655917115
145053,0.007998039036882072
145054,0.0036753084354656847
145057,0.0035383551423162417
145061,0.005239894833961242
145063,0.0187909658122505
145064,0.009503939321220092
145069,0.07645938837424358
145071,0.03268013286615685
145072,0.012815687978902708
145073,0.13386818456285762
145074,0.009466090828253854
145075,0.08792185869085904
145078,0.005448556018587526
145079,0.024838116441901092
145081,0.005301909783219761
145082,0.005604576180454091
145083,0.03671233357050164
145084,0.02279988572635143
145085,0.04643359799200334
145086,0.004055843837192855
145087,0.022297786535669748
145090,0.003499428981270463
145091,0.030208197142541898
145092,0.010384487805239581
145093,0.005029241519566988
145095,0.003892464415257988
145096,0.0034061719857759257
145097,0.17337092655283082
145099,0.003910453172005013
145101,0.21184106116355095
145107,0.004243000634123897
145109,0.004215883954612198
145110,0.009073717456815905
145111,0.008727680181156425
145112,0.03137966239957829
145113,0.004179182722020261
145118,0.2802631788249554
145123,0.003604037040925727
145125,0.0036239969260162654
145126,0.01722105923675468
145127,0.004442486855234128
145129,0.010204549994532077
145130,0.0028347286121018834
145131,0.03102542522223174
145134,0.00566457039270772
145136,0.09816665455332765
145138,0.003600017690964427
145140,0.0035241935200065974
145141,0.024296104360610245
145142,0.007952287980864002
145143,0.0040490807724429855
145148,0.030046328402192665
145150,0.011855482746665712
145151,0.00349053948449894
145152,0.004565787778804142
145153,0.05640164968332853
145156,0.005946144720111998
145159,0.04475087940280779
145160,0.03906420409768622
145161,0.07585816311136852
145162,0.22238915544955565
145163,0.006232940476072765
145165,0.10746957918614934
145166,0.005399746874708448
145171,0.004102122264244208
145173,0.0028367365125143264
145175,0.010556083901407696
145178,0.0029719278873915943
145179,0.005824395346933601
145186,0.035791660033923235
145188,0.004058589417068834
145190,0.0064791149186679085
145191,0.013995188674597456
145192,0.00733119003065262
145196,0.012830949844959876
145200,0.04427002845471284
145204,0.018005861294802094
145208,0.2220441554848614
145210,0.003641303227418795
145211,0.00972910650293125
145212,0.00819623292279926
145214,0.014984697243515288
145220,0.0029244854990747825
145222,0.0035055798161980137
145223,0.01909548020008726
145224,0.010287391609081691
145225,0.0029711665650214657
145227,0.00802821719024581
145228,0.011947479961099626
145232,0.06878185912528344
145233,0.009400785403052888
145234,0.0517707973539287
145236,0.0359903447713472
145238,0.0646816965677543
145239,0.0034691919089369153
145240,0.22534267123845259
145242,0.036471212248520915
145243,0.16847910556883094
145245,0.023657467075769826
145249,0.0044505573359185984
145251,0.006956822575498918
145252,0.1714638424186032
145254,0.0034625989825134984
145255,0.004479209195918954
145258,0.2041984200174194
145259,0.002845717997292218
145260,0.005741859577011332
145261,0.010281493376776498
145263,0.03496433044664871
145264,0.0034507206744749403
145265,0.009921886700169873
145268,0.005039728775184581
145269,0.05819460142815911
145270,0.04870128282727941
145273,0.0030413909604240074
145274,0.004092962091462822
145275,0.0031753878537904884
145276,0.20682047057608355
145277,0.0037816755129006455
145279,0.01921102274279563
145280,0.003981856109166437
145281,0.03025193388337929
145285,0.013196140951982092
145286,0.03686314285191471
145287,0.02458743833178269
145288,0.004548051270050088
145289,0.0036434825221325186
145290,0.005998641444443866
145292,0.0037073081680596078
145296,0.025655285105202142
145297,0.008494924631748401
145298,0.011989392541370514
145302,0.010266447779993517
145304,0.17599983234989405
145306,0.003908713117586095
145308,0.05771472714006322
145310,0.015157554399635178
145311,0.022676140734779186
145313,0.00494057968778456
145315,0.013987206651927486
145316,0.005306777144238799
145318,0.011857400118831156
145319,0.25532253581381437
145320,0.10020464881423842
145321,0.00827684866679155
145322,0.014882750520163999
145324,0.03490243414238174
145326,0.02325164560793405
145327,0.0038120235003604374
145328,0.03405410838459268
145329,0.009165089921429424
145332,0.08179012679762634
145333,0.03954132773217087
145334,0.0029191169693392302
145336,0.03766348200213819
145340,0.060971877173841726
145341,0.00537493521697008
145342,0.010779822655706197
145343,0.004665532537257063
145344,0.15848331463210275
145347,0.23541459997144354
145349,0.0037311253029496515
145351,0.015686284705126396
145353,0.17326602845843173
145354,0.003598878196578418
145358,0.00627087361371064
145359,0.0039450571409699675
145360,0.029470317984988118
145364,0.0038821172774642933
145365,0.09077213998540407
145367,0.014129121403405076
145372,0.023241624923910867
145374,0.07108445710195024
145375,0.011303996912807066
145376,0.004503989063305332
145377,0.06395133304004424
145378,0.07217808872772936
145380,0.01258457686895357
145384,0.005998199416788332
145385,0.046559874436015905
145388,0.01575399056081793
145389,0.059442505672984675
145390,0.022024224268208513
145391,0.05907706149917949
145392,0.17171029974177057
145394,0.030219225699176292
145396,0.009438906278062787
145397,0.003021604039688556
145399,0.018387446349399223
145401,0.01894320011038255
145405,0.004894002026277904
145406,0.05966724801747349
145411,0.00809938052252354
145422,0.007292155060640623
145423,0.0038676991639421832
145424,0.01927843682502897
145425,0.18236035721940602
145426,0.07800592886416831
145427,0.02397134396644944
145428,0.011779234657563855
145430,0.007780741201489094
145431,0.05545519566304202
145433,0.18541350948134785
145440,0.019732599582411126
145441,0.026211383523820263
145444,0.0036833549441434577
145445,0.0065911472535102765
145446,0.00395776542507248
145448,0.0036329981059884647
145449,0.003963353870778357
145453,0.007057470707405697
145454,0.227411891302123
145458,0.1943642680824064
145461,0.02017147434956445
145462,0.01572265947999864
145463,0.09864987208703337
145464,0.20944120933687846
145467,0.029054028830260096
145468,0.05890203334496348
145470,0.07214131921430532
145471,0.03404525006739723
145477,0.05191862453767078
145480,0.11244018371692174
145481,0.19790034030010956
145483,0.03341194247210401
145486,0.027716573978041566
145487,0.28641112739361346
145488,0.007191300134386769
145490,0.009906327434712802
145492,0.003894475544672045
145496,0.007207368407513884
145497,0.161913210418597
145498,0.03169945516397254
145499,0.10937113526915467
145500,0.2768520414286401
145503,0.0176204415028085
145505,0.0036656775807702656
145507,0.021731475025050496
145508,0.004538473973861667
145509,0.008967324867235263
145511,0.10295960266446522
145513,0.0329081904025021
145514,0.03518834179477926
145515,0.0033482660729846994
145516,0.004635514895267671
145519,0.0368377993747216
145523,0.05095013127409786
145527,0.0034402081048810454
145531,0.12467955770038391
145535,0.26561404422004153
145536,0.004431254873822197
145537,0.09090612417864866
145539,0.004930113285227014
145540,0.007664894857065506
145542,0.03137656583777643
145545,0.09469973802545148
145546,0.0033276277067604146
145547,0.05500179377502227
145548,0.1047331191412218
145549,0.010181889024217692
145550,0.009833759280497276
145554,0.07271300590938228
145560,0.11626793973327666
145561,0.0041687057088572906
145563,0.010329792710623988
145564,0.3416554880056002
145565,0.0046258138099522375
145567,0.005413948860758736
145569,0.008574194382268405
145570,0.009288118045511154
145572,0.0037440107541577357
145574,0.07084949979908405
145576,0.01779871712492049
145579,0.0030265969664726913
145581,0.0583975892531442
145582,0.032176073958300216
145583,0.002917865987597944
145584,0.2408374795804067
145586,0.06148995225559832
145588,0.11303112591553528
145591,0.05263762609592131
145593,0.021495016694743043
145595,0.021344691749549154
145599,0.02089783917937035
145600,0.09067009505985583
145602,0.0029079415264313714
145603,0.11536694707632407
145604,0.15371803037604204
145605,0.022049910087142566
145606,0.009088691534375715
145607,0.004029155663485822
145609,0.003534101146221242
145610,0.003787513671840902
145613,0.0036605773705038996
145619,0.0057192552801816725
145621,0.0141056458683843
145625,0.010401284500890179
145626,0.007779157335905504
145627,0.08428006705980436
145628,0.004257154179866264
145633,0.13516850014861012
145636,0.019937923861198054
145641,0.006887210089371032
145644,0.00783769985273587
145648,0.025040978936628492
145651,0.2604160141273828
145653,0.16934466128407505
145655,0.02312997071074602
145658,0.035799192332136666
145660,0.03727445078346918
145668,0.3995097778918865
145672,0.029546307229873617
145674,0.005939500005095497
145675,0.004045637620222472
145678,0.04113745741209327
145679,0.030961800040677348
145682,0.18195844389017088
145683,0.136207365887921
145687,0.01334864402002237
145690,0.03428944486361763
145691,0.18920934332374723
145692,0.015828656629525678
145693,0.003152267288786085
145696,0.05057403344119954
145697,0.046147551445348114
145698,0.08577969388221432
145700,0.22057420683419848
145701,0.1253695372226513
145703,0.005936705553794592
145705,0.00756386830485086
145708,0.003862918646859856
145710,0.007566279714023022
145711,0.04476407935383964
145712,0.08746664897302787
145714,0.008783383771775762
145715,0.0037051393244271497
145716,0.16237897090738806
145717,0.011742969646800742
145718,0.004547525192383358
145719,0.03120022766743217
145720,0.028468115852417052
145721,0.01212047620034927
145723,0.002871864082997228
145724,0.0037334082866631517
145727,0.009463863724057307
145731,0.008664673712369847
145732,0.00422410060901495
145733,0.04162987070656465
145735,0.006745997289511908
145736,0.00954841275719453
145737,0.06520722313251091
145739,0.013896808025852577
145740,0.006984654945249464
145743,0.009007495873682388
145745,0.0037087610585942146
145746,0.015328427638758095
145749,0.0041140416618065815
145751,0.0292839679438614
145752,0.031826545032539275
145753,0.03586840110312516
145759,0.014119475717015904
145760,0.005771685577644799
145761,0.04517336435064343
145764,0.0029805908359556155
145765,0.01523619456467737
145766,0.07419339176729374
145767,0.004812913808906507
145768,0.05532249959822086
145771,0.16169537924684552
145774,0.007182021124160792
145777,0.07049442857592425
145780,0.019685427156853945
145782,0.004934084960836043
145784,0.03268526244239763
145788,0.0029558898763581754
145789,0.003954172160257344
145790,0.0038838756060362374
145793,0.0953176456052065
145794,0.04770576112116107
145796,0.00950622627996527
145797,0.17453610919564777
145798,0.025606907872707196
145799,0.006077373618555731
145801,0.0034900874722865642
145805,0.08828629795604115
145808,0.2396023500967466
145809,0.004990386112066613
145815,0.004464044746904595
145816,0.019252137342318225
145819,0.008636087344002981
145820,0.028020255229032554
145824,0.22136031996688849
145825,0.026092726083828087
145826,0.006394458818516311
145828,0.1714638424186032
145829,0.028604803336861974
145830,0.010109130624015366
145833,0.16121120387006652
145834,0.034954061918779755
145836,0.024636232248027842
145838,0.00841867730199196
145839,0.006409202576355963
145840,0.06690373200125604
145841,0.00469420979896786
145842,0.08672440856034207
145845,0.0036518754983894237
145853,0.019697094000571642
145854,0.01925953157171881
145856,0.006756791616817568
145861,0.027890619972015016
145862,0.03458524793594179
145863,0.0033713782579502883
145868,0.03506727772922867
145872,0.06731652070312039
145873,0.011635972848943606
145874,0.004061356908587409
145876,0.09660894546729847
145877,0.0037660076559251723
145878,0.2003396239162728
145879,0.01926173684512152
145881,0.009635357645598882
145883,0.09262070727200115
145884,0.034697257660345836
145887,0.004248478534012865
145888,0.006674877458965418
145892,0.05628902740946713
145894,0.0035455128221053424
145895,0.019671250908420746
145897,0.0032687405088406866
145898,0.01733472156284243
145901,0.027520919569296427
145904,0.00336299998610174
145905,0.0029135090389970967
145906,0.07125476735426593
145907,0.003335159271112544
145909,0.003140428615397313
145911,0.0047838477121771045
145912,0.10981932178039903
145916,0.030948464267044357
145917,0.20033640660769877
145918,0.00713432876076202
145919,0.003985697941673004
145921,0.00540560709491118
145923,0.003030993111417416
145925,0.03947746391211605
145926,0.04341224929559154
145927,0.005291388371744528
145929,0.026092726083828087
145930,0.05431707509401794
145931,0.026092726083828087
145932,0.029269440015738512
145934,0.011825183651803095
145935,0.27559107234289326
145936,0.20795726031800268
145937,0.06633757455503878
145941,0.255535108237701
145942,0.0031839658999631942
145943,0.06858787656920227
145944,0.0037918860758256855
145946,0.016512761877417726
145948,0.05972783516925996
145949,0.00852705986913334
145950,0.0046816923382321865
145955,0.008364003703651816
145957,0.026092726083828087
145959,0.005743490495770841
145960,0.026092726083828087
145966,0.032065311168719836
145969,0.05245245619964162
145970,0.09340395132304954
145972,0.002867718118551276
145973,0.17121391333456498
145977,0.0054110711505269546
145978,0.11868898412921933
145979,0.041482234639714115
145982,0.03607420678497009
145984,0.032105756255966296
145989,0.19686680071885393
145990,0.009107075766526857
145991,0.006324469818228715
145994,0.04751927628687299
145997,0.013256574910262602
145998,0.1209774722632569
145999,0.005562097386870245
146001,0.026889799615597457
146004,0.0037447279005598396
146006,0.04371129799987283
146007,0.09974527746360537
146009,0.1768930159912343
146010,0.030487577357848506
146014,0.015738477523254808
146017,0.19493721102552497
146018,0.03021352600901631
146019,0.06052176028344348
146020,0.022311094849727927
146024,0.00802311248436463
146025,0.010744803784838105
146031,0.0364071249908072
146035,0.004535684547105386
146037,0.06169697097841325
146038,0.0034810547531839166
146042,0.013174906894601083
146047,0.005410646664083612
146049,0.06380319631454556
146052,0.04106160052620931
146053,0.026092726083828087
146055,0.0029137483356179916
146057,0.23668646421068032
146058,0.06755814828432095
146059,0.0034046827659624888
146060,0.04238180656580742
146061,0.013097575687412814
146062,0.03968376163655841
146063,0.004648422504410837
146066,0.005114089882187016
146071,0.031874992731896735
146074,0.2391904328802586
146076,0.04291415239537008
146077,0.0038606932524614147
146078,0.002882595811696795
146083,0.034062244974635586
146084,0.011892045626853703
146085,0.03440186153040473
146087,0.21316717233451338
146091,0.0036140794893692574
146092,0.004929679942371315
146096,0.04808350160622643
146098,0.0071447132177409394
146099,0.004890358757126221
146100,0.011161630565962349
146101,0.025423550166587795
146104,0.03893798213876553
146105,0.02695156056076886
146107,0.008877183037095181
146108,0.058144680374045875
146109,0.0037561861894358497
146110,0.02361706502621429
146112,0.22515931050987667
146115,0.27218356945537275
146118,0.12947151119995395
146121,0.22236497397587635
146122,0.20052124413288563
146123,0.0059040392582073815
146125,0.0036302038331056767
146127,0.17116351619211465
146129,0.0029881396325884524
146131,0.0076541158054038725
146132,0.0038919788333348494
146133,0.018282414848030715
146137,0.05348370231149861
146138,0.006444374953639529
146139,0.0037869533680328755
146142,0.033370095992424194
146143,0.0036222935320582177
146147,0.22918502743543556
146151,0.003972740885321961
146153,0.003881227691428911
146159,0.008618561433414423
146161,0.010847997392233777
146162,0.04493478122604223
146164,0.0034322301889565063
146166,0.1740229388419514
146167,0.0030384338131851504
146169,0.03459537651067348
146171,0.03432656678257866
146172,0.03890076432890664
146176,0.17739349236762317
146179,0.0034586256203929097
146182,0.04934523482316468
146183,0.0044390559551357
146188,0.0029296143169545235
146189,0.0036423163314918488
146192,0.008005721758155473
146195,0.05600793393224716
146197,0.09722668171655287
146199,0.0030024497043059464
146200,0.004143590026541276
146202,0.034293814422814275
146203,0.010552033980910642
146204,0.08539405704557104
146205,0.010013253447020257
146206,0.0101114134002694
146207,0.257016185580271
146208,0.11500492510412118
146211,0.20048243530088555
146213,0.030107917669010373
146215,0.0038095744257277036
146219,0.02268693300246537
146220,0.003528548487598901
146223,0.05557511171357675
146225,0.053320176098964604
146227,0.007207340516029097
146228,0.0034647145450449413
146239,0.002967469720947572
146240,0.00384307130867895
146242,0.0042061849793279425
146244,0.0156559037450711
146248,0.005451421027120486
146256,0.05943368934497487
146257,0.01501079473206542
146259,0.0056586252327502
146261,0.006689032092130696
146263,0.104513641931038
146264,0.003577825680834557
146266,0.004810344042250453
146268,0.005242237677635084
146275,0.01602862911769982
146276,0.007215496836693717
146280,0.030849511323512494
146283,0.11476540604917379
146284,0.020889431149585587
146286,0.005859081452496997
146287,0.05435907538645351
146288,0.015340253932833506
146290,0.007293371524697905
146291,0.02658764488482998
146292,0.07078368984447793
146294,0.007238312211114418
146296,0.003271231403490606
146297,0.03258468008049443
146298,0.00521389275541456
146303,0.011723084584110928
146305,0.0035744204909315186
146307,0.18463974239120684
146309,0.003019958115057055
146310,0.009308583566005973
146311,0.0181860052032354
146312,0.02221973311910747
146313,0.0035521263278707597
146316,0.0036078588678835326
146318,0.05241706401067464
146321,0.08061446749173598
146324,0.0030163535339480844
146326,0.023877959280813398
146328,0.013762159299190158
146330,0.0035292260516507972
146331,0.16631992072866894
146333,0.013550295677076017
146338,0.03969373379014973
146339,0.005663095611578403
146341,0.018596701011481333
146342,0.014055631647092085
146344,0.06521398750884856
146345,0.19332695562157862
146346,0.009842641404981456
146348,0.029289341568018788
146353,0.04538755493743772
146356,0.0034744047621357546
146359,0.009753989597583654
146361,0.0036471353559013433
146362,0.022563489023846167
146367,0.004856518200038566
146369,0.004585456316560675
146371,0.021001677930352253
146374,0.03092285974070574
146376,0.004557602195541411
146380,0.03521242733132126
146382,0.041053131568951594
146383,0.01664320728675552
146385,0.009897800811866312
146386,0.003056605321322576
146387,0.07856864192915589
146390,0.03167668971366954
146391,0.017954571870940506
146394,0.004966517195277101
146395,0.0036756485878292346
146397,0.009889154975784586
146399,0.0031786817129571794
146400,0.007771148475796017
146402,0.005336519136675568
146403,0.003932778642895679
146404,0.005166610578998119
146406,0.008061781560259986
146407,0.008121594653482047
146409,0.003697711914010147
146413,0.0939747807119206
146415,0.03556409666002416
146416,0.006545469790459502
146418,0.04642209854646158
146421,0.022909561741939692
146422,0.048064074829309446
146427,0.0038739944486521484
146431,0.2259122973675245
146432,0.004567311386794267
146433,0.09899419921709203
146435,0.028472598471740093
146436,0.006285477760472461
146437,0.031190912955495118
146440,0.003915160510551573
146443,0.002869281086396971
146446,0.0038895114181051963
146451,0.005487933593756588
146452,0.010698848533932005
146453,0.06330331960979672
146456,0.005219632353433719
146457,0.004537696898448025
146462,0.003561907213428607
146464,0.0029182379864828834
146465,0.1176598746339492
146466,0.007888673901510213
146473,0.005740118614213183
146475,0.003673958583384319
146477,0.015095806153609488
146478,0.004821273033031048
146479,0.003345812433157766
146480,0.009497998817527595
146481,0.05961650322938709
146482,0.04374920992911488
146487,0.01451431497276031
146488,0.0059285397526339136
146489,0.022724608223232072
146490,0.19527076637220991
146491,0.03399019447437192
146495,0.012342728826041009
146496,0.012640117947200576
146501,0.01243516973628976
146502,0.006348714774971979
146503,0.005416012231237571
146505,0.03169852081220667
146506,0.022383201188959853
146509,0.016244304567962217
146511,0.03106049864692103
146512,0.005345584664890494
146514,0.003905596044935358
146515,0.002922904846589124
146518,0.002909542614560003
146519,0.00433990248931392
146520,0.03896674096212244
146521,0.015454136169179924
146522,0.00986523820451402
146524,0.003044520007894083
146526,0.01865301798270591
146527,0.003690268584613951
146528,0.011760555738328833
146529,0.00648129703135744
146531,0.00347465607739703
146533,0.0034587958389559856
146536,0.003792640102079811
146537,0.154549953640234
146539,0.0037006153631827044
146541,0.013514488241172256
146542,0.04089791871062002
146545,0.006462752232233434
146547,0.026377249400080526
146548,0.005180850835796659
146549,0.02352845438793816
146553,0.03512128922558458
146554,0.00606098564072789
146555,0.026335082276901796
146557,0.05544688349282546
146559,0.008800495688152776
146560,0.006565527863266836
146562,0.00356961081824588
146565,0.0037100443168461474
146566,0.012162886476666879
146567,0.3029136704904423
146569,0.1368828336004976
146570,0.01541049457530334
146572,0.05569722436350834
146573,0.008270342921960763
146576,0.00293357602390627
146578,0.21476121158634037
146580,0.03899886875931748
146581,0.007131051394054123
146582,0.021556738124742195
146585,0.0034191370351843533
146586,0.08308712429463809
146588,0.01805585506343695
146595,0.01042171764931431
146596,0.008533804498691802
146597,0.04574203944681835
146600,0.015803504296410885
146601,0.0139797180535763
146602,0.003122537465163578
146603,0.01930883775870955
146604,0.003064130863185907
146605,0.006054312662527375
146606,0.06745292631203177
146608,0.1217790896293122
146609,0.04890842894706357
146611,0.010502661174357377
146612,0.009804223779522232
146613,0.07480365780387872
146615,0.1346698006605437
146618,0.09786405083861659
146619,0.03128930560371792
146620,0.0028907700719332536
146621,0.002971712498628236
146623,0.00379061469066641
146624,0.19896910871258947
146625,0.008175036220465873
146626,0.019879476883420195
146628,0.06013250559103765
146630,0.12651154721068206
146636,0.008365653070239221
146638,0.007743940961756293
146641,0.05662657750569806
146642,0.07487719179005285
146645,0.07724000013920658
146647,0.003328129349343329
146648,0.01465312486229745
146649,0.01565588054126047
146651,0.002947087490882718
146655,0.005229617630440354
146656,0.00979152614651646
146657,0.0036324743052914433
146659,0.01745706845522726
146660,0.09930955501305386
146661,0.014254735832066955
146665,0.01633506822987716
146666,0.027012241118776346
146668,0.03459537651067348
146669,0.003349840559402902
146670,0.003931567637653249
146671,0.1990956067115618
146672,0.01367565012474705
146673,0.016821485735815458
146674,0.022795305474612965
146676,0.0030329606687198017
146677,0.011707651282203258
146679,0.013970717993206814
146680,0.01432705969558725
146681,0.22484417758293146
146682,0.004678511659627584
146685,0.009453450552881142
146690,0.009162201586989226
146691,0.09383397965653528
146692,0.01033559179867818
146696,0.008256069302399955
146701,0.006580155537804009
146702,0.036338968199655215
146703,0.022757680947654617
146708,0.015150836307249687
146711,0.00405584916682977
146712,0.003764591524833748
146715,0.0031100491213212514
146716,0.014713709040958204
146717,0.06953264902530737
146718,0.22565887300463813
146719,0.033100654143816875
146720,0.06757903591655857
146721,0.003522732885856025
146722,0.22558481356744334
146725,0.006238500249992059
146726,0.02381801093804869
146727,0.006411102372747423
146730,0.03873254200894384
146731,0.026092726083828087
146732,0.027153601793803234
146735,0.02399525623139318
146736,0.0055303698800467805
146740,0.029472992417665073
146741,0.009394193232640872
146742,0.0029984761826909808
146743,0.17419941904928452
146744,0.003677895302315806
146746,0.003535048442233507
146750,0.008336398675786194
146752,0.01918923310855315
146758,0.005017843718486696
146761,0.062923983019909
146764,0.057884217722087884
146766,0.24053735189860603
146769,0.009860286210679843
146770,0.004022976164771963
146773,0.0065733926526866954
146775,0.014116508750636388
146783,0.003579937069316784
146784,0.014715448399159661
146785,0.00478210873333627
146788,0.10291939020897367
146791,0.0035148869524853758
146792,0.006843177842808638
146793,0.011146605262922413
146797,0.18190236659099435
146800,0.02324318475636592
146805,0.039179615340042655
146806,0.007785110846320223
146807,0.0267124228783634
146808,0.011292560020844443
146811,0.05550001371469502
146812,0.005204642050613522
146815,0.0034710901904439137
146817,0.003101839810678993
146819,0.14724576946981444
146820,0.010748587792251633
146824,0.07442442362320455
146826,0.03354031630163018
146828,0.0398250266867871
146830,0.022436279574416
146832,0.13871883756565734
146833,0.0308778831963348
146834,0.04132097239557104
146835,0.026152288523604576
146838,0.007615117363808146
146839,0.09376811130306076
146841,0.026783674430286324
146843,0.031132395406105882
146845,0.003004947608997995
146846,0.06024300157417004
146850,0.0338011928896184
146851,0.06170404888376367
146853,0.0037149749960265145
146854,0.005066903675195401
146856,0.003959294333358787
146862,0.02184238776455046
146863,0.08041824520297644
146866,0.0637029626333913
146868,0.009861350091723458
146869,0.01574182954834527
146871,0.012448445842669856
146872,0.0030956149142232917
146878,0.020199561356197823
146880,0.03330660551756419
146881,0.0060342497523083235
146882,0.049273931911784974
146883,0.003636797216125499
146884,0.0037981519996478186
146889,0.03366243610538373
146891,0.004112020640256556
146892,0.03062235603990097
146895,0.04477651259882171
146896,0.0034267987808991847
146898,0.0037153195700268486
146905,0.16510170985488695
146906,0.009486383153643679
146911,0.01995040232711672
146912,0.16821934022215393
146913,0.18126875256075092
146920,0.00580422005920197
146922,0.022821454759895724
146924,0.0062458713885295385
146925,0.03781913153406189
146928,0.17533465056353995
146931,0.16343603578362773
146933,0.016163631551706286
146934,0.030025328479048163
146935,0.10431734223816029
146937,0.25619370686675247
146939,0.00969133041858059
146940,0.028356137388475356
146942,0.020398393020033073
146944,0.003527260812889677
146945,0.015192412667233026
146946,0.009688349183063289
146948,0.16611437744612512
146949,0.018302366163760506
146952,0.22716420388024836
146955,0.004472478508945536
146956,0.006903733077692589
146957,0.012512741616247864
146958,0.15231519106922692
146959,0.006590789806656136
146960,0.0038328914309436893
146965,0.015649878591542807
146967,0.007081329327100916
146968,0.0060315905863949195
146969,0.04510056653578701
146972,0.14353822736919555
146977,0.026062521061880024
146980,0.003787854514206122
146983,0.05533199946661257
146984,0.030505886518070863
146987,0.0029247545980017773
146989,0.0482990672584016
146991,0.0033987731915937672
146992,0.049705722623197696
146993,0.04051160695805602
146997,0.022082327284742544
146998,0.00708894887277171
146999,0.0037505759935943287
147001,0.01656930486963322
147005,0.03459537651067348
147008,0.023992022888228142
147009,0.0038799731728265813
147014,0.025263011180599176
147016,0.009684596986996469
147018,0.1890960225168323
147020,0.006412239785232161
147024,0.01533596683005236
147025,0.005715383761410248
147029,0.03746231237992996
147034,0.008016410629936556
147039,0.03683867750041653
147042,0.04111236591984502
147044,0.03608588908145581
147046,0.044865542663671036
147047,0.029951360615091096
147048,0.005193660126889454
147053,0.2615582327881209
147054,0.06995524296912141
147056,0.013455915220337832
147059,0.011369832303292604
147061,0.004192807996444776
147062,0.00989410199825963
147063,0.005490752206774986
147065,0.009453999337826929
147068,0.0072653044472091545
147070,0.02821454801750223
147071,0.004100092914690625
147072,0.003313775855140267
147073,0.06660163982233412
147075,0.00466040889813501
147077,0.0049756682787593706
147079,0.006425104539425069
147080,0.06204658014201725
147083,0.2184002835347008
147084,0.006432509734368597
147086,0.018316981308934856
147087,0.020803094215449413
147088,0.0029343683167946683
147089,0.05189358382876606
147092,0.011694868392123177
147094,0.08974291961120535
147099,0.01173958777539942
147102,0.022020006501393376
147103,0.011526867750976227
147104,0.016337532186024788
147107,0.22676834137397164
147108,0.007396751442352394
147109,0.008274860126688236
147112,0.0817051404767686
147115,0.003531436068135726
147116,0.009005813648977953
147118,0.12536893174866412
147119,0.0060893453214163566
147121,0.007503700926957077
147123,0.0044919621000346485
147128,0.005224563224978918
147129,0.08651716015384588
147130,0.003950709881493956
147133,0.08331814734206715
147134,0.07628171489833743
147136,0.013482406603978841
147137,0.00801951641354374
147140,0.023188280263339973
147145,0.004450234393362607
147147,0.002948063057137385
147148,0.03958929888026811
147151,0.0036891457275424794
147153,0.035441123886938534
147154,0.00299499734592049
147157,0.15591467656083036
147162,0.047780274787462614
147164,0.09797435026125244
147165,0.03174730981271322
147167,0.010145081438107897
147168,0.16737647459097738
147169,0.04662541456190431
147170,0.005538412881855073
147171,0.0031017456650795088
147179,0.014239028065090715
147180,0.00384167194513122
147181,0.04985679138780976
147183,0.1995775029943285
147184,0.04866242229283845
147185,0.005123213451628248
147186,0.003687965270129103
147188,0.15652990544860126
147189,0.21288999850498155
147190,0.004281528144871057
147191,0.10769491038527645
147193,0.005431368728361381
147196,0.0038252462263377194
147198,0.003737291482207508
147199,0.007844052961877885
147201,0.0036834672920633515
147202,0.006463214757335541
147203,0.11623356834446376
147205,0.0034122322025630708
147207,0.030798045937641287
147208,0.0034309267567695124
147209,0.0035833838445837613
147210,0.005803726557871182
147211,0.008711302994600555
147212,0.057629223857009894
147213,0.08471186169844666
147214,0.018812966125053246
147216,0.009903019831622464
147218,0.19166771149223916
147220,0.06983220674800843
147222,0.08889901133587864
147223,0.00870381675159964
147225,0.01017142551663441
147227,0.021214491448625073
147228,0.17977925278754375
147230,0.09139117909790868
147232,0.12745582694974666
147233,0.27246771791367624
147235,0.003452017963316287
147237,0.0029589490633919247
147238,0.016869336109172208
147240,0.006849694998563744
147241,0.10288103881526013
147242,0.005672804097034844
147244,0.0028885336009755727
147246,0.006447022389003871
147247,0.036471212248520915
147250,0.11023491650130451
147251,0.023231900990232635
147252,0.09826015550426197
147254,0.0037241373020753922
147258,0.017835847847257908
147259,0.026541543911144938
147263,0.003901576231723614
147264,0.021061895300438834
147265,0.011890644929178492
147266,0.034620333773008556
147267,0.004003745076485806
147270,0.006278816833102337
147271,0.0031054738973818503
147272,0.16196024227302364
147273,0.13145131447570382
147274,0.06255541185042239
147275,0.1862456104723942
147276,0.01888990192142638
147277,0.004348589688976577
147279,0.00868524543756026
147281,0.0035263167980611157
147282,0.011294050634684466
147283,0.003839920783087861
147285,0.03991255234059055
147287,0.004445780941397732
147293,0.03674068322697108
147297,0.055302577204018544
147299,0.16847910556883094
147300,0.12225004542529909
147303,0.010862587599593652
147310,0.009022986867713996
147313,0.016372789677309374
147314,0.04618966349049775
147315,0.0036330303850008526
147316,0.1624405590422804
147319,0.10373796396082806
147323,0.010876920267769066
147325,0.02755427301967306
147327,0.0246404338842764
147328,0.01566764279251463
147332,0.057977669604158386
147334,0.0035568561823989433
147335,0.027528740181647735
147336,0.004557481850833145
147339,0.0060452865515731435
147340,0.02709346914126485
147342,0.008820472183243219
147343,0.01508744181714819
147344,0.030131839292538397
147347,0.020797309597261678
147349,0.02687105678554707
147350,0.007642886747042707
147351,0.025040978936628492
147352,0.07159500040947812
147354,0.004168882643141553
147355,0.0704513443274234
147357,0.012530974300040753
147358,0.07028836523560138
147360,0.003992138992712554
147362,0.003927890304505662
147364,0.0030916999079483374
147365,0.011524444684576253
147366,0.0033855615781434828
147367,0.026092726083828087
147368,0.006627011146438381
147369,0.0029540033531716514
147370,0.009686411935941417
147371,0.17176054598379256
147373,0.0052442486348291874
147375,0.08725832050957037
147379,0.002924180684910029
147382,0.004852985867398923
147383,0.0038142600075088493
147384,0.002868056275744558
147385,0.1509341379745284
147386,0.003740030442874399
147388,0.08590972741411239
147389,0.0389496669017022
147390,0.07788277962386823
147392,0.004604349037571891
147393,0.004451837935003031
147395,0.003438985925376678
147397,0.08388272546432857
147398,0.006338142959438286
147401,0.09426115013297691
147403,0.0037146166535950904
147404,0.00486018669822567
147406,0.022568482677504404
147409,0.06761166816615213
147410,0.0054916869601455125
147411,0.005296399678307625
147413,0.013249246484199808
147414,0.008119465113800805
147416,0.015706729357813136
147417,0.0029365860922653483
147419,0.013903361790638584
147420,0.0188834756311249
147422,0.014202032467579747
147423,0.02127596786291897
147424,0.017043618200305956
147425,0.19984745882839722
147427,0.0036444659909425896
147428,0.0030500075152746467
147431,0.006140979125020858
147434,0.009897003244962902
147435,0.0032850065981250547
147437,0.014034583202553522
147438,0.0038139923416032613
147441,0.07427816799090264
147444,0.010297199010011967
147446,0.005340314131439249
147448,0.013309256167539208
147451,0.18543131431036167
147455,0.08450454721367048
147456,0.015668133213351858
147457,0.08084129002816351
147460,0.009458366077548425
147462,0.07838167909156321
147464,0.026092726083828087
147465,0.004664878878596315
147468,0.2657746173323997
147473,0.010095584901227297
147476,0.05627090371476787
147478,0.029944299484132443
147482,0.035907651472434236
147483,0.16905980940651796
147484,0.009987616337631348
147485,0.004818004972788817
147486,0.012277679315936424
147487,0.2553397283258511
147489,0.16705379004582732
147490,0.015157659950264522
147491,0.10250213431835929
147492,0.08592313548553183
147493,0.029058085824663002
147496,0.029049086957142624
147497,0.003702973201530803
147500,0.022653886612114323
147504,0.024107725518068484
147505,0.012360958800560637
147506,0.053591023100737975
147512,0.0035814334024618327
147513,0.003798669895299619
147514,0.00812462736789385
147516,0.0400741458463923
147521,0.010280131114656766
147523,0.0038888160091034587
147524,0.02340592361344835
147525,0.004662148708210199
147531,0.0721165868902199
147532,0.03584016384603133
147534,0.053378049127539684
147535,0.004184917031462473
147536,0.0028952002461399267
147538,0.007046802436730222
147539,0.2449195204589483
147544,0.013674401562250464
147545,0.009888421363417365
147548,0.02584653824658262
147553,0.020191470373244282
147555,0.013163741245147065
147556,0.055476732740317516
147558,0.04882702677517638
147559,0.004200664977343149
147560,0.004150749452529264
147562,0.041167632781660274
147565,0.003437188662993678
147566,0.18338892971831627
147567,0.0028977872203259686
147571,0.01672581440666501
147573,0.006548173660802057
147575,0.011198834786427405
147576,0.018804086162950998
147577,0.007505871716010318
147579,0.003645101889444948
147582,0.23006369785904315
147585,0.05494701559379382
147586,0.06916213692079193
147588,0.004019749178782604
147590,0.04640999397409332
147591,0.03795493749255401
147592,0.012590932247788593
147593,0.0178830143113721
147594,0.026092726083828087
147595,0.0032798740183936537
147600,0.006395451497154648
147601,0.035822635104415884
147602,0.028490990629927243
147604,0.022927407367841594
147607,0.004048820692860105
147608,0.004085087759116307
147609,0.06534494922920411
147612,0.004481676319753013
147613,0.0825816054076652
147614,0.1903087364757633
147619,0.029465220732198195
147621,0.01861528584873252
147623,0.0028911282267589404
147627,0.17121391333456498
147629,0.09633284529294725
147630,0.0028675178808634243
147631,0.0034296196110289
147633,0.0039020865212583146
147636,0.008441427001891414
147639,0.05760727151474575
147640,0.0037311453210612626
147641,0.003941170619927607
147643,0.004183744402238014
147644,0.03055615285675
147646,0.003699970946095179
147648,0.005530220557180873
147649,0.0034264712297570558
147655,0.0034731661062258365
147656,0.0030516849911209373
147657,0.03590940137617106
147659,0.28920048343735794
147661,0.017607252408054802
147662,0.23208100160155104
147663,0.06649212215083984
147664,0.031963501079985045
147665,0.02149524763012764
147667,0.005953466372983612
147668,0.039141770424609465
147670,0.1920795882142341
147672,0.0029502482038758363
147673,0.04056083680289458
147674,0.025323639382990537
147675,0.08008466283173532
147679,0.24879780883883848
147681,0.004077277172935493
147683,0.03296009996738714
147684,0.002964747485513854
147689,0.01805723456903095
147690,0.010303722054556402
147693,0.040548445840184986
147696,0.002969880095663609
147697,0.1179367103231022
147698,0.012012099417955011
147700,0.17608982318626865
147702,0.16847910556883094
147705,0.026092726083828087
147707,0.003866751744595867
147708,0.13299079237626008
147709,0.003562077572831484
147711,0.0366119128910376
147714,0.07306223490278207
147715,0.014910704902292356
147717,0.012365007209556274
147721,0.04902274454372162
147724,0.04557756098797866
147726,0.003153626837829585
147727,0.029163240790333295
147730,0.0035629809089263993
147731,0.0034616948588979063
147733,0.008732220868755513
147734,0.26785745587812093
147736,0.03459537651067348
147737,0.04909112621251025
147738,0.14303625927866365
147741,0.029778510582024936
147742,0.030891561567346005
147743,0.021973890767241235
147744,0.22949577507538613
147745,0.012615128213513543
147746,0.13381131071548788
147749,0.0034973794889874643
147752,0.0037744005374562135
147753,0.05997925792670652
147755,0.10316653046622151
147757,0.005572642824888059
147759,0.003335164349621936
147761,0.011639538504075937
147763,0.03629092753651313
147768,0.004473666909196661
147770,0.006863939242826628
147772,0.0030505614846200427
147773,0.05355601787604729
147774,0.004861019613049355
147775,0.055585141663623015
147781,0.007320402355149758
147782,0.005573982695750782
147783,0.003969009278551974
147784,0.04173685698159906
147785,0.0037868079966423937
147787,0.0029809950419066073
147788,0.0029951257215842927
147789,0.0038566620797310237
147791,0.00893892822233439
147793,0.07575732065315209
147794,0.015674687056119022
147797,0.10549700604918585
147798,0.003932140222564949
147799,0.007218014041342451
147802,0.040119858807968894
147805,0.1107125675893416
147806,0.07379519045149958
147807,0.022003565720627265
147808,0.09036729686784603
147811,0.005019584542340652
147814,0.0030093959086691835
147815,0.0051625309431964595
147816,0.006082041925916936
147818,0.008218568438895174
147819,0.01078926116386204
147822,0.007680405236286062
147825,0.011622089908961285
147827,0.00355616710498529
147828,0.006563008095556473
147829,0.019372969796659163
147830,0.014825047433875313
147831,0.006154754331096432
147834,0.0176320651965764
147835,0.003388497244449991
147836,0.008432427311833178
147838,0.003447615490505577
147839,0.003530942014009655
147840,0.03732966770809213
147841,0.029529950913703463
147842,0.1869864803712735
147843,0.07281136123490596
147844,0.004523297153634795
147845,0.1142437119108914
147847,0.007880070142131828
147848,0.2386999031673912
147851,0.0030450328975993525
147853,0.009797032646800917
147855,0.07483393222668529
147857,0.04890297172343998
147860,0.04738001484767965
147864,0.0032732712294197617
147866,0.043110234337208224
147868,0.16990390217740584
147869,0.05550539123286579
147873,0.03409098952530601
147874,0.003759691832775712
147875,0.05559973319936575
147877,0.05376683255919665
147878,0.0059736029045357126
147881,0.09138535701305835
147885,0.013715041334258651
147887,0.05959999367549811
147888,0.015157553852075057
147890,0.06149413133452081
147891,0.005618328799189135
147894,0.08600811463656721
147898,0.07408450372553581
147900,0.013380538660638737
147902,0.019917277810475083
147906,0.09072554840036491
147908,0.004650127696779978
147909,0.011440977680802038
147910,0.016726873940297933
147911,0.005861122407480973
147912,0.03402899293813842
147913,0.003906665661305575
147914,0.011757675163743351
147915,0.02089231270741135
147916,0.0029376650194394595
147918,0.01027580094485503
147921,0.004385893903121022
147927,0.003632276569152492
147931,0.10262408447018685
147932,0.03581202412473232
147936,0.34248944577409446
147937,0.028849080651954875
147942,0.016764658342849677
147943,0.01194779410010856
147945,0.007940426050192417
147947,0.03808750427958822
147950,0.007211840237623492
147955,0.016110380511975296
147956,0.010657961809200757
147957,0.2383429961713279
147959,0.02959936614493179
147960,0.08595117513902895
147961,0.028258437574344347
147964,0.022442030265835744
147965,0.021269215662551383
147966,0.005677175754069503
147971,0.016493336481477373
147974,0.14653186309116276
147978,0.0157087709798933
147980,0.004627352572134463
147981,0.014440987672148528
147982,0.03511246999227592
147983,0.019956220792798664
147984,0.003920189860732307
147986,0.026092726083828087
147987,0.004265218974767096
147989,0.004754369046757436
147990,0.1792133339136048
147991,0.01268247453480874
147992,0.0982662765455795
147993,0.19874084765749914
147994,0.003959613483767115
147997,0.031035457270493647
147998,0.04064652790620138
147999,0.026092726083828087
148000,0.018178194408367623
148003,0.004967025970588237
148004,0.009632745623786623
148006,0.002935935750880586
148008,0.020588630446355137
148009,0.003689772732919668
148010,0.20772959609314487
148011,0.0035349137021653265
148013,0.006633065240859413
148015,0.008751432913909202
148023,0.0035268215042161735
148024,0.14125757030825048
148025,0.021569085711816816
148026,0.0624643320067058
148028,0.011902922987458419
148029,0.026650164178582233
148030,0.006676176681952415
148031,0.004393298073051811
148032,0.0351991423448261
148033,0.022455397961437064
148034,0.01681594299215339
148036,0.003504215149841509
148037,0.004230512161521425
148038,0.010287536519616537
148040,0.0036589779509924405
148041,0.004319119093173296
148045,0.020223733993858163
148048,0.04199774379607015
148049,0.011507746889568179
148055,0.015348830775006768
148058,0.004793283977617526
148059,0.08044035142435996
148060,0.01480077831885879
148061,0.04692225211369016
148062,0.014717341941610618
148068,0.0035017723188582204
148071,0.013581756150080643
148074,0.17453294779630782
148076,0.003987134932097517
148079,0.4476943732024485
148081,0.023037006649694314
148082,0.024264231585132134
148085,0.0037831471740574535
148086,0.008803822286006721
148090,0.04199774379607015
148094,0.10635155413795536
148095,0.005257481860056976
148098,0.05987996891172449
148099,0.18246797209984622
148101,0.03271862811893415
148102,0.044044338792432004
148105,0.0079794959926478
148106,0.005560661149752052
148109,0.03459537651067348
148111,0.0030805514019944112
148112,0.026092726083828087
148113,0.10001758139648473
148115,0.00704764241788094
148116,0.26726983849297253
148118,0.029861387687955623
148119,0.019531538394392017
148120,0.002850889461633372
148122,0.01927647446176025
148124,0.0031972006715607067
148127,0.016032444528341242
148129,0.00841645241005603
148132,0.007112094174848929
148135,0.019955334787392268
148136,0.04012265091681201
148138,0.006913019011351502
148141,0.02190257088773341
148142,0.031002750096716845
148143,0.004565111208229419
148146,0.014641431752316567
148151,0.037362501484519785
148156,0.013841050774945284
148157,0.1306437394506623
148160,0.03455802651592194
148163,0.004013099888820278
148166,0.011753438775715741
148168,0.016088935691582384
148171,0.004981956530679023
148173,0.002922845192408691
148175,0.037996082747208296
148176,0.0036275842773361147
148182,0.009862200675063227
148183,0.022644181418540604
148187,0.0029085210725398234
148189,0.09266133279361444
148191,0.04729613396108378
148196,0.03877402051110858
148198,0.06063808237830934
148200,0.08790263628824725
148206,0.04007206889334691
148208,0.009871288366706537
148210,0.16148389138412653
148212,0.030080403611522834
148214,0.005533443388684778
148215,0.004500412570985593
148216,0.005233724199131988
148217,0.0056531794114652095
148219,0.04390297420839492
148220,0.09444483692017962
148221,0.0030293948875164036
148222,0.182618461617361
148225,0.004309484275911468
148228,0.09614560136508771
148229,0.01611415072462414
148230,0.0068216564021123605
148231,0.003730962225961881
148232,0.0035930738844285617
148234,0.00441535529014404
148235,0.004271841890471485
148236,0.017509376847512293
148238,0.0063232295675337905
148239,0.1284082505010111
148242,0.04033551368161893
148243,0.003984284408263693
148244,0.0065645106456100714
148246,0.004407676017263765
148248,0.03518052785822945
148251,0.019235305465512064
148252,0.012634620781070761
148253,0.016721990467526072
148254,0.0050154228644657805
148256,0.1272983651652276
148258,0.006280648982819811
148259,0.039426905588377366
148261,0.032941232925918634
148262,0.04190916643200958
148264,0.003109546401426525
148265,0.00767754211885175
148267,0.0030516849911209373
148268,0.00784979638873819
148271,0.15234453977699336
148272,0.03394327986873563
148274,0.03520376522540206
148275,0.0030537706058331423
148280,0.05927637462699324
148288,0.003388732241806409
148290,0.17653375813177052
148291,0.20062707413546713
148294,0.004239454197490975
148295,0.005090393740697644
148296,0.03763675224779755
148298,0.18298874837867785
148301,0.003535284619719383
148302,0.0688080020691709
148304,0.028688394308807652
148305,0.06917327554890543
148307,0.003882730875937472
148310,0.004494390186865522
148316,0.018142738402686584
148317,0.0037687506972698724
148322,0.03933091389742473
148324,0.004283293669456853
148326,0.0036293604769999308
148329,0.00987382656191043
148330,0.002992420833928646
148331,0.008612611777230503
148332,0.04813939503731219
148336,0.026394042065822448
148339,0.26981762008526133
148341,0.07772060837912124
148342,0.05430210134235179
148343,0.07433263004381918
148344,0.0634585425806582
148345,0.005991122677985749
148346,0.08078397487793659
148350,0.20718245591093304
148351,0.006003976041578768
148353,0.0031739716024636465
148355,0.002921378743504862
148359,0.003096262103769132
148360,0.05695650925551608
148362,0.02354953760930404
148363,0.030357416991503548
148365,0.003997598781776953
148368,0.033081174399533016
148369,0.05777838364670822
148370,0.0029167447936238383
148372,0.003367010264491238
148379,0.0356866450603376
148380,0.003762041798944867
148381,0.1540326317330662
148383,0.004762935649391702
148388,0.03659557340624367
148389,0.04566912323161813
148393,0.004168200693212338
148394,0.0076016535419736655
148397,0.0035356855272136154
148398,0.010796929260450101
148399,0.003335032624691056
148400,0.002828773191899597
148407,0.1647735976680608
148410,0.16397043131738573
148412,0.004395749794894818
148413,0.04382401024196235
148416,0.0043253638025487675
148418,0.0844250899522394
148421,0.005724309183964976
148422,0.02739552761817204
148424,0.012018601895870501
148425,0.019737379692657306
148427,0.013302506274903475
148428,0.005663659268921257
148431,0.043337241784075296
148438,0.021784206920448575
148439,0.003938711208469852
148440,0.08149230585224161
148441,0.008015263456960223
148443,0.008225851312443256
148445,0.027878358558034992
148446,0.035737505842347465
148450,0.2660337039979437
148451,0.012121718206810734
148453,0.014291968416576106
148454,0.042609062084214264
148455,0.020865698517116952
148456,0.0034515718498643105
148460,0.07730469886261811
148464,0.007206008827849571
148465,0.027906745982792636
148466,0.2739109819575458
148467,0.014131619873020772
148469,0.007678241311560906
148470,0.020168301519990918
148474,0.18246797209984622
148475,0.002871416890711356
148476,0.11042195796241873
148483,0.005920923297152642
148484,0.07905843673143012
148485,0.2330610026853962
148487,0.0040154180249205
148490,0.004371476700295703
148491,0.004776478508794108
148496,0.00654045155583551
148497,0.003523013657557426
148498,0.16062734371648565
148499,0.01216236183161774
148500,0.009903019831622464
148502,0.022490612214773786
148504,0.009295452114237813
148505,0.11861593867287179
148506,0.04846741637347797
148508,0.0029223243496827853
148510,0.004775195561468513
148513,0.03655931687035958
148517,0.005227715668649254
148518,0.003028044939006727
148519,0.010535079876522637
148523,0.010958038125476768
148524,0.007907874014864482
148525,0.003303675773373924
148526,0.010512071929736628
148527,0.17702969551325284
148528,0.14488510997021922
148529,0.18348437504143672
148532,0.003676354808208447
148535,0.1179951929776949
148536,0.008739204394559002
148537,0.008153962032841315
148538,0.01717242483270517
148545,0.003461850007909086
148546,0.031086868314129004
148549,0.0029946065503009887
148550,0.29103659090433676
148551,0.0118548462121276
148552,0.021880010932906403
148553,0.0052046976001811004
148554,0.06377710386109238
148555,0.005273455443538249
148557,0.005682514158647746
148558,0.0035524953708543
148560,0.006024539798212143
148566,0.035302677777214825
148568,0.006380428109003812
148570,0.035052799079547114
148574,0.008210197287938469
148576,0.08888812329122661
148577,0.008845625360811979
148579,0.004347553945063587
148581,0.003884599816396102
148582,0.004391406082967604
148586,0.016877146924391767
148587,0.006634090253964001
148588,0.003476357935407661
148589,0.004639193683841293
148590,0.005317007134249289
148595,0.008661386088498124
148597,0.004009111568540383
148600,0.005284899365158749
148601,0.010070523849114922
148602,0.005164831951633927
148603,0.0036205496714430767
148607,0.12316568378118792
148608,0.005472506135671588
148610,0.20665762307652835
148613,0.06793657214674091
148615,0.008785938852627831
148619,0.002964988801701689
148620,0.003933510891181411
148621,0.034154708203585134
148623,0.00441727118790813
148624,0.0037152985320204213
148627,0.003220172445289508
148630,0.028495376923167084
148635,0.01782492750184595
148637,0.07889531521211846
148639,0.003946385989845869
148640,0.014161904949190698
148641,0.005245563753026061
148642,0.0033431104341337795
148645,0.10330824729131055
148647,0.006772858299543409
148648,0.0035517624077279174
148650,0.024435255345462193
148659,0.05417734408057872
148665,0.10848480894890458
148668,0.004326560912696949
148670,0.024095973089597298
148673,0.004087638325374101
148674,0.22119874810994505
148675,0.01138017820434011
148676,0.010134197255301278
148677,0.10447452305282837
148679,0.0036125388990609366
148681,0.003982583724686051
148682,0.20763532772976895
148683,0.01979372089708854
148684,0.04361982484336037
148688,0.014539165601748007
148691,0.0037996811566998676
148692,0.00672413269956692
148698,0.0035385954410690865
148699,0.0794685364065181
148701,0.031033707149481043
148704,0.007800399092123703
148707,0.0036364333173622807
148710,0.0035612020822980454
148711,0.018166147019740297
148714,0.0037623802157324697
148715,0.009903019831622464
148717,0.005083228074937873
148722,0.06955323239392286
148723,0.008472500433492297
148725,0.025421314360508245
148726,0.005770571881346887
148733,0.02533051049808423
148736,0.01024792091885479
148737,0.01820993424201684
148738,0.011747015179488484
148739,0.030098701014312577
148740,0.006534537975802745
148741,0.0043813432230215025
148742,0.01534231799720964
148743,0.10151017281911189
148745,0.004845015893324431
148746,0.16987341870649875
148747,0.006468456404604831
148748,0.005543223829083566
148749,0.21469692140869637
148751,0.039548650552768405
148752,0.09160397519446391
148754,0.022827897966680357
148755,0.027450461475886444
148760,0.022233515490412175
148762,0.007233300189734923
148763,0.03814062383926078
148764,0.1990956067115618
148766,0.03781370707122728
148767,0.026092726083828087
148769,0.007933566682886783
148771,0.003761900964210658
148773,0.011324343965220576
148777,0.003481057746279507
148778,0.22823886864217405
148780,0.00836661432278957
148781,0.025040978936628492
148784,0.01869329581040737
148787,0.004389275420697928
148790,0.08184216651861517
148793,0.008553763653421979
148796,0.2690932068676795
148798,0.008223372041778797
148802,0.004724701265836958
148804,0.004763415641319862
148805,0.07197312897208401
148807,0.009800011274900725
148810,0.015870071646947707
148812,0.004886273871846829
148813,0.010094061241070323
148815,0.03027252945095224
148822,0.005253926030401145
148823,0.011204536108428075
148824,0.2142578897262174
148829,0.03403624284571444
148830,0.2590511578572387
148831,0.03429699583292125
148833,0.00774130092955197
148836,0.004146840998095526
148837,0.00526019251304103
148838,0.003371398608101883
148840,0.009171181065521443
148841,0.00626844261491686
148842,0.011946927979236575
148843,0.005316534376454527
148844,0.1000181919147255
148846,0.0037195700747672837
148847,0.01376300706546751
148849,0.003867492755366802
148851,0.00671997971573976
148853,0.03459537651067348
148854,0.008781468452037927
148857,0.19618710955243776
148860,0.031041170354635977
148861,0.010019266510733291
148862,0.02912295716931862
148863,0.004140445531709632
148866,0.026092726083828087
148867,0.0681605827729992
148868,0.003248663224915901
148869,0.21392441528440517
148871,0.009121309144096866
148872,0.04437245450968236
148875,0.23315543824886514
148881,0.008982150409654105
148882,0.0036907028803437603
148888,0.0031253042946389397
148889,0.013630599841192387
148890,0.017514541657217254
148894,0.055394733149890296
148896,0.003933823142239614
148897,0.004628397771054259
148902,0.003991085959556072
148903,0.004363678158846581
148910,0.009226220823148184
148911,0.03180333874396975
148912,0.0035997633913742244
148913,0.006191010961957052
148914,0.0037387290340042604
148916,0.01028911241205475
148920,0.009651086812912187
148921,0.002850607489566596
148922,0.008876139717639396
148923,0.08273569122838875
148924,0.08827799541189224
148925,0.014717291779225452
148926,0.011263732491507354
148931,0.004208089368551991
148932,0.0028885381726106436
148933,0.00993214312530529
148934,0.003911194458989024
148935,0.002940698496005189
148937,0.1161684216364079
148942,0.0105505834998587
148943,0.003531202454467404
148944,0.008875604408318463
148949,0.012413775995820036
148950,0.004344258705219101
148952,0.007873799730578402
148953,0.15177144539563997
148958,0.013191698541479634
148959,0.028368039939632286
148960,0.003242098916178367
148962,0.13996246850662825
148963,0.00311580069999602
148964,0.0034912281807921346
148965,0.0035165313928492087
148967,0.08817708011976726
148968,0.2982588145447537
148970,0.008473115312870049
148971,0.24237587797748467
148974,0.003567232439512383
148976,0.011043421994982377
148978,0.003992224603891995
148981,0.003551962023726192
148983,0.006173363280322546
148985,0.057840209090911594
148988,0.1998173193539379
148989,0.007083785432614188
148990,0.005663870916573321
148993,0.05401266791158384
148994,0.08517738708172297
148995,0.0906209124446664
148997,0.03927495873441057
148999,0.030770771754599482
149001,0.007366213840691211
149003,0.08411454383083368
149004,0.014393261293313291
149007,0.002851527005110766
149009,0.07020758546355378
149013,0.19462391629403566
149016,0.010020596949335561
149017,0.04887226479200932
149021,0.0034132308868904675
149022,0.007175161544743561
149024,0.026092726083828087
149025,0.07767489046780195
149027,0.0035783866549005056
149029,0.0075674902119148586
149032,0.18879446904619324
149033,0.035074718829735486
149037,0.016161829781371904
149039,0.008837996491735165
149042,0.05354210455719738
149043,0.033424375682408844
149044,0.0034778489881000943
149046,0.06878562959490195
149049,0.004286091263966802
149051,0.0072210374823860396
149053,0.037299754927603505
149059,0.009282722092968362
149060,0.004954205212436407
149061,0.0033267989103066323
149062,0.005792160978119792
149066,0.020440105041514754
149067,0.009903019831622464
149068,0.01577854499202246
149069,0.18510718026675593
149072,0.012033743574914676
149074,0.0035778130162929423
149076,0.11843240581173645
149079,0.039207882929235036
149081,0.003679381627375651
149083,0.19970012325535785
149085,0.053312368447061116
149086,0.0037786646815201382
149087,0.23162504047225807
149089,0.0037470258398835726
149092,0.1824192430181474
149101,0.0037497035394728974
149102,0.007785296687156908
149108,0.039898079506416516
149109,0.0032077703649992634
149110,0.0029787867002957244
149117,0.03297797051622609
149118,0.0034461327622781895
149119,0.1400986268947794
149125,0.004003716835004129
149126,0.0036664551473200033
149129,0.005222572058045854
149131,0.03571856122402587
149132,0.16959695251623472
149134,0.07207886859203864
149135,0.02811302642118527
149137,0.02937467055373712
149138,0.03459537651067348
149139,0.027805886660950928
149141,0.003613841139750803
149142,0.0790520257573555
149145,0.005722558494639054
149147,0.00627793098963425
149148,0.008192616735664576
149150,0.019501174112165034
149151,0.011722608883209019
149152,0.1020710992108488
149155,0.06229864568733455
149157,0.013349676439195244
149158,0.009758770585843428
149159,0.006556668082043396
149161,0.02428834325408725
149165,0.1670088699962863
149166,0.006994458512474484
149171,0.1924874686421004
149173,0.0461139972392633
149174,0.19541955160547106
149177,0.09683633197672542
149181,0.003949706977818512
149185,0.0029760588599143877
149187,0.06609879802076907
149188,0.01939450184993573
149192,0.029036741839797167
149193,0.011908651624815468
149196,0.010246910045957566
149197,0.06226103398138908
149198,0.07392119534721868
149199,0.03761101198283566
149203,0.18699004524296456
149204,0.004231590641323461
149205,0.005378062629753614
149206,0.010007619406229027
149209,0.017296520681400536
149215,0.005035749282588079
149216,0.00989617765928408
149217,0.01544637202394891
149224,0.008800752701311771
149226,0.0110394907067497
149227,0.0036755045287835604
149230,0.04060108190993553
149231,0.19403707232602346
149233,0.07803629088358738
149236,0.0029343098288564474
149237,0.045593698474423794
149239,0.014831588117725537
149240,0.008729606868094514
149242,0.026862056295613175
149245,0.0029780140450083436
149247,0.06597928210306049
149248,0.008573953436678964
149249,0.11457289072871503
149250,0.007126518023099297
149252,0.025035354954664253
149254,0.0035026079658350214
149255,0.004987114453569667
149258,0.016274147169444645
149259,0.06226352479371048
149261,0.03984910350097991
149263,0.004198875221046263
149264,0.04676585561248342
149266,0.006068255593866846
149267,0.1647735976680608
149272,0.06454064910719766
149273,0.008553081735029317
149274,0.005806837684341764
149276,0.0034989688374411753
149277,0.0066292085808610105
149279,0.018147215192093568
149281,0.0030848338375157164
149282,0.0028884481039573163
149283,0.04402216892597272
149289,0.14777540378349194
149292,0.004144667619712633
149294,0.08003430578548074
149295,0.0060024616317663985
149296,0.004738028756360452
149297,0.0036494257462583706
149299,0.003421105835065687
149303,0.0036938489523998686
149305,0.19979788246681068
149309,0.007990815691664474
149311,0.014134912723341912
149312,0.18422192566437853
149315,0.010381609502352524
149318,0.003701342137611625
149323,0.003707219632237739
149325,0.028788955624425575
149326,0.009005336871338192
149327,0.00417211903846563
149328,0.011800944467755349
149329,0.2647788141044631
149331,0.014092902650948933
149332,0.00331135967259443
149334,0.026919921343949375
149338,0.07416326879564362
149339,0.01009972473977593
149340,0.0030665600041602415
149342,0.0045996553739743335
149343,0.07403879628329064
149344,0.01520297520414738
149345,0.0350770127761878
149346,0.00713336630920347
149348,0.01889912319650296
149349,0.02559356343495392
149350,0.35262806803108576
149352,0.0981265146175127
149353,0.008514109169221204
149354,0.039088439103138105
149356,0.2779055409663278
149357,0.005133356534125731
149359,0.17912178783173252
149361,0.03701087724553352
149362,0.03320507377116169
149364,0.12471273651076344
149365,0.03337702182060148
149369,0.004336337774396326
149371,0.09039023421246452
149372,0.0067397585170896265
149373,0.0029728979089713027
149374,0.010248095688349543
149377,0.04986015447669345
149378,0.13011012148679432
149381,0.0036364333173622807
149382,0.07066548654568403
149383,0.0033736543674129827
149384,0.0040392183523836195
149386,0.11740749359711722
149389,0.09555772349416702
149390,0.0087841863386071
149392,0.0035443450298080588
149393,0.030294506262984407
149394,0.003195247752460235
149395,0.028796522622933782
149396,0.003761900964210658
149398,0.03960714707983481
149399,0.005249353906078059
149402,0.0036436205448269446
149405,0.010661457889273704
149406,0.009648884597445064
149407,0.0047441716481397495
149408,0.014132543769083093
149414,0.00837395718451084
149415,0.08287935653159385
149417,0.006999937228587653
149418,0.0100440202781788
149420,0.012041057699522196
149421,0.025747450513628437
149423,0.005342680827332507
149424,0.06345459947465497
149427,0.0049241620215085165
149430,0.02167904607956942
149431,0.0038936777201160617
149441,0.03220810985386491
149443,0.07094670940735075
149444,0.016016330600181386
149445,0.14737006258632512
149446,0.03174961963087713
149447,0.021837365155413974
149455,0.003664199705465161
149457,0.06790721713850141
149458,0.06124490512181383
149459,0.17668149463392027
149461,0.008047993265905011
149463,0.008111515141650028
149469,0.01005533474234574
149470,0.027742654831580223
149472,0.003949912558719509
149479,0.22262976677052454
149481,0.004587329623872951
149483,0.017754128197239153
149485,0.004695327921190156
149486,0.04267043349717711
149489,0.011634749277256865
149491,0.004373092163025386
149496,0.004461257106284128
149497,0.003926882308364191
149498,0.021679688075342745
149500,0.004210101146639257
149502,0.003943920606147302
149505,0.039537898523811954
149509,0.00649973386502419
149512,0.003889801607853989
149513,0.016425780493455958
149514,0.002984059646891912
149516,0.1458541667814409
149518,0.026092726083828087
149523,0.0035514371523480154
149525,0.09706497688254122
149529,0.01686478387578759
149531,0.0033053339904292804
149534,0.10402233517412937
149539,0.040424114092079445
149540,0.20219086833201716
149541,0.008783191189033012
149545,0.004551709788463655
149546,0.033892902484087585
149547,0.005424711631900371
149548,0.012012287623243283
149549,0.010505146757950416
149553,0.011197410644487683
149554,0.0036653084197817904
149558,0.006773000905196171
149559,0.0526672680522896
149560,0.02369399660980328
149562,0.06364695730103898
149563,0.0031287160596621994
149564,0.009864085846143717
149567,0.038841071566947306
149568,0.07575732065315209
149569,0.006575991702693866
149570,0.0920939000885154
149571,0.013440736205626207
149575,0.014826946686222014
149576,0.036750596090893546
149578,0.12920919679471718
149580,0.009221177580956095
149581,0.17351473335738554
149586,0.003528102412122765
149587,0.004086620011896216
149590,0.003380277835788349
149593,0.009882435258853574
149595,0.005589675940826175
149596,0.00481556359020524
149598,0.005401674754927473
149599,0.005985266777395279
149602,0.01630117105972081
149603,0.004000055194460466
149605,0.17721734294332528
149607,0.0029839171642607777
149610,0.003213603458594155
149611,0.0090054767647025
149612,0.07575732065315209
149615,0.088398297586059
149619,0.05115595918675794
149621,0.003991783553921465
149622,0.00671477557575647
149626,0.12508482640457919
149628,0.021059961353799703
149630,0.030731828684966423
149631,0.013715123169634594
149637,0.015751212031200803
149638,0.018765935920527665
149641,0.040515986001258435
149642,0.04345356034313163
149643,0.18409504232542162
149650,0.019256130796447894
149652,0.0029451737353550704
149653,0.06867415855415628
149654,0.05631189131179919
149656,0.0035357264440289073
149657,0.003530729307077557
149658,0.20219086833201716
149661,0.016028634731897383
149664,0.025040978936628492
149667,0.02199036662621649
149668,0.007983211598086447
149674,0.004378440411649141
149675,0.04640447210712663
149677,0.16151534420101446
149679,0.08599935710867695
149680,0.003952322847785671
149681,0.004864034926289608
149683,0.04660528715699508
149685,0.002885316191418997
149686,0.17351473335738554
149691,0.1685054751263276
149698,0.21119325716268372
149699,0.004676252894534233
149700,0.011460389415388334
149701,0.018087943887172567
149702,0.019763333613878314
149707,0.006967928712994828
149708,0.19899918600237265
149710,0.00398467023896962
149712,0.013579697932129433
149713,0.009871663675662013
149714,0.002818187216294715
149715,0.023972377696500548
149716,0.0037089453574614567
149717,0.05011250994041045
149718,0.019558243647867228
149719,0.04026862599019615
149726,0.005641043630101613
149727,0.0056801889267158985
149729,0.07714766774975557
149730,0.0036653084197817904
149734,0.009516066090083063
149736,0.01277937791056269
149737,0.0029478976580591377
149738,0.004069723234524846
149739,0.00287939807323987
149740,0.01918190290172177
149741,0.005753807029959874
149750,0.030152794039749714
149751,0.005907208484192379
149754,0.14310732225447037
149756,0.013149601618640297
149759,0.04405921140613187
149763,0.010688627692062448
149765,0.05633038448874515
149766,0.20796659965536352
149768,0.07644977709014442
149769,0.005115956120703324
149772,0.009733502854782144
149773,0.002923240540236404
149776,0.0034953011943098396
149777,0.0505794966034194
149778,0.002977754808116727
149780,0.021558933196246945
149781,0.014616417650591303
149783,0.053893133063921635
149785,0.0054252490587121715
149786,0.054918404472643706
149794,0.004208538038203651
149795,0.05125068882970082
149797,0.004957491609182707
149798,0.007607390849907285
149799,0.007654300214306718
149801,0.026265719752482142
149802,0.053790545412026304
149804,0.02967521530971186
149805,0.03113142636065835
149806,0.023742163980336795
149807,0.0035848095326101144
149809,0.0358424122386279
149810,0.003543839752587412
149811,0.022938829923527335
149816,0.006380428109003812
149817,0.0038067493996196008
149818,0.005473907703010969
149819,0.010533705144334316
149820,0.003707219632237739
149821,0.17337092655283082
149822,0.023122326985256708
149823,0.006059389620670899
149824,0.005617750822613969
149826,0.0035675688705532303
149827,0.07961074605164184
149829,0.2043446782281392
149830,0.11992713348491145
149831,0.03373556001743036
149833,0.012315720396516691
149834,0.06843720047393546
149838,0.04738462498134851
149839,0.21746543598637252
149840,0.04271331682595182
149841,0.00950104524844263
149846,0.003175809448391561
149851,0.007982260218458744
149854,0.06933809590246912
149856,0.004618928556558486
149857,0.031023228380023294
149858,0.007450345269460515
149859,0.019619582329362513
149863,0.02290510329199521
149864,0.005034900847612128
149866,0.18519003373268964
149870,0.019772388302693417
149872,0.003535206468773174
149873,0.02984957705667108
149877,0.26917410642107337
149878,0.00960731465809579
149879,0.0526869882379158
149880,0.007051802434944383
149884,0.1670088699962863
149891,0.016106237345514886
149893,0.004226698633156528
149895,0.2392313920583854
149896,0.0036904272470214402
149897,0.030724931698429225
149898,0.17532807870100228
149900,0.015127954517677067
149902,0.13503281555093805
149904,0.026092726083828087
149906,0.06453587591910626
149908,0.009799706020169491
149909,0.004247470125257205
149911,0.005455186496853119
149912,0.003772013458882852
149916,0.0127647584580881
149917,0.03166304544143346
149919,0.06529948335447361
149920,0.013210487901788458
149922,0.004017514359145249
149923,0.15416936066076717
149925,0.02617553089217949
149927,0.004069243331069202
149928,0.2192888073667213
149930,0.026092726083828087
149931,0.009165848127843382
149932,0.0038312991209106455
149934,0.008700387063348441
149938,0.03432476514549406
149940,0.0033761585071133827
149942,0.03007525208981983
149943,0.20033640660769877
149947,0.0040329512682453226
149948,0.05695097383470512
149949,0.07526742930383232
149952,0.24020420180839006
149953,0.0278098557003259
149954,0.027048981936753196
149957,0.037600384505963244
149958,0.0038537225304853015
149960,0.004584998542744305
149961,0.015720008644740106
149965,0.06199145495086287
149966,0.19276105598398544
149969,0.0031477477495365416
149970,0.005072077107167276
149974,0.03312927378966195
149977,0.004027951385099641
149978,0.011724656394687543
149979,0.004343694793817726
149981,0.0034955281069397053
149982,0.0888948564234134
149983,0.01466534029531403
149984,0.03663704610608517
149988,0.003946181949364999
149989,0.00703437818729944
149990,0.014339674910913154
149991,0.13940548010544418
149993,0.011996474279625568
149995,0.012265077593116847
149997,0.18606250716490652
149998,0.003831431389414243
149999,0.003471586223663994
150000,0.0031631377250929665
150001,0.009444314554414366
150002,0.23025388608584166
150003,0.0031028487948382595
150004,0.005078767412616117
150008,0.0051432679000048874
150013,0.01756364242764678
150014,0.003548299575673034
150016,0.02446154709453316
150020,0.010933489266451286
150021,0.04456620907103504
150022,0.003600386487829034
150026,0.04848815751555247
150027,0.03986503194225559
150028,0.003136753202363599
150030,0.04831017897717476
150032,0.0809943933826487
150034,0.01185829132808425
150035,0.0045819224462167974
150038,0.0200192621792454
150039,0.009223035786990273
150041,0.017035882288561368
150046,0.00923948966400276
150050,0.002999979437276068
150054,0.09836353895684351
150055,0.08843785134745218
150059,0.029293450997094565
150060,0.12852914756592146
150064,0.010606173575800643
150065,0.00592084466134786
150066,0.005532408543242529
150067,0.003455702981894134
150068,0.1920795882142341
150069,0.04091845946965914
150070,0.03075883381148171
150071,0.008205179185039078
150072,0.01675519830876261
150073,0.009168555302271406
150074,0.03836987971886681
150076,0.07538265353294224
150078,0.002973935427419356
150079,0.0034393788476944887
150083,0.0033974809829251736
150084,0.004023862657113241
150085,0.021673057403775318
150086,0.13849138752662357
150087,0.09772727371648667
150089,0.009662476803605222
150092,0.004288637303636603
150096,0.1485471957888472
150098,0.005450579538568057
150099,0.11553957946161275
150100,0.05738214618268141
150102,0.007790753375430693
150104,0.014774038569704655
150105,0.015763411325213954
150107,0.004350050081182997
150110,0.005493854138150434
150113,0.0919417563543462
150117,0.006099885440946813
150118,0.022716597978880877
150123,0.0170623344629435
150124,0.21884102879208445
150125,0.1510969666642573
150126,0.018312316144599133
150127,0.0106996662797535
150128,0.008779042035539766
150132,0.014031073992905237
150140,0.015541523374098247
150141,0.26626429082704556
150144,0.01482515728321554
150145,0.04012754532936183
150149,0.088074590222236
150151,0.002940098485114009
150152,0.005044650881465055
150153,0.008784619184141198
150155,0.11689666599354553
150156,0.002864031803493213
150159,0.0031444461388715587
150160,0.01437330490133326
150163,0.0042768474608344195
150169,0.003677681394771608
150172,0.002846187592929896
150173,0.020695406550662484
150179,0.22518220459671162
150180,0.011322849798714212
150182,0.05641802299154535
150184,0.0033931844808707014
150185,0.23127599837302296
150187,0.03502385657172305
150189,0.0041494953106591985
150191,0.017608027420032635
150192,0.08034605534884454
150193,0.002815804666209601
150195,0.08620363491733549
150200,0.08100057436388063
150205,0.1260539443372108
150206,0.04934523482316468
150207,0.021930578474339844
150212,0.08924922414720345
150213,0.20869798319198313
150216,0.040311108387729874
150217,0.008782423031367273
150219,0.05053234944758833
150221,0.008026266210932746
150222,0.012536790432782226
150228,0.005686028127476158
150233,0.00296938324924083
150237,0.029134530658889584
150242,0.05670335971505675
150243,0.0029762324484917365
150244,0.004041992450818456
150245,0.03330654972983569
150247,0.003088599339934355
150249,0.003675196572806737
150253,0.005336145587387802
150255,0.029811958449672483
150256,0.07152529180828368
150257,0.0063281711263430095
150259,0.10040575918135658
150262,0.011293535653895754
150263,0.13733743016525835
150266,0.013805246728670277
150267,0.004460245714284303
150269,0.0035315423483442284
150271,0.004076004312235286
150272,0.004023330039529932
150274,0.0035202761231824154
150277,0.0028521938839665716
150278,0.004304925773671525
150279,0.21634165685438017
150280,0.06500563312414141
150282,0.00586518909217131
150283,0.032252421220238484
150285,0.03685404418418573
150286,0.006953778091817828
150289,0.19323430338711461
150290,0.0034697706206512397
150291,0.053198360451839226
150292,0.005943197476591184
150294,0.0037084983413187915
150295,0.004093666232967458
150296,0.17304331842894607
150297,0.10373518398340939
150298,0.022752676595811237
150300,0.008846722883218718
150301,0.2032388392717537
150302,0.1079669959866959
150303,0.020659723834550087
150305,0.005975657909765258
150306,0.026092726083828087
150307,0.0037541314735491152
150309,0.023677002913918995
150311,0.03008598351242609
150312,0.007189749845764226
150313,0.0037901892497859864
150315,0.004345305027353648
150317,0.026092726083828087
150319,0.04396896594192145
150321,0.010148856138675465
150322,0.008625560028533359
150325,0.029337704413475
150326,0.02387103802143064
150328,0.00372958946396985
150332,0.005992773052453166
150333,0.01980242868726845
150334,0.016489817035751544
150336,0.04953028761164323
150337,0.0074171481676738775
150338,0.2563210939033099
150342,0.0096403485229645
150343,0.018525215175465327
150345,0.004033287595401378
150347,0.2169601878615354
150348,0.006330417672548748
150349,0.0033838041192267225
150350,0.03153564606284028
150351,0.0043813432230215025
150352,0.004425863015309014
150353,0.029961279370228973
150355,0.15617318819459955
150357,0.008455432811254887
150359,0.036298789053406486
150360,0.041551602271498
150361,0.018230460562086076
150362,0.18168594702583732
150364,0.062289427392356655
150366,0.0028954320082226026
150368,0.2219606418519663
150369,0.07419908000205286
150370,0.24153931746131718
150372,0.00815172153596803
150378,0.003329417491186956
150379,0.027749026355301853
150380,0.023230981103737464
150381,0.014133109013650124
150385,0.013827008826779834
150388,0.0303750925092424
150392,0.0034209127969319813
150395,0.09150340658929913
150396,0.020402699315114126
150398,0.009407825713250832
150399,0.013785010916231124
150400,0.0449330324344606
150402,0.004616710113553851
150403,0.04570493298778219
150405,0.10948880816332857
150407,0.006472898734708494
150408,0.0033225925484343492
150409,0.09332475321641633
150410,0.006743537021702932
150412,0.029299736867619393
150414,0.003994825424522551
150419,0.039777587398507105
150421,0.014785131955344618
150424,0.03175667437851549
150425,0.011093655590777195
150426,0.007965470862737242
150428,0.19768174902757715
150432,0.003861632937741001
150434,0.0028883816662817665
150436,0.010530752775819389
150437,0.007028581118734853
150438,0.03459537651067348
150439,0.00810530759173258
150440,0.008620782361420087
150442,0.026092726083828087
150443,0.038186492372268524
150444,0.2579230400956734
150445,0.006117152639206561
150448,0.046039917080222356
150450,0.006959359833243862
150457,0.006825998607374149
150460,0.004484756222132249
150461,0.034707398664779066
150462,0.07444678120273726
150465,0.003333535003120562
150466,0.003491944269471383
150467,0.02807335655402567
150470,0.0066957787253676005
150471,0.0321033787754199
150472,0.008994023112168171
150473,0.008076871615162302
150475,0.021126341485098482
150476,0.003770060197739157
150478,0.0032351761745162515
150481,0.006848940059403239
150482,0.011737808392452196
150484,0.004012609691912199
150485,0.0037470258398835726
150487,0.18650370791913254
150491,0.0036716222057905858
150493,0.0036790781074792886
150494,0.016537375121457656
150495,0.011662812587758453
150496,0.19541955160547106
150498,0.00806624148472671
150500,0.0035701144411423597
150501,0.026092726083828087
150502,0.013782789878918934
150510,0.06716135753196878
150512,0.002927312138992096
150513,0.018304806448123042
150515,0.007457975368655213
150518,0.005677615115243842
150519,0.0033423760922342014
150520,0.019905584783847442
150522,0.013523690911586006
150524,0.003782112727061222
150525,0.003317899467410314
150527,0.04106737477177614
150529,0.00370002043504657
150532,0.10672943068584613
150533,0.0065189281320068146
150534,0.012954281058788401
150535,0.007111778271591677
150536,0.03147380369236583
150538,0.00989698702202194
150540,0.026092726083828087
150543,0.004369489114493893
150545,0.0036574396893689276
150549,0.055876840806443985
150551,0.18875620433814813
150552,0.07151260911962987
150553,0.09348100191238647
150554,0.16148389035170688
150555,0.003488453073250296
150556,0.01772439944571678
150559,0.013711194595963547
150560,0.2504172751477473
150561,0.004056456841377119
150563,0.025935741194041823
150566,0.004891342919422624
150568,0.21395565365329342
150569,0.007621930302605174
150572,0.20980429195761421
150575,0.2477938641463976
150576,0.07386447417861387
150577,0.028411912154398575
150578,0.0035463232923339987
150582,0.003648278249750077
150584,0.006629135023109901
150586,0.004532694628821674
150587,0.2731962364649249
150588,0.056237002829938
150589,0.0035325940752659007
150590,0.006167926404683141
150593,0.0030136171511823905
150594,0.007928721180059162
150595,0.13189493573045474
150596,0.0030556280165051765
150599,0.018264898506270746
150600,0.011302043292053657
150602,0.004148336907313517
150607,0.007033578520381718
150608,0.011556605902694873
150609,0.020672184620521984
150610,0.023821008898649472
150611,0.03170394408778757
150612,0.019181307975331376
150614,0.01185764920394683
150617,0.0979752731975361
150618,0.007802985113969146
150619,0.05259816354998488
150621,0.22339881098701003
150623,0.007464252815548629
150624,0.0034424864143489413
150625,0.0464091743974898
150626,0.0504419766949466
150628,0.060487348281886635
150629,0.045688851645003026
150630,0.00939522857276834
150634,0.01815647201192997
150635,0.00293414846359322
150636,0.00683730450381277
150637,0.06875122916417133
150638,0.004393620991377451
150639,0.013080724272061212
150640,0.007563519951016187
150642,0.06656289648415087
150645,0.01008824528225333
150646,0.06867287251208881
150648,0.0039599805352981
150649,0.004925737400771188
150651,0.01612478604312108
150655,0.1769519826073586
150657,0.005553453275554821
150658,0.00979900008423896
150660,0.005314296209109546
150661,0.007830581517032326
150664,0.003785244162347596
150665,0.003656784236577125
150668,0.19686680071885393
150669,0.009878628690057518
150670,0.25304317538825305
150671,0.027439317077549073
150673,0.03027534687065222
150678,0.007043089938422236
150682,0.06347588478964875
150683,0.2536480021635668
150687,0.14592953872571188
150690,0.005027724140555559
150694,0.009693484766189931
150695,0.08907581288610363
150697,0.005346669658575864
150700,0.003793632152160373
150702,0.005006570754463444
150703,0.026253617486094144
150705,0.04296481732433334
150706,0.0039707336296336895
150707,0.003935955407875851
150708,0.0043126611275041225
150709,0.036883000174657565
150711,0.0033175151667899677
150712,0.04310012446568044
150713,0.15386796378199846
150714,0.026055057086139845
150717,0.022425735542886342
150720,0.003856398549755572
150722,0.18093365792097085
150724,0.4005842984693445
150725,0.005452243273184741
150727,0.031145641624065516
150728,0.00919915796582012
150732,0.019630218152314523
150733,0.015419721633072639
150734,0.004412393050111029
150736,0.016603280116280445
150737,0.0062429938635870435
150738,0.0034609549310622065
150739,0.1404596064969542
150740,0.059680618936180485
150741,0.026092726083828087
150742,0.05545840581508079
150744,0.18113588987826312
150747,0.08367930089841293
150750,0.0029863646177328436
150751,0.024905344505218557
150752,0.04299132886578028
150754,0.012450358585132328
150755,0.020112394704874283
150756,0.007291159721316576
150759,0.003293552450488001
150763,0.003991100530269465
150764,0.003315716349609959
150766,0.023220036707911295
150769,0.24021709204125927
150770,0.0043620161160790195
150771,0.011106856414467521
150772,0.029223194233434287
150773,0.004667336520816612
150775,0.006682148172697703
150776,0.003767798703793407
150780,0.005503380920145499
150781,0.01557863274827841
150782,0.012432552447522865
150784,0.021088415649735945
150785,0.005066841262529256
150786,0.025272876096833877
150788,0.0038582216239192104
150789,0.0313111301714089
150790,0.006930014499289821
150791,0.003660390413661842
150795,0.12536893174866412
150797,0.0139884106855661
150800,0.022696733397889607
150802,0.010761036828152703
150804,0.03451460968597356
150807,0.0036754674302429445
150809,0.17519486512661048
150812,0.026568350882103027
150814,0.018668110087777353
150816,0.1708317824473088
150817,0.057989842688375884
150822,0.0029481239036809816
150824,0.211825348599678
150827,0.014204473365371994
150829,0.005304056833768909
150831,0.04730382444101863
150832,0.06781770596726062
150833,0.23058614352642556
150834,0.007069860004304845
150835,0.009749740100517245
150836,0.00922093293971016
150839,0.029682970212127006
150841,0.23537291417608805
150843,0.12213414944785758
150847,0.0072137657741695544
150848,0.00457629984793217
150849,0.045887487568409886
150855,0.010409919740958283
150858,0.03202196520284451
150860,0.013456082060586426
150861,0.012280565082025786
150862,0.005980793025584021
150863,0.01898710243435855
150865,0.05279569325514709
150869,0.057799044874424686
150872,0.09942533592041095
150873,0.01672938489248018
150877,0.005563952712260633
150879,0.026092726083828087
150883,0.00353547073796446
150886,0.014115792189317513
150887,0.004384911091101082
150888,0.014825554673939435
150889,0.0484282107896727
150890,0.004602287186901779
150891,0.00628830794020427
150893,0.009351698976855496
150895,0.30167423765658913
150897,0.07174633762202039
150899,0.010524007776295259
150900,0.024144267527655996
150902,0.030993572998918667
150909,0.044778727397032494
150910,0.004133461696145827
150912,0.07575732065315209
150913,0.04554744713472206
150915,0.00969282290587701
150917,0.011320970802118562
150918,0.09803212420612696
150919,0.004078929637430475
150920,0.02659304807237031
150923,0.0037237397883012153
150926,0.07575732065315209
150928,0.003805999358588308
150929,0.08888668313325349
150931,0.11698936560765592
150933,0.026374864516211096
150934,0.044765394583316964
150935,0.002940865662221432
150939,0.010349366056692516
150941,0.003600434928312648
150942,0.09893847559309521
150946,0.007503506232486352
150947,0.00938598469570545
150948,0.005979937991181974
150950,0.008472430413121816
150951,0.011316510468360599
150952,0.026082422136496072
150955,0.0512114921251886
150956,0.004152403873277396
150957,0.048431209802112664
150959,0.0035773002012545506
150962,0.010247166372514877
150966,0.02095058173539891
150968,0.0038511315111596322
150969,0.00672371704063125
150970,0.012624151174520504
150974,0.026581340611692015
150976,0.03443793122108237
150978,0.008558054558033972
150979,0.003175962303806516
150980,0.2219661480003998
150981,0.06967117541586487
150982,0.017744003842777488
150984,0.018064373143883986
150986,0.00887637812006956
150991,0.005488579639172567
150993,0.004289133364095182
150997,0.10852706367085263
150999,0.006732932873185415
151004,0.010254278238536082
151005,0.004089864386472253
151009,0.04722789681961287
151010,0.01127761355432757
151012,0.013156747208941166
151013,0.0028514414588871797
151015,0.003645665600565347
151016,0.006489550747906431
151020,0.006169102065406071
151021,0.007273227415841538
151022,0.09800469303022856
151023,0.06726729427174473
151025,0.004233800115977734
151028,0.1727784543275289
151029,0.03423754724763736
151030,0.005869755299202925
151032,0.23365631820696492
151033,0.1910954131969245
151036,0.039039736717138875
151037,0.012012370702358941
151041,0.003991112927091591
151045,0.0038742455879685303
151047,0.002843596139492474
151048,0.002942404655430843
151049,0.00771527701666887
151050,0.00585049873278118
151056,0.008225302925100975
151059,0.004502379873556859
151060,0.00362635872049997
151063,0.004197094536749772
151065,0.008766632199952938
151066,0.01716140907551788
151068,0.01561741208555281
151069,0.026092726083828087
151070,0.010181740932290833
151071,0.0179835179808748
151072,0.0341333358892435
151075,0.03157875691182021
151078,0.12896636127132094
151079,0.02053758345292339
151080,0.08318616597513966
151083,0.0057818924399388105
151084,0.21700727756151306
151088,0.003801536107700404
151090,0.00370807584663239
151091,0.02490325846218231
151092,0.04199774379607015
151093,0.06302529597584004
151094,0.018015388443031258
151095,0.00405744764720091
151097,0.07207559346336503
151098,0.0031394914613855
151101,0.003703895083985937
151102,0.06868615729376217
151108,0.0175832281432489
151109,0.020105384715567422
151113,0.2259427581933988
151115,0.011589392039208576
151116,0.004960121984710195
151117,0.006556893106802148
151118,0.005812693609350642
151119,0.003874115248233724
151120,0.010184892059699214
151124,0.020626536735560967
151126,0.002932411893788605
151131,0.004843192350582644
151132,0.03204529609344612
151135,0.009113530766584197
151140,0.025040978936628492
151141,0.006151592989523528
151142,0.026092726083828087
151145,0.006592503028616342
151147,0.012575975570240976
151151,0.003340517553191796
151152,0.0035241973030814017
151156,0.09080286553382623
151158,0.003150582001050436
151162,0.004515918083445869
151163,0.011133186288910515
151164,0.01268426662068455
151165,0.009382528394324482
151167,0.0052010152307229275
151168,0.02626122195776271
151169,0.002902688873783101
151171,0.006429563131586839
151174,0.004935908405597346
151175,0.0034892082964108
151176,0.005519628409006421
151178,0.009237041251956186
151180,0.004640233875893766
151181,0.023052152472493925
151183,0.0036536550805707853
151185,0.013573161056345526
151186,0.0324525892709926
151187,0.008952994585444523
151190,0.17648808132068497
151191,0.003878345784599888
151192,0.007684542523914908
151195,0.0033819776022690116
151199,0.11342041367313947
151206,0.006779635695676463
151207,0.007492381363089114
151208,0.003614735412716995
151212,0.03409610194855468
151213,0.004187430640715945
151214,0.011188899208021593
151216,0.19686680071885393
151217,0.003707976623275629
151220,0.028917239854564993
151222,0.015334072832005463
151223,0.011564579033672705
151224,0.044923414618890566
151225,0.03051376248544376
151230,0.006121448337680279
151232,0.08207228927124903
151233,0.1482958389381291
151234,0.029968165220485125
151235,0.09031347275035777
151236,0.05053981970135493
151237,0.03826707590205171
151240,0.008670694465213612
151241,0.03470768927269505
151243,0.010912331725771631
151244,0.016734590812959194
151246,0.13177227894646168
151247,0.01126030051966087
151248,0.22944890646400024
151250,0.0322665747592053
151252,0.033344909100591666
151253,0.14610779885480585
151255,0.0038713266564681754
151256,0.025559198684177293
151260,0.0848925862339896
151262,0.09419991578074982
151264,0.0029710165518943283
151267,0.0031151248467792053
151268,0.004002859950571945
151270,0.0031155289026777292
151273,0.011480217828655239
151274,0.009389409357615987
151276,0.08536547849513411
151277,0.008503774109375358
151278,0.08228568246922438
151280,0.011303025249941659
151281,0.09752960600597047
151282,0.028194560624898134
151284,0.0036434825221325186
151286,0.013386742662276492
151289,0.083706421611768
151290,0.040949915453909316
151291,0.005126633289103274
151292,0.002903658049796385
151296,0.0030333702973546657
151297,0.1920795882142341
151298,0.020607230807786255
151300,0.019737323386077945
151301,0.026092726083828087
151302,0.04905439349749623
151304,0.03292790106773861
151305,0.010535785278396227
151307,0.00299532739147855
151309,0.02082049079861196
151310,0.11123585836265737
151311,0.004264562369221706
151312,0.02600925277538021
151313,0.01708795109146293
151314,0.005757123239070798
151315,0.004432054731966731
151316,0.023673379093593256
151318,0.006161622299534779
151322,0.009338842229582476
151324,0.137085893960143
151325,0.011716737743021635
151327,0.04347622414543713
151328,0.004293482526358021
151329,0.05365161958658304
151330,0.004917880080829149
151333,0.003971209680535855
151334,0.031496031287769996
151336,0.004404214233990031
151337,0.10633347592429632
151340,0.2275682983948233
151343,0.2021801735952613
151344,0.004255632605947398
151346,0.07575732065315209
151347,0.003580839669380007
151348,0.07364013676531775
151350,0.006007610613376028
151356,0.004000121873879883
151358,0.20666985829899637
151360,0.0028440192056575254
151361,0.0036373254492157135
151364,0.010470669101907762
151366,0.003734822648753658
151367,0.007212297168222468
151372,0.10254162973589644
151373,0.059049355078030545
151375,0.029886096439243837
151379,0.12751985694445295
151380,0.034287798450348655
151383,0.010668897639725887
151384,0.003479982075723401
151391,0.014971875004254126
151393,0.02625318793291727
151394,0.011776128031231195
151395,0.03861273465959772
151397,0.02977336255669275
151401,0.003889016157981864
151402,0.026092726083828087
151404,0.004596370843854976
151409,0.030435826101735158
151411,0.015763042584251725
151412,0.04411355340361107
151418,0.0037908473314964787
151421,0.002987841452348162
151422,0.0034784411610433792
151429,0.10019609837663497
151434,0.026092726083828087
151435,0.01231014808315
151438,0.013634017450400262
151445,0.05734796004878383
151446,0.00870033243382516
151448,0.018900680851633017
151449,0.003461817989425286
151450,0.005695544545169632
151451,0.20671189453228345
151454,0.1727560287942314
151455,0.02680472567760602
151457,0.08051766072021216
151458,0.23521069127319738
151462,0.07380384632439783
151463,0.015063877246476547
151464,0.05146751833199523
151465,0.02280360856823411
151469,0.02848662044393964
151470,0.055009025767997724
151471,0.010374540325439406
151472,0.223628694025364
151473,0.012367766076440176
151476,0.0035788931419732176
151478,0.005655663109614038
151480,0.012566401656443783
151482,0.00493072095309158
151484,0.0879602123559126
151487,0.059716874635678395
151489,0.004060561754888102
151490,0.004594843944880681
151495,0.004350520549405986
151496,0.00456153211541843
151500,0.03238308684363134
151503,0.05222841640764908
151504,0.011841041608874926
151507,0.020438051844042678
151509,0.04615236966231565
151514,0.12963154964491788
151517,0.00943455775711385
151518,0.00395137291816493
151519,0.017271466271819576
151524,0.08265712354713145
151526,0.060766037708582264
151527,0.07474718896345652
151528,0.02947152766552359
151529,0.019899858365599914
151533,0.22115235029694233
151535,0.014634779103159275
151536,0.003930727463614089
151539,0.006095165083831716
151543,0.1967625661075454
151545,0.0036097250828515735
151546,0.005221823392176775
151548,0.0032318478001251683
151551,0.06539753903108844
151556,0.0034581956347972667
151557,0.007989933754324543
151558,0.026356127919287944
151559,0.004909310883630143
151565,0.011913021080661132
151567,0.0036968492525857118
151568,0.0029216593451576066
151569,0.21772254784135617
151570,0.25415578617927
151572,0.10608296996752291
151574,0.14225185930952855
151579,0.0041103316352895086
151581,0.048537994613888094
151583,0.03308204193633318
151588,0.23332851766489843
151589,0.235566227741971
151592,0.00405835781157932
151594,0.18733900321501
151596,0.005516442046669981
151597,0.009841064188307892
151602,0.1767022435138391
151603,0.0031342584800143746
151604,0.003401457593190732
151606,0.002967690783252942
151607,0.08505051743991113
151608,0.03438856855678252
151611,0.026150551217170404
151612,0.030578523975817392
151613,0.0030450498819392553
151614,0.09912946982625752
151615,0.0029501530154296685
151619,0.00910491192615869
151620,0.011641119940522632
151623,0.011017288619686632
151625,0.03438937971482073
151626,0.019023312629076927
151630,0.015479124654175544
151632,0.0029468535226855274
151635,0.011457224501169882
151637,0.00474945763184014
151638,0.006292545024049237
151639,0.013046198652919777
151643,0.008934280742058208
151646,0.004398359608151533
151648,0.2650621935536991
151650,0.00436200996804027
151652,0.0034900157551604576
151653,0.0036593116633745195
151654,0.23379666771965985
151660,0.06279898704509179
151661,0.026163351719313884
151665,0.0029561490723636744
151667,0.002944517080678078
151668,0.019454062838547313
151670,0.2880837455333315
151672,0.013294888134312292
151673,0.004480374727438964
151677,0.013248092408857772
151678,0.034596064945788096
151680,0.0650713072169888
151681,0.0034354000054415005
151682,0.008568245183775582
151684,0.014448551103186233
151686,0.026607478964902523
151688,0.01466687359035841
151692,0.054424850928632536
151693,0.003949298433070841
151696,0.10182448312695966
151697,0.003779419229065412
151699,0.034691173056979614
151700,0.10010877335269328
151703,0.004350105678384147
151705,0.008415726557776292
151706,0.031530527536936546
151707,0.003141427336878518
151709,0.002819365048508318
151710,0.015129706688993062
151711,0.016722935177102626
151713,0.003909315916071669
151714,0.05482151912403335
151715,0.045279097907449224
151717,0.15474411396517757
151718,0.03502635060699601
151719,0.026092726083828087
151723,0.004812167756861037
151724,0.007455297416322565
151726,0.0028509801002433942
151727,0.1767022435138391
151729,0.00889905057218527
151730,0.038741182200225134
151734,0.008765803468558332
151737,0.0037730650689754325
151739,0.01877072095577044
151741,0.004100341161219724
151744,0.0038624580673002717
151746,0.2107938036287564
151747,0.06911342195048158
151748,0.003133546124912432
151749,0.00820171642133498
151750,0.003859735402418321
151751,0.03643597386289946
151752,0.04927552720684478
151753,0.03776386244708048
151756,0.02942786324995877
151761,0.0034291001863120474
151765,0.2615371074949969
151766,0.004051385477268164
151768,0.0061461616293777424
151769,0.07600264424591206
151771,0.010356726823058182
151772,0.0037134556866326002
151773,0.028368616727575333
151776,0.011890215111646793
151777,0.009751628007139355
151780,0.007360175295688326
151781,0.013011365172000714
151782,0.19677528884087134
151784,0.28943248619095385
151785,0.03204529609344612
151786,0.06948082997034687
151788,0.0037983082278963513
151789,0.003655634396363472
151790,0.025400806575773635
151791,0.02223842353939563
151803,0.16667181762062525
151812,0.04705562428144805
151814,0.029839849342026704
151817,0.035659134959605356
151819,0.06329482342358304
151822,0.003964708673942441
151823,0.03519795560091244
151824,0.14614116502842983
151826,0.006084452814338118
151827,0.019271438359914194
151828,0.004632126384779153
151831,0.07847916018742429
151832,0.015078493080193543
151833,0.003507534646779681
151834,0.06932223622012915
151837,0.0028854444447480214
